15.802 -1.774 0.794 74 64 52
15.841 -1.778 0.776 124 122 125
15.798 -1.773 0.793 124 113 81
15.857 -1.778 0.765 227 210 138
15.856 -1.778 0.766 227 210 138
15.869 -1.782 0.767 202 187 86
15.822 -1.771 0.776 109 114 117
15.832 -1.771 0.769 112 111 119
15.828 -1.779 0.785 110 105 112
15.868 -1.783 0.769 209 193 106
15.839 -1.779 0.779 115 113 114
15.798 -1.771 0.791 107 103 68
15.803 -1.769 0.784 150 149 85
15.846 -1.786 0.793 149 153 154
15.824 -1.780 0.793 56 50 52
15.819 -1.788 0.827 147 150 155
15.815 -1.787 0.825 163 166 171
15.792 -1.773 0.801 52 50 37
15.804 -1.782 0.818 146 147 151
15.775 -1.780 0.843 175 175 165
15.729 -1.787 0.914 166 171 164
15.746 -1.776 0.855 167 167 167
15.799 -1.779 0.813 243 244 246
15.795 -1.782 0.830 98 99 103
15.749 -1.774 0.845 168 167 163
15.759 -1.782 0.865 173 174 169
15.837 -1.788 0.806 148 148 148
15.749 -1.786 0.889 175 175 165
15.713 -1.786 0.927 34 53 111
15.809 -1.777 0.797 95 91 82
15.801 -1.775 0.796 74 64 52
15.774 -1.771 0.809 180 173 167
15.719 -1.788 0.928 162 168 192
15.774 -1.787 0.868 174 173 169
15.843 -1.787 0.796 148 151 158
15.711 -1.785 0.926 34 53 111
15.815 -1.784 0.814 156 156 158
15.848 -1.785 0.787 54 37 47
15.826 -1.789 0.821 153 154 159
15.764 -1.786 0.873 173 174 169
15.748 -1.777 0.860 169 172 165
15.762 -1.769 0.813 176 173 168
15.760 -1.779 0.855 175 171 170
15.746 -1.775 0.853 166 166 164
15.746 -1.782 0.877 168 167 172
15.854 -1.789 0.794 160 153 145
15.815 -1.786 0.821 150 153 158
15.759 -1.776 0.844 173 170 163
15.774 -1.779 0.840 174 174 166
15.775 -1.773 0.817 120 121 116
15.800 -1.786 0.839 177 172 169
15.828 -1.783 0.799 161 153 150
15.803 -1.781 0.816 205 206 208
15.724 -1.786 0.917 158 161 176
15.761 -1.772 0.826 173 169 168
15.739 -1.785 0.895 172 175 164
15.776 -1.785 0.859 175 174 172
15.836 -1.788 0.808 154 153 151
15.836 -1.785 0.799 151 149 154
15.779 -1.785 0.857 174 172 173
15.737 -1.780 0.882 167 173 161
15.803 -1.776 0.797 61 51 49
15.756 -1.779 0.858 173 169 170
15.723 -1.788 0.924 175 178 195
15.756 -1.771 0.830 173 169 166
15.780 -1.786 0.860 175 174 170
15.808 -1.788 0.838 183 179 178
15.779 -1.777 0.827 165 165 165
15.831 -1.786 0.808 153 146 153
15.796 -1.789 0.852 175 173 174
15.809 -1.786 0.828 56 57 62
15.736 -1.781 0.884 166 172 160
15.745 -1.783 0.881 170 171 166
15.755 -1.783 0.872 172 173 168
15.801 -1.782 0.824 136 139 144
15.763 -1.773 0.829 177 173 172
15.743 -1.774 0.853 166 166 166
15.762 -1.784 0.869 173 174 169
15.734 -1.780 0.884 161 169 158
15.763 -1.785 0.870 173 174 169
15.742 -1.755 0.811 166 165 163
15.757 -1.760 0.798 171 166 162
15.699 -1.738 0.842 182 185 176
15.743 -1.757 0.815 166 165 163
15.694 -1.730 0.823 182 173 168
15.691 -1.734 0.842 185 188 179
15.717 -1.729 0.776 147 138 129
15.711 -1.726 0.776 127 122 116
15.744 -1.759 0.822 166 165 161
15.749 -1.761 0.816 170 166 165
15.737 -1.753 0.816 165 164 160
15.704 -1.738 0.828 189 181 178
15.714 -1.741 0.822 154 149 146
15.731 -1.743 0.795 163 158 155
15.716 -1.743 0.824 146 141 138
15.720 -1.748 0.831 146 142 139
15.694 -1.738 0.849 194 195 189
15.689 -1.739 0.863 180 185 178
15.752 -1.761 0.811 171 168 163
15.709 -1.742 0.832 180 175 171
15.703 -1.733 0.816 183 174 175
15.735 -1.756 0.826 165 164 160
15.725 -1.753 0.837 156 155 153
15.672 -1.734 0.881 184 185 180
15.673 -1.730 0.866 188 192 178
15.711 -1.741 0.825 157 152 149
15.719 -1.738 0.799 151 152 157
15.740 -1.755 0.815 165 164 160
15.727 -1.738 0.786 164 163 159
15.702 -1.740 0.842 182 185 176
15.702 -1.735 0.826 192 183 176
15.672 -1.735 0.884 188 184 181
15.724 -1.741 0.802 159 159 161
15.746 -1.760 0.819 167 166 162
15.722 -1.750 0.833 154 153 149
15.713 -1.744 0.832 159 154 150
15.722 -1.751 0.837 154 153 149
15.696 -1.729 0.817 183 176 170
15.690 -1.740 0.864 191 194 187
15.714 -1.728 0.776 115 108 100
15.718 -1.740 0.810 153 158 161
15.711 -1.738 0.817 170 161 162
15.704 -1.734 0.818 180 171 172
15.725 -1.735 0.779 161 156 150
15.686 -1.734 0.854 196 195 191
15.752 -1.757 0.797 174 170 167
15.725 -1.746 0.816 158 157 153
15.730 -1.740 0.784 164 163 158
15.739 -1.755 0.815 165 164 160
15.713 -1.739 0.815 136 130 130
15.724 -1.740 0.798 155 153 156
15.707 -1.727 0.786 181 182 186
15.720 -1.731 0.776 160 150 140
15.685 -1.736 0.861 194 196 191
15.742 -1.754 0.806 164 165 159
15.725 -1.778 0.889 150 155 159
15.677 -1.760 0.926 34 63 139
15.699 -1.764 0.900 85 101 127
15.746 -1.764 0.827 166 165 161
15.669 -1.771 0.962 171 177 177
15.698 -1.766 0.906 39 61 170
15.721 -1.753 0.846 149 147 148
15.657 -1.736 0.910 166 166 158
15.718 -1.754 0.851 140 138 139
15.704 -1.781 0.927 32 64 141
15.680 -1.768 0.938 71 109 218
15.706 -1.765 0.891 178 182 168
15.660 -1.750 0.933 176 174 185
15.679 -1.751 0.905 87 101 148
15.711 -1.769 0.892 185 189 190
15.733 -1.763 0.846 160 160 160
15.705 -1.749 0.863 175 177 163
15.704 -1.747 0.859 185 190 170
15.732 -1.764 0.848 160 160 162
15.662 -1.736 0.903 158 164 154
15.747 -1.771 0.840 168 167 163
15.705 -1.770 0.904 47 67 128
15.692 -1.785 0.953 167 182 179
15.673 -1.760 0.932 49 67 139
15.679 -1.770 0.945 87 125 206
15.701 -1.778 0.925 38 61 154
15.665 -1.741 0.908 168 167 185
15.671 -1.779 0.975 172 178 178
15.673 -1.782 0.978 172 178 176
15.717 -1.762 0.869 108 107 115
15.751 -1.766 0.823 171 167 166
15.724 -1.761 0.855 151 150 155
15.707 -1.778 0.915 40 63 130
15.744 -1.765 0.832 167 166 162
15.697 -1.766 0.908 41 66 158
15.742 -1.767 0.841 167 166 162
15.677 -1.742 0.891 187 177 185
15.685 -1.761 0.917 53 91 174
15.679 -1.786 0.975 172 178 178
15.670 -1.754 0.925 89 103 140
15.672 -1.786 0.986 172 178 176
15.712 -1.771 0.896 151 163 187
15.661 -1.744 0.920 164 175 179
15.717 -1.763 0.871 108 107 115
15.668 -1.746 0.913 105 117 157
15.755 -1.766 0.816 173 170 165
15.672 -1.748 0.910 55 72 142
15.702 -1.759 0.885 127 118 101
15.681 -1.769 0.938 76 118 236
15.707 -1.766 0.892 178 182 168
15.700 -1.784 0.941 92 136 225
15.686 -1.767 0.928 51 85 174
15.713 -1.762 0.876 170 160 171
15.689 -1.785 0.958 172 178 178
15.708 -1.760 0.879 140 125 128
15.729 -1.770 0.866 158 160 155
15.742 -1.766 0.837 166 165 161
15.701 -1.776 0.921 40 65 155
15.669 -1.774 0.967 172 178 178
15.674 -1.745 0.902 185 192 198
15.728 -1.757 0.842 159 159 159
15.662 -1.743 0.916 160 168 179
15.727 -1.774 0.878 152 159 151
15.728 -1.759 0.846 158 158 160
15.662 -1.755 0.941 166 179 172
15.682 -1.766 0.933 42 76 176
15.742 -1.760 0.825 166 165 161
15.677 -1.764 0.934 66 95 189
15.697 -1.775 0.925 40 63 156
15.694 -1.751 0.882 156 154 159
15.675 -1.742 0.894 191 186 182
15.685 -1.756 0.907 57 90 187
15.712 -1.756 0.864 183 183 183
15.663 -1.757 0.943 164 180 179
15.726 -1.763 0.857 157 156 161
15.708 -1.765 0.889 163 161 149
15.701 -1.755 0.880 136 130 132
15.673 -1.738 0.889 194 183 191
15.660 -1.732 0.898 156 160 143
15.688 -1.746 0.881 162 162 170
15.680 -1.767 0.937 71 109 218
15.681 -1.762 0.924 45 81 159
15.683 -1.749 0.897 200 206 196
15.669 -1.752 0.923 73 91 127
15.675 -1.775 0.962 172 178 178
15.729 -1.758 0.843 159 159 159
15.659 -1.734 0.904 160 166 166
15.669 -1.762 0.944 151 177 204
15.648 -1.750 0.931 175 177 176
15.644 -1.764 0.952 176 182 182
15.632 -1.754 0.934 186 191 185
15.659 -1.774 0.970 172 178 178
15.634 -1.776 0.967 177 179 176
15.652 -1.787 0.988 175 179 178
15.652 -1.747 0.927 177 177 177
15.650 -1.777 0.973 177 179 178
15.654 -1.788 0.989 172 178 176
15.663 -1.769 0.963 172 178 178
15.659 -1.781 0.981 173 179 177
15.639 -1.780 0.975 176 178 175
15.652 -1.759 0.945 172 177 180
15.642 -1.743 0.919 205 205 203
15.607 -1.769 0.951 180 185 181
15.620 -1.769 0.954 178 183 177
15.616 -1.771 0.957 177 182 176
15.648 -1.739 0.914 185 184 182
15.614 -1.771 0.956 177 182 176
15.612 -1.776 0.962 177 182 176
15.633 -1.772 0.961 178 180 177
15.638 -1.768 0.957 179 181 178
15.654 -1.730 0.902 163 171 160
15.621 -1.767 0.951 176 181 175
15.653 -1.774 0.968 175 181 181
15.645 -1.746 0.925 178 178 178
15.648 -1.773 0.966 178 180 179
15.647 -1.756 0.940 175 181 181
15.632 -1.753 0.932 200 202 197
15.651 -1.757 0.942 173 178 181
15.621 -1.761 0.943 177 182 176
15.656 -1.739 0.916 168 174 170
15.630 -1.764 0.948 179 184 180
15.632 -1.748 0.925 207 209 204
15.618 -1.766 0.949 175 180 174
15.648 -1.776 0.970 177 179 178
15.655 -1.772 0.966 175 181 181
15.646 -1.545 0.740 212 148 84
15.575 -1.588 0.741 214 201 185
15.631 -1.590 0.752 186 188 166
15.636 -1.594 0.754 183 185 164
15.578 -1.586 0.741 217 200 184
15.643 -1.575 0.749 209 202 173
15.611 -1.571 0.742 242 226 201
15.632 -1.558 0.741 222 153 86
15.643 -1.595 0.755 194 166 154
15.660 -1.591 0.757 202 196 170
15.606 -1.574 0.742 180 174 142
15.602 -1.588 0.746 196 182 156
15.657 -1.579 0.753 191 182 167
15.620 -1.587 0.749 201 191 166
15.638 -1.551 0.740 227 155 73
15.660 -1.585 0.755 187 180 154
15.641 -1.563 0.744 173 132 104
15.622 -1.566 0.742 253 224 206
15.634 -1.567 0.744 174 148 125
15.645 -1.558 0.744 210 155 101
15.657 -1.564 0.748 177 155 134
15.630 -1.585 0.750 202 181 160
15.592 -1.590 0.745 202 187 164
15.637 -1.564 0.744 147 101 75
15.623 -1.565 0.742 253 224 206
15.598 -1.579 0.742 196 175 146
15.612 -1.584 0.746 211 186 164
15.648 -1.592 0.755 188 174 161
15.600 -1.587 0.745 196 182 156
15.622 -1.589 0.750 181 181 157
15.646 -1.571 0.748 167 160 132
15.652 -1.557 0.744 164 120 91
15.652 -1.580 0.752 195 189 175
15.604 -1.579 0.743 188 167 138
15.630 -1.571 0.745 167 164 133
15.615 -1.581 0.746 190 162 140
15.637 -1.578 0.749 203 188 159
15.632 -1.594 0.753 180 179 159
15.574 -1.786 1.002 175 179 178
15.527 -1.787 1.022 174 179 173
15.613 -1.783 0.983 177 179 174
15.622 -1.785 0.987 177 179 176
15.639 -1.788 0.991 174 179 175
15.598 -1.780 0.976 177 182 178
15.602 -1.777 0.966 176 183 176
15.580 -1.776 0.971 177 182 176
15.572 -1.780 0.987 179 181 176
15.606 -1.784 0.986 177 179 174
15.593 -1.781 0.983 176 181 177
15.598 -1.779 0.974 177 182 178
15.607 -1.784 0.986 177 179 174
15.595 -1.787 1.001 174 179 172
15.556 -1.787 1.012 175 180 176
15.607 -1.781 0.979 178 180 175
15.555 -1.783 1.000 174 180 178
15.551 -1.785 1.008 174 180 176
15.594 -1.787 0.999 174 179 172
15.573 -1.783 0.994 176 181 177
15.608 -1.779 0.972 177 182 176
15.619 -1.782 0.978 176 181 175
15.584 -1.785 0.998 175 180 174
15.579 -1.781 0.985 178 183 177
15.589 -1.780 0.981 176 181 177
15.545 -1.783 1.003 174 180 176
15.594 -1.774 0.961 177 182 176
15.557 -1.779 0.986 176 182 178
15.586 -1.786 0.999 175 180 174
15.601 -1.774 0.959 176 183 175
15.604 -1.783 0.986 174 180 176
15.607 -1.779 0.971 177 182 176
15.602 -1.782 0.981 174 180 176
15.636 -1.787 0.989 175 180 176
15.625 -1.786 0.989 177 179 176
15.609 -1.785 0.991 177 179 174
15.554 -1.784 1.001 174 180 178
15.618 -1.780 0.971 177 182 176
15.529 -1.781 0.971 179 181 176
15.551 -1.786 0.874 185 188 181
15.546 -1.780 0.954 181 183 178
15.530 -1.784 0.934 181 184 177
15.543 -1.786 0.895 183 185 180
15.572 -1.781 0.901 180 185 179
15.571 -1.779 0.935 182 184 181
15.546 -1.786 0.893 183 185 180
15.575 -1.778 0.941 181 183 180
15.547 -1.778 0.979 177 182 178
15.531 -1.786 0.912 183 186 177
15.557 -1.784 0.898 181 186 180
15.526 -1.786 0.922 181 184 175
15.596 -1.774 0.954 176 182 178
15.526 -1.787 0.912 183 186 177
15.526 -1.786 0.914 183 186 177
15.564 -1.776 0.975 179 182 175
15.583 -1.777 0.938 178 183 179
15.533 -1.785 0.924 182 185 176
15.554 -1.784 0.899 180 185 179
15.530 -1.783 0.951 181 184 177
15.589 -1.775 0.949 177 183 179
15.548 -1.781 0.945 181 183 178
15.533 -1.783 0.939 180 183 176
15.544 -1.784 0.915 182 185 176
15.526 -1.781 0.981 179 181 176
15.573 -1.781 0.909 181 183 180
15.536 -1.781 0.959 180 182 177
15.547 -1.779 0.967 179 184 178
15.539 -1.782 0.949 182 184 179
15.530 -1.784 0.937 180 183 176
15.532 -1.779 0.992 178 183 177
15.538 -1.783 0.933 181 184 177
15.568 -1.779 0.935 182 184 181
15.532 -1.782 0.956 180 182 177
15.537 -1.785 0.918 182 185 176
15.539 -1.783 0.932 181 184 177
15.530 -1.780 0.981 179 181 176
15.524 -1.785 0.934 181 184 175
15.548 -1.787 0.875 187 188 182
15.532 -1.779 0.987 177 182 176
15.524 -1.787 0.908 184 187 176
15.542 -1.783 0.932 181 184 177
15.537 -1.785 0.910 182 185 176
15.579 -1.777 0.938 181 183 180
15.576 -1.779 0.919 185 187 184
15.533 -1.787 0.891 186 185 181
15.540 -1.784 0.916 182 185 176
15.527 -1.783 0.947 181 184 177
15.564 -1.780 0.932 183 183 181
15.551 -1.787 0.867 187 188 182
15.524 -1.783 0.952 180 183 176
15.545 -1.779 0.966 179 184 178
15.534 -1.782 0.949 182 185 178
15.550 -1.778 0.969 179 184 178
15.571 -1.779 0.929 182 184 181
15.552 -1.781 0.931 181 184 177
15.540 -1.780 0.967 180 182 177
15.580 -1.775 0.965 177 182 176
15.797 -1.727 0.757 127 115 93
15.768 -1.763 0.799 177 166 164
15.787 -1.763 0.788 112 102 90
15.802 -1.765 0.781 138 138 84
15.799 -1.753 0.775 128 130 90
15.769 -1.766 0.800 180 168 168
15.804 -1.764 0.779 138 138 84
15.799 -1.746 0.769 133 134 103
15.797 -1.727 0.756 127 115 93
15.772 -1.759 0.794 177 173 164
15.809 -1.765 0.777 123 143 90
15.797 -1.748 0.772 122 124 77
15.795 -1.758 0.780 113 111 62
15.801 -1.767 0.783 150 147 92
15.785 -1.752 0.781 111 105 91
15.832 -1.765 0.765 105 117 129
15.810 -1.766 0.778 117 138 121
15.791 -1.736 0.766 93 83 47
15.814 -1.744 0.759 39 57 79
15.788 -1.767 0.791 114 104 92
15.820 -1.765 0.771 99 112 147
15.810 -1.765 0.777 117 138 121
15.820 -1.755 0.764 27 47 116
15.777 -1.738 0.775 55 50 47
15.762 -1.693 0.751 201 198 207
15.766 -1.719 0.768 181 174 156
15.773 -1.746 0.784 172 171 151
15.794 -1.727 0.758 127 112 89
15.774 -1.702 0.751 182 169 178
15.773 -1.739 0.779 176 172 160
15.777 -1.729 0.769 67 58 53
15.772 -1.726 0.770 112 102 101
15.778 -1.737 0.774 83 73 71
15.769 -1.746 0.786 175 172 153
15.764 -1.747 0.790 174 164 165
15.763 -1.719 0.770 166 147 141
15.781 -1.730 0.768 86 73 56
15.763 -1.730 0.777 183 176 170
15.772 -1.699 0.750 178 168 167
15.764 -1.744 0.788 177 167 168
15.781 -1.732 0.769 86 73 56
15.771 -1.710 0.758 116 112 111
15.770 -1.753 0.790 176 173 158
15.779 -1.698 0.746 98 88 89
15.767 -1.693 0.749 188 180 157
15.775 -1.719 0.763 80 66 65
15.866 -1.723 0.741 80 60 51
15.869 -1.685 0.740 189 148 120
15.864 -1.701 0.745 75 52 44
15.865 -1.732 0.742 96 65 44
15.867 -1.701 0.741 78 51 42
15.849 -1.748 0.757 190 165 75
15.866 -1.715 0.742 79 61 57
15.864 -1.714 0.744 86 62 52
15.858 -1.745 0.748 129 86 41
15.853 -1.752 0.753 153 122 57
15.865 -1.742 0.741 116 75 47
15.862 -1.743 0.744 146 102 67
15.853 -1.734 0.754 131 86 55
15.842 -1.693 0.755 125 102 52
15.845 -1.697 0.754 118 81 29
15.841 -1.749 0.761 194 183 121
15.851 -1.693 0.750 123 77 62
15.865 -1.664 0.740 191 138 107
15.840 -1.694 0.756 90 74 49
15.850 -1.712 0.752 139 86 54
15.860 -1.684 0.745 54 36 24
15.865 -1.687 0.743 114 83 63
15.867 -1.672 0.740 191 144 116
15.848 -1.676 0.750 118 84 57
15.857 -1.674 0.745 53 34 28
15.841 -1.707 0.757 107 81 46
15.855 -1.705 0.750 141 90 71
15.843 -1.703 0.756 108 83 42
15.858 -1.691 0.746 64 60 49
15.851 -1.725 0.754 130 89 45
15.848 -1.699 0.752 126 77 45
15.842 -1.765 0.763 146 149 78
15.842 -1.762 0.763 179 182 103
15.805 -1.725 0.753 99 90 25
15.810 -1.724 0.754 138 123 92
15.839 -1.756 0.763 195 189 129
15.835 -1.703 0.758 99 87 111
15.820 -1.736 0.757 31 46 87
15.822 -1.734 0.758 33 55 92
15.837 -1.746 0.762 210 205 114
15.815 -1.728 0.756 33 36 67
15.838 -1.761 0.763 117 129 67
15.835 -1.706 0.758 99 91 104
15.835 -1.718 0.759 145 138 86
15.823 -1.732 0.758 26 50 78
15.836 -1.736 0.761 139 135 62
15.822 -1.716 0.756 26 39 83
15.805 -1.718 0.752 143 127 102
15.820 -1.717 0.756 92 101 100
15.807 -1.711 0.755 61 37 51
15.819 -1.690 0.762 28 44 77
15.804 -1.703 0.761 137 116 95
15.804 -1.717 0.753 131 109 111
15.831 -1.680 0.763 79 78 86
15.814 -1.638 0.792 87 83 35
15.829 -1.667 0.771 86 69 61
15.821 -1.683 0.765 25 52 97
15.814 -1.644 0.789 92 92 32
15.812 -1.705 0.757 167 154 137
15.813 -1.649 0.786 87 106 78
15.813 -1.693 0.763 64 64 56
15.827 -1.695 0.756 33 39 71
15.816 -1.660 0.779 70 67 58
15.809 -1.692 0.765 51 45 93
15.834 -1.681 0.761 89 78 74
15.811 -1.684 0.768 38 51 93
15.810 -1.675 0.773 37 62 103
15.831 -1.669 0.769 109 86 68
15.820 -1.639 0.789 138 116 77
15.830 -1.670 0.768 92 77 72
15.765 -1.676 0.741 175 146 130
15.787 -1.678 0.758 132 127 107
15.789 -1.653 0.770 110 104 46
15.778 -1.653 0.761 149 139 114
15.796 -1.698 0.757 113 102 82
15.784 -1.663 0.762 141 129 131
15.797 -1.718 0.751 126 113 96
15.792 -1.638 0.778 175 165 116
15.774 -1.668 0.752 91 90 60
15.785 -1.670 0.759 144 126 142
15.794 -1.691 0.759 113 95 59
15.804 -1.673 0.774 70 48 51
15.776 -1.661 0.756 99 93 61
15.808 -1.636 0.792 50 67 85
15.805 -1.678 0.773 68 49 69
15.776 -1.680 0.749 86 82 73
15.790 -1.642 0.775 141 140 84
15.794 -1.680 0.763 124 112 70
15.802 -1.640 0.785 97 92 86
15.798 -1.675 0.769 138 112 55
15.792 -1.649 0.774 157 148 81
15.794 -1.688 0.760 131 113 77
15.797 -1.696 0.759 119 105 78
15.792 -1.658 0.770 127 117 56
15.789 -1.704 0.749 96 91 88
15.793 -1.695 0.756 90 76 73
15.779 -1.687 0.749 109 104 100
15.791 -1.676 0.762 130 127 92
15.797 -1.641 0.781 182 174 125
15.787 -1.701 0.749 119 110 111
15.788 -1.702 0.749 119 110 111
15.769 -1.671 0.747 54 51 32
15.810 -1.627 0.797 170 164 166
15.788 -1.659 0.767 115 109 83
15.775 -1.682 0.747 73 64 59
15.827 -1.649 0.780 104 77 48
15.856 -1.655 0.750 120 91 77
15.843 -1.655 0.762 106 72 45
15.825 -1.637 0.786 101 75 42
15.837 -1.639 0.774 113 78 59
15.846 -1.628 0.769 59 38 33
15.849 -1.666 0.752 76 58 48
15.843 -1.662 0.760 116 84 59
15.835 -1.622 0.782 131 94 76
15.857 -1.644 0.752 186 146 121
15.828 -1.656 0.776 102 81 54
15.859 -1.647 0.749 185 141 114
15.833 -1.638 0.778 138 91 61
15.833 -1.649 0.774 121 79 41
15.831 -1.640 0.779 125 79 46
15.850 -1.627 0.765 138 102 88
15.856 -1.653 0.750 170 133 114
15.850 -1.651 0.757 51 37 34
15.850 -1.658 0.754 64 53 51
15.856 -1.637 0.756 202 152 115
15.828 -1.628 0.786 127 93 45
15.847 -1.644 0.762 66 48 44
15.822 -1.634 0.791 94 62 41
15.864 -1.634 0.749 191 133 96
15.827 -1.640 0.783 140 94 60
15.837 -1.622 0.780 87 58 44
15.843 -1.635 0.769 70 58 42
15.850 -1.630 0.764 103 70 53
15.869 -1.641 0.742 189 136 92
15.840 -1.650 0.767 115 78 49
15.835 -1.676 0.762 101 79 66
15.860 -1.644 0.749 189 127 80
15.852 -1.661 0.751 50 35 32
15.684 -1.626 0.770 198 135 91
15.691 -1.648 0.768 204 133 81
15.669 -1.661 0.803 201 192 175
15.686 -1.665 0.783 182 185 178
15.668 -1.662 0.805 201 192 175
15.638 -1.628 0.833 186 178 165
15.689 -1.685 0.786 190 178 162
15.656 -1.605 0.799 190 178 164
15.632 -1.606 0.832 200 193 177
15.671 -1.642 0.794 194 182 168
15.658 -1.635 0.809 193 185 166
15.674 -1.627 0.784 135 104 76
15.623 -1.621 0.850 207 204 187
15.648 -1.620 0.817 182 177 155
15.692 -1.700 0.788 179 185 181
15.666 -1.629 0.795 196 189 173
15.647 -1.626 0.819 182 175 159
15.674 -1.602 0.774 181 131 94
15.632 -1.638 0.845 218 216 203
15.663 -1.643 0.804 189 180 163
15.699 -1.704 0.779 188 183 164
15.600 -1.606 0.876 207 209 206
15.678 -1.618 0.774 191 136 97
15.692 -1.679 0.780 197 197 199
15.646 -1.622 0.820 179 172 154
15.607 -1.606 0.866 210 210 208
15.675 -1.663 0.796 142 132 120
15.665 -1.613 0.790 195 174 155
15.663 -1.643 0.805 188 180 161
15.669 -1.615 0.786 157 125 100
15.656 -1.633 0.810 184 178 156
15.624 -1.603 0.842 193 185 172
15.644 -1.641 0.829 187 181 169
15.687 -1.637 0.770 209 130 100
15.666 -1.634 0.797 196 190 174
15.656 -1.641 0.814 189 180 163
15.688 -1.647 0.772 198 131 78
15.667 -1.637 0.797 194 182 170
15.683 -1.641 0.777 178 125 93
15.625 -1.635 0.853 200 200 198
15.683 -1.657 0.783 121 123 101
15.672 -1.611 0.780 173 128 95
15.647 -1.623 0.819 179 172 154
15.687 -1.632 0.767 201 136 106
15.600 -1.610 0.877 206 211 205
15.684 -1.663 0.784 133 142 125
15.652 -1.624 0.813 170 165 145
15.672 -1.652 0.797 203 191 175
15.656 -1.653 0.818 197 188 173
15.624 -1.603 0.842 193 185 172
15.667 -1.608 0.786 174 149 129
15.667 -1.624 0.792 199 184 163
15.639 -1.611 0.826 209 202 183
15.631 -1.640 0.846 230 230 220
15.637 -1.628 0.834 186 178 165
15.648 -1.617 0.815 179 175 150
15.654 -1.621 0.808 196 180 164
15.678 -1.666 0.793 153 135 123
15.653 -1.620 0.809 184 173 151
15.694 -1.693 0.782 182 182 170
15.662 -1.670 0.817 194 184 174
15.708 -1.718 0.772 168 152 139
15.668 -1.664 0.806 194 185 168
15.635 -1.622 0.834 187 180 164
15.683 -1.642 0.777 168 121 93
15.651 -1.614 0.810 185 174 154
15.659 -1.668 0.820 190 181 172
15.691 -1.698 0.789 183 194 190
15.694 -1.672 0.774 142 129 123
15.676 -1.619 0.778 177 127 90
15.661 -1.631 0.802 198 191 173
15.661 -1.623 0.800 191 182 165
15.688 -1.656 0.777 168 109 93
15.624 -1.619 0.848 196 193 174
15.682 -1.649 0.781 172 117 96
15.636 -1.614 0.830 203 196 178
15.707 -1.703 0.768 147 130 120
15.659 -1.628 0.804 192 186 164
15.697 -1.681 0.774 167 172 165
15.677 -1.658 0.791 121 109 93
15.678 -1.676 0.797 136 140 123
15.653 -1.635 0.815 195 186 169
15.618 -1.619 0.856 194 191 186
15.682 -1.642 0.779 168 121 93
15.688 -1.657 0.776 168 109 93
15.672 -1.604 0.778 170 127 95
15.691 -1.670 0.777 153 155 152
15.689 -1.643 0.770 207 133 86
15.680 -1.653 0.785 132 120 98
15.664 -1.615 0.792 197 180 162
15.685 -1.649 0.777 177 121 88
15.647 -1.649 0.828 184 176 165
15.647 -1.647 0.827 196 186 177
15.668 -1.628 0.792 190 177 160
15.641 -1.629 0.829 204 196 185
15.657 -1.634 0.810 184 178 156
15.714 -1.683 0.753 185 132 88
15.705 -1.646 0.751 205 144 87
15.704 -1.669 0.760 191 133 85
15.711 -1.694 0.761 195 141 97
15.714 -1.677 0.751 187 132 93
15.700 -1.654 0.760 196 138 92
15.710 -1.692 0.761 173 120 78
15.705 -1.639 0.748 151 118 101
15.701 -1.639 0.753 198 135 81
15.693 -1.618 0.756 178 132 99
15.686 -1.611 0.761 192 138 92
15.687 -1.622 0.764 190 131 87
15.702 -1.637 0.752 158 111 81
15.712 -1.650 0.744 233 239 253
15.699 -1.656 0.762 199 136 93
15.699 -1.657 0.762 199 136 93
15.713 -1.660 0.747 181 137 98
15.711 -1.715 0.766 107 80 61
15.689 -1.618 0.760 195 142 98
15.700 -1.667 0.764 198 127 81
15.713 -1.719 0.766 116 85 65
15.708 -1.678 0.758 196 132 84
15.689 -1.612 0.759 188 135 91
15.715 -1.667 0.747 189 131 93
15.713 -1.708 0.761 151 110 82
15.700 -1.653 0.760 196 138 92
15.685 -1.606 0.761 190 133 88
15.588 -1.705 0.852 187 183 174
15.581 -1.764 0.912 198 199 194
15.567 -1.746 0.862 183 186 179
15.578 -1.727 0.861 181 182 174
15.593 -1.764 0.935 181 186 182
15.571 -1.744 0.868 180 183 176
15.582 -1.719 0.859 197 197 187
15.565 -1.760 0.875 182 185 178
15.577 -1.744 0.878 182 184 179
15.575 -1.729 0.858 190 190 182
15.589 -1.730 0.885 209 210 205
15.579 -1.764 0.906 191 192 187
15.593 -1.752 0.920 227 227 219
15.580 -1.732 0.871 180 183 176
15.582 -1.756 0.905 199 200 195
15.562 -1.755 0.863 184 185 179
15.592 -1.702 0.856 194 187 179
15.584 -1.749 0.900 203 203 195
15.578 -1.751 0.890 187 188 183
15.568 -1.750 0.870 183 186 179
15.585 -1.754 0.907 204 204 196
15.568 -1.742 0.860 184 185 179
15.577 -1.762 0.901 191 192 187
15.588 -1.735 0.889 207 209 204
15.587 -1.739 0.892 202 204 199
15.594 -1.705 0.864 203 200 195
15.575 -1.746 0.878 181 186 180
15.582 -1.764 0.913 198 199 194
15.590 -1.726 0.883 210 211 205
15.594 -1.718 0.881 209 208 203
15.587 -1.706 0.854 198 191 181
15.575 -1.751 0.884 181 186 180
15.592 -1.727 0.888 211 210 205
15.595 -1.715 0.880 211 208 203
15.590 -1.697 0.846 116 113 108
15.589 -1.741 0.898 204 204 196
15.590 -1.743 0.902 204 204 196
15.591 -1.762 0.927 207 209 206
15.565 -1.752 0.865 182 185 178
15.587 -1.744 0.898 206 206 198
15.570 -1.744 0.866 181 184 177
15.585 -1.706 0.849 202 199 190
15.584 -1.733 0.879 184 187 180
15.590 -1.755 0.918 214 215 209
15.591 -1.745 0.907 208 208 200
15.554 -1.641 0.817 179 175 163
15.537 -1.693 0.775 226 222 210
15.541 -1.683 0.787 221 219 207
15.548 -1.661 0.801 220 217 210
15.555 -1.716 0.845 186 189 180
15.547 -1.670 0.801 203 203 195
15.550 -1.740 0.833 186 189 182
15.538 -1.705 0.782 203 200 193
15.533 -1.746 0.781 196 198 193
15.544 -1.679 0.793 217 218 210
15.531 -1.732 0.768 220 216 207
15.553 -1.739 0.845 185 188 181
15.543 -1.722 0.804 194 197 188
15.532 -1.759 0.779 197 199 194
15.552 -1.673 0.818 189 187 172
15.549 -1.683 0.811 190 191 177
15.549 -1.755 0.834 187 190 183
15.554 -1.683 0.828 193 190 175
15.556 -1.699 0.840 185 190 184
15.554 -1.667 0.824 179 176 159
15.554 -1.712 0.841 187 190 183
15.549 -1.733 0.828 189 192 185
15.532 -1.738 0.775 203 204 198
15.553 -1.654 0.816 200 196 184
15.545 -1.729 0.815 190 190 180
15.545 -1.727 0.814 189 189 179
15.549 -1.692 0.815 198 195 180
15.532 -1.704 0.762 222 219 202
15.542 -1.697 0.792 203 204 198
15.546 -1.731 0.818 196 197 189
15.545 -1.682 0.800 192 193 187
15.533 -1.745 0.778 197 200 193
15.542 -1.757 0.813 191 192 186
15.539 -1.760 0.802 196 197 191
15.529 -1.729 0.763 230 223 213
15.555 -1.644 0.821 175 172 155
15.545 -1.720 0.811 199 197 185
15.552 -1.690 0.823 200 197 180
15.540 -1.697 0.786 208 207 202
15.529 -1.756 0.769 201 203 198
15.542 -1.672 0.788 226 224 212
15.541 -1.687 0.788 219 217 205
15.538 -1.697 0.780 221 216 210
15.551 -1.737 0.835 187 190 183
15.543 -1.693 0.795 202 203 197
15.547 -1.715 0.817 201 198 189
15.544 -1.756 0.817 190 193 186
15.545 -1.738 0.817 192 195 188
15.541 -1.715 0.796 196 199 190
15.557 -1.701 0.842 185 190 184
15.548 -1.696 0.813 198 196 183
15.551 -1.736 0.836 187 190 183
15.543 -1.712 0.802 195 201 191
15.541 -1.705 0.792 204 205 199
15.545 -1.705 0.806 195 195 185
15.534 -1.736 0.781 199 202 195
15.547 -1.745 0.825 187 190 183
15.549 -1.656 0.806 210 207 200
15.528 -1.714 0.755 224 221 202
15.550 -1.729 0.832 185 188 181
15.541 -1.687 0.786 221 219 207
15.532 -1.714 0.767 227 221 209
15.555 -1.652 0.824 160 158 137
15.535 -1.731 0.781 201 202 196
15.547 -1.693 0.809 197 197 185
15.535 -1.719 0.778 205 202 195
15.552 -1.745 0.842 185 188 181
15.525 -1.753 0.756 222 219 210
15.538 -1.753 0.797 193 194 188
15.551 -1.683 0.818 201 199 184
15.548 -1.740 0.826 186 189 182
15.554 -1.750 0.849 183 186 179
15.533 -1.729 0.776 204 201 194
15.555 -1.736 0.850 185 188 181
15.549 -1.669 0.810 199 196 189
15.545 -1.713 0.811 198 196 184
15.544 -1.674 0.792 220 220 208
15.551 -1.746 0.838 188 191 184
15.545 -1.723 0.811 199 197 185
15.536 -1.700 0.774 229 222 214
15.533 -1.745 0.778 197 200 193
15.549 -1.676 0.809 193 193 183
15.553 -1.654 0.816 200 196 184
15.541 -1.750 0.807 196 196 188
15.553 -1.685 0.827 193 190 175
15.540 -1.686 0.784 221 219 207
15.551 -1.679 0.817 192 190 175
15.545 -1.712 0.809 198 196 184
15.542 -1.720 0.801 194 197 188
15.541 -1.721 0.798 195 198 189
15.549 -1.725 0.825 189 190 184
15.564 -1.678 0.835 220 218 205
15.589 -1.691 0.842 191 190 186
15.580 -1.673 0.835 218 209 200
15.578 -1.676 0.836 220 213 203
15.571 -1.726 0.852 200 200 192
15.572 -1.677 0.835 223 217 205
15.579 -1.665 0.832 178 169 152
15.563 -1.703 0.844 194 195 189
15.562 -1.662 0.829 196 193 174
15.574 -1.685 0.838 212 212 204
15.563 -1.703 0.843 194 195 189
15.563 -1.744 0.858 184 185 179
15.564 -1.706 0.845 194 195 187
15.572 -1.675 0.835 223 217 205
15.562 -1.736 0.855 184 185 177
15.582 -1.702 0.845 197 198 190
15.555 -1.635 0.819 179 173 159
15.558 -1.757 0.862 185 186 180
15.575 -1.664 0.831 185 176 159
15.564 -1.744 0.858 184 185 179
15.558 -1.639 0.821 174 167 149
15.582 -1.668 0.834 188 178 169
15.563 -1.719 0.849 186 186 174
15.583 -1.707 0.847 210 207 198
15.574 -1.709 0.847 206 206 194
15.576 -1.723 0.852 196 196 186
15.860 -1.759 0.750 91 82 67
15.856 -1.760 0.751 145 123 126
15.869 -1.781 0.764 93 83 71
15.858 -1.774 0.762 142 130 116
15.867 -1.751 0.741 191 162 132
15.864 -1.772 0.758 93 83 81
15.867 -1.766 0.753 99 94 88
15.846 -1.630 0.757 41 26 33
15.817 -1.618 0.785 75 67 90
15.841 -1.625 0.769 78 59 53
15.780 -1.632 0.747 131 133 60
15.779 -1.622 0.772 121 113 77
15.806 -1.622 0.773 39 36 43
15.782 -1.626 0.764 130 137 86
15.862 -1.632 0.751 186 128 88
15.764 -1.632 0.747 66 37 5
15.802 -1.626 0.764 88 81 63
15.780 -1.631 0.751 120 126 56
15.760 -1.632 0.747 182 146 110
15.804 -1.622 0.774 86 69 62
15.782 -1.635 0.741 129 136 59
15.737 -1.633 0.745 193 137 102
15.788 -1.630 0.754 96 87 54
15.769 -1.625 0.766 125 122 77
15.832 -1.631 0.753 54 56 94
15.751 -1.632 0.747 196 142 98
15.869 -1.636 0.744 198 136 95
15.823 -1.635 0.743 27 25 39
15.820 -1.612 0.800 106 79 36
15.797 -1.627 0.762 45 43 44
15.760 -1.631 0.749 146 111 81
15.820 -1.636 0.740 31 23 34
15.842 -1.624 0.770 78 59 53
15.800 -1.622 0.773 73 66 38
15.866 -1.635 0.746 189 130 90
15.819 -1.628 0.761 27 32 64
15.778 -1.629 0.756 123 130 60
15.745 -1.632 0.748 192 130 89
15.833 -1.625 0.767 106 83 65
15.818 -1.629 0.758 25 27 42
15.863 -1.637 0.741 188 134 98
15.778 -1.634 0.743 109 116 49
15.841 -1.635 0.745 45 43 54
15.841 -1.634 0.747 58 48 47
15.769 -1.629 0.754 112 103 62
15.836 -1.623 0.774 76 52 40
15.804 -1.626 0.764 79 67 41
15.848 -1.632 0.752 69 44 22
15.832 -1.631 0.753 54 56 94
15.799 -1.615 0.791 33 37 46
15.774 -1.622 0.774 144 135 104
15.775 -1.623 0.769 157 154 101
15.763 -1.635 0.741 153 133 109
15.848 -1.632 0.750 69 44 22
15.759 -1.626 0.762 115 90 70
15.811 -1.625 0.768 27 26 44
15.793 -1.622 0.774 66 61 29
15.801 -1.615 0.790 28 30 43
15.794 -1.617 0.787 137 138 106
15.792 -1.619 0.789 168 161 107
15.773 -1.649 0.760 107 100 81
15.755 -1.665 0.740 181 152 120
15.783 -1.637 0.773 123 116 90
15.776 -1.622 0.777 129 119 107
15.761 -1.654 0.750 166 142 116
15.792 -1.628 0.784 179 167 119
15.766 -1.652 0.754 92 76 53
15.762 -1.652 0.751 150 130 105
15.781 -1.621 0.780 117 115 90
15.753 -1.637 0.754 180 147 116
15.755 -1.656 0.745 179 149 121
15.754 -1.661 0.741 170 149 120
15.745 -1.652 0.741 184 130 102
15.766 -1.665 0.747 140 123 105
15.758 -1.661 0.744 165 139 114
15.756 -1.645 0.751 161 137 111
15.768 -1.653 0.755 63 52 32
15.761 -1.653 0.750 150 130 105
15.758 -1.647 0.752 153 131 107
15.797 -1.618 0.792 36 44 46
15.738 -1.635 0.746 204 136 91
15.744 -1.652 0.741 195 136 106
15.761 -1.655 0.749 166 142 116
15.796 -1.618 0.791 98 102 75
15.757 -1.631 0.760 155 135 111
15.782 -1.630 0.776 125 114 92
15.789 -1.638 0.776 126 117 88
15.728 -1.706 0.757 194 144 121
15.730 -1.692 0.752 187 134 80
15.743 -1.692 0.749 175 128 102
15.740 -1.677 0.744 216 238 236
15.739 -1.677 0.744 216 238 236
15.723 -1.707 0.758 214 137 91
15.745 -1.686 0.746 215 208 200
15.736 -1.673 0.743 208 242 252
15.720 -1.670 0.745 178 132 116
15.726 -1.661 0.740 180 190 192
15.740 -1.674 0.742 216 237 238
15.736 -1.665 0.740 135 116 99
15.729 -1.666 0.741 208 234 249
15.757 -1.710 0.763 237 232 236
15.746 -1.719 0.768 185 168 160
15.725 -1.724 0.768 198 166 151
15.736 -1.701 0.754 142 111 82
15.746 -1.689 0.747 179 169 160
15.749 -1.732 0.777 169 161 150
15.755 -1.689 0.748 191 196 202
15.736 -1.706 0.758 200 184 168
15.731 -1.708 0.759 188 150 127
15.722 -1.716 0.763 185 129 94
15.734 -1.705 0.756 200 184 168
15.755 -1.708 0.761 230 229 234
15.746 -1.692 0.749 165 152 143
15.732 -1.721 0.768 179 133 109
15.743 -1.722 0.770 182 168 159
15.753 -1.720 0.769 186 175 169
15.755 -1.703 0.758 216 215 220
15.731 -1.723 0.769 200 167 152
15.742 -1.733 0.777 164 161 152
15.756 -1.720 0.770 195 185 183
15.757 -1.747 0.788 169 161 159
15.729 -1.731 0.774 166 162 163
15.734 -1.718 0.766 192 138 104
15.752 -1.722 0.770 186 175 169
15.753 -1.683 0.744 184 183 181
15.756 -1.756 0.795 171 166 160
15.751 -1.755 0.793 170 167 160
15.677 -1.585 0.745 191 125 77
15.670 -1.576 0.746 188 134 87
15.690 -1.602 0.744 172 133 90
15.670 -1.578 0.751 181 122 82
15.685 -1.600 0.752 176 144 121
15.665 -1.570 0.749 146 109 67
15.675 -1.587 0.754 193 129 91
15.670 -1.579 0.752 181 122 82
15.683 -1.598 0.754 177 137 111
15.676 -1.591 0.758 186 128 91
15.679 -1.694 0.806 133 129 118
15.623 -1.638 0.860 211 210 206
15.690 -1.703 0.794 190 195 189
15.701 -1.716 0.783 176 176 174
15.642 -1.660 0.845 207 203 202
15.593 -1.606 0.886 208 209 201
15.653 -1.714 0.884 159 164 158
15.628 -1.674 0.892 224 223 221
15.666 -1.691 0.831 213 212 207
15.675 -1.706 0.827 219 216 209
15.689 -1.716 0.811 192 182 181
15.614 -1.643 0.886 214 210 207
15.661 -1.707 0.859 160 161 155
15.690 -1.707 0.797 183 188 184
15.640 -1.666 0.857 160 157 150
15.666 -1.723 0.869 177 178 172
15.651 -1.669 0.836 211 207 204
15.643 -1.660 0.843 223 219 218
15.687 -1.723 0.822 178 175 166
15.644 -1.675 0.859 154 154 142
15.659 -1.707 0.864 152 154 149
15.601 -1.620 0.885 208 207 202
15.639 -1.697 0.898 191 190 188
15.650 -1.669 0.839 214 210 209
15.652 -1.709 0.883 160 163 156
15.626 -1.652 0.871 212 209 204
15.678 -1.726 0.847 209 209 201
15.671 -1.722 0.857 192 193 187
15.618 -1.642 0.875 228 224 221
15.678 -1.693 0.807 133 129 118
15.700 -1.719 0.788 191 193 192
15.612 -1.641 0.886 213 209 206
15.621 -1.662 0.893 216 215 213
15.659 -1.682 0.836 214 213 209
15.653 -1.710 0.880 162 165 158
15.629 -1.662 0.876 200 200 200
15.648 -1.705 0.888 169 170 165
15.665 -1.719 0.867 173 174 168
15.681 -1.725 0.839 208 208 200
15.667 -1.716 0.858 188 189 183
15.617 -1.635 0.868 221 220 216
15.628 -1.671 0.890 222 221 219
15.674 -1.706 0.832 214 214 206
15.612 -1.628 0.871 212 211 207
15.640 -1.667 0.858 160 157 150
15.662 -1.711 0.862 161 162 156
15.644 -1.669 0.851 164 161 156
15.620 -1.649 0.880 220 216 215
15.615 -1.637 0.876 220 216 213
15.605 -1.630 0.889 209 206 201
15.665 -1.712 0.857 190 191 185
15.672 -1.687 0.814 194 185 170
15.607 -1.632 0.888 208 205 200
15.705 -1.719 0.780 173 170 165
15.637 -1.670 0.869 159 161 150
15.689 -1.721 0.815 188 180 177
15.657 -1.727 0.893 157 163 161
15.661 -1.715 0.869 163 164 158
15.613 -1.630 0.871 213 212 208
15.682 -1.723 0.833 192 192 184
15.673 -1.728 0.860 191 190 185
15.658 -1.701 0.861 152 154 153
15.675 -1.691 0.811 175 167 154
15.677 -1.706 0.825 211 208 199
15.662 -1.697 0.849 208 210 199
15.684 -1.706 0.811 163 160 151
15.650 -1.665 0.833 217 214 207
15.685 -1.702 0.803 175 178 171
15.625 -1.646 0.864 210 207 202
15.655 -1.730 0.900 167 169 164
15.599 -1.614 0.882 209 210 204
15.662 -1.721 0.874 161 162 156
15.641 -1.679 0.871 176 177 169
15.699 -1.724 0.798 185 181 182
15.675 -1.693 0.814 183 177 165
15.652 -1.707 0.880 161 164 157
15.663 -1.692 0.840 208 209 203
15.657 -1.692 0.851 192 189 180
15.652 -1.671 0.836 212 208 205
15.686 -1.721 0.821 174 171 162
15.665 -1.710 0.855 204 205 199
15.606 -1.630 0.888 208 205 200
15.649 -1.674 0.847 171 170 165
15.642 -1.694 0.887 170 171 166
15.630 -1.664 0.877 196 196 198
15.639 -1.697 0.896 191 190 188
15.633 -1.667 0.873 183 184 176
15.672 -1.701 0.831 212 212 204
15.665 -1.728 0.877 170 171 165
15.619 -1.633 0.863 219 218 216
15.693 -1.719 0.804 187 179 177
15.636 -1.656 0.853 178 174 173
15.654 -1.702 0.872 159 161 156
15.652 -1.705 0.878 163 166 159
15.643 -1.694 0.884 172 173 168
15.618 -1.652 0.887 211 209 210
15.625 -1.645 0.865 217 214 209
15.647 -1.668 0.844 207 203 202
15.669 -1.689 0.823 220 216 207
15.660 -1.717 0.875 152 157 150
15.675 -1.693 0.815 183 177 165
15.655 -1.716 0.884 158 163 157
15.678 -1.693 0.808 133 129 118
15.673 -1.719 0.848 211 210 205
15.599 -1.738 0.941 218 223 219
15.624 -1.679 0.899 221 221 221
15.609 -1.677 0.908 213 213 211
15.605 -1.642 0.895 213 210 203
15.638 -1.695 0.898 191 190 188
15.604 -1.631 0.891 209 206 201
15.611 -1.761 0.943 178 182 181
15.610 -1.662 0.900 208 207 203
15.608 -1.686 0.912 210 211 206
15.601 -1.644 0.898 215 212 205
15.612 -1.729 0.928 206 203 198
15.594 -1.655 0.908 210 209 205
15.612 -1.722 0.925 206 205 201
15.614 -1.751 0.937 195 199 198
15.615 -1.673 0.902 213 213 211
15.615 -1.682 0.906 207 207 207
15.617 -1.728 0.925 206 202 199
15.633 -1.733 0.917 204 203 199
15.612 -1.679 0.907 212 212 210
15.611 -1.702 0.917 201 201 193
15.599 -1.770 0.954 177 182 176
15.610 -1.650 0.895 207 206 202
15.616 -1.690 0.909 201 203 200
15.638 -1.737 0.916 201 202 197
15.634 -1.703 0.904 222 218 215
15.641 -1.721 0.906 186 187 182
15.621 -1.732 0.924 206 205 201
15.597 -1.737 0.941 214 218 217
15.646 -1.726 0.905 174 175 170
15.623 -1.675 0.898 221 221 221
15.598 -1.650 0.903 215 210 207
15.626 -1.700 0.907 210 211 206
15.611 -1.678 0.907 213 213 211
15.616 -1.686 0.907 206 206 204
15.598 -1.703 0.926 218 218 210
15.607 -1.658 0.901 209 205 202
15.618 -1.698 0.911 206 207 202
15.617 -1.675 0.902 214 214 214
15.632 -1.701 0.904 218 214 211
15.601 -1.646 0.900 212 212 204
15.621 -1.716 0.917 212 214 211
15.601 -1.669 0.909 211 207 206
15.615 -1.742 0.932 203 200 193
15.623 -1.700 0.909 207 208 203
15.634 -1.703 0.904 222 218 215
15.619 -1.751 0.933 203 204 199
15.606 -1.751 0.942 187 189 184
15.597 -1.674 0.914 209 205 204
15.594 -1.664 0.912 212 206 206
15.612 -1.692 0.912 204 206 201
15.617 -1.753 0.936 201 205 204
15.609 -1.653 0.897 209 208 204
15.615 -1.723 0.924 206 205 201
15.603 -1.754 0.945 178 183 177
15.597 -1.690 0.921 201 200 195
15.635 -1.742 0.920 198 199 194
15.624 -1.721 0.917 208 207 203
15.635 -1.706 0.903 212 208 205
15.638 -1.722 0.909 212 211 207
15.618 -1.753 0.935 201 205 204
15.628 -1.721 0.915 209 208 204
15.600 -1.710 0.927 220 220 212
15.599 -1.602 0.869 204 203 199
15.603 -1.595 0.768 205 196 179
15.575 -1.598 0.830 188 177 157
15.581 -1.596 0.803 192 183 168
15.606 -1.601 0.847 198 186 172
15.620 -1.601 0.827 192 180 164
15.635 -1.601 0.816 193 186 170
15.569 -1.596 0.814 200 188 172
15.640 -1.600 0.799 196 186 174
15.597 -1.601 0.847 186 177 162
15.643 -1.600 0.799 184 180 168
15.638 -1.599 0.788 182 168 155
15.656 -1.599 0.774 191 180 162
15.617 -1.601 0.835 204 192 176
15.658 -1.600 0.779 194 183 165
15.633 -1.596 0.757 177 172 152
15.584 -1.595 0.783 186 180 164
15.618 -1.595 0.751 195 184 166
15.605 -1.601 0.843 201 187 174
15.593 -1.600 0.843 184 172 158
15.580 -1.597 0.821 186 175 157
15.627 -1.597 0.769 194 187 169
15.661 -1.601 0.790 198 189 174
15.602 -1.595 0.777 194 185 168
15.604 -1.596 0.788 195 186 171
15.637 -1.601 0.807 204 195 180
15.630 -1.597 0.775 194 187 169
15.640 -1.600 0.798 196 186 174
15.605 -1.603 0.867 213 214 209
15.650 -1.601 0.802 191 189 176
15.582 -1.597 0.810 198 189 172
15.614 -1.599 0.809 184 175 158
15.671 -1.600 0.762 174 129 90
15.583 -1.600 0.852 188 180 161
15.577 -1.591 0.748 199 190 173
15.596 -1.599 0.833 187 175 161
15.621 -1.598 0.792 183 171 157
15.664 -1.599 0.767 198 178 153
15.604 -1.594 0.758 182 171 153
15.568 -1.590 0.741 209 206 187
15.579 -1.597 0.823 186 175 157
15.582 -1.601 0.860 219 213 199
15.657 -1.600 0.776 195 184 166
15.570 -1.596 0.820 194 181 165
15.658 -1.600 0.781 198 191 175
15.593 -1.595 0.785 191 184 168
15.571 -1.591 0.750 208 201 182
15.630 -1.601 0.820 189 181 168
15.568 -1.590 0.746 189 184 165
15.590 -1.596 0.796 189 179 167
15.593 -1.592 0.748 183 175 156
15.651 -1.601 0.804 196 185 167
15.584 -1.594 0.776 194 187 171
15.571 -1.596 0.817 197 184 168
15.561 -1.592 0.779 188 179 164
15.627 -1.600 0.810 184 175 158
15.615 -1.598 0.790 180 168 154
15.596 -1.600 0.835 187 175 161
15.586 -1.598 0.821 202 190 174
15.553 -1.589 0.741 221 217 205
15.610 -1.598 0.807 188 179 162
15.618 -1.600 0.819 193 184 167
15.600 -1.599 0.821 194 182 168
15.667 -1.601 0.778 158 135 117
15.580 -1.593 0.766 188 179 162
15.548 -1.589 0.750 229 223 209
15.609 -1.602 0.853 183 176 160
15.590 -1.598 0.815 188 179 162
15.642 -1.602 0.815 178 169 152
15.576 -1.591 0.747 194 187 168
15.579 -1.600 0.850 183 175 156
15.569 -1.592 0.759 199 192 173
15.641 -1.599 0.780 189 179 169
15.624 -1.598 0.787 198 189 174
15.568 -1.596 0.816 199 186 170
15.654 -1.601 0.794 186 180 164
15.617 -1.602 0.848 198 186 172
15.649 -1.598 0.758 191 182 165
15.566 -1.590 0.747 165 160 141
15.603 -1.594 0.760 180 171 154
15.595 -1.596 0.795 191 182 167
15.587 -1.596 0.795 185 175 163
15.678 -1.600 0.764 191 132 88
15.586 -1.600 0.852 196 189 171
15.572 -1.593 0.776 188 181 165
15.633 -1.602 0.827 202 195 179
15.594 -1.597 0.810 180 171 154
15.571 -1.594 0.785 190 183 167
15.601 -1.595 0.775 194 185 168
15.586 -1.600 0.847 179 170 153
15.592 -1.601 0.862 226 222 211
15.582 -1.596 0.799 181 171 159
15.606 -1.599 0.818 188 179 162
15.569 -1.590 0.746 189 184 165
15.584 -1.593 0.759 192 181 163
15.597 -1.595 0.776 184 177 159
15.612 -1.601 0.834 193 181 167
15.559 -1.592 0.777 205 195 183
15.588 -1.594 0.772 201 194 176
15.596 -1.731 0.914 190 190 182
15.596 -1.705 0.881 211 208 203
15.596 -1.701 0.886 212 208 207
15.594 -1.658 0.883 209 206 201
15.593 -1.652 0.883 205 202 197
15.595 -1.690 0.861 203 200 193
15.594 -1.660 0.866 202 199 192
15.594 -1.674 0.849 163 162 157
15.594 -1.661 0.903 212 208 207
15.596 -1.699 0.865 208 205 198
15.595 -1.686 0.886 212 209 204
15.596 -1.694 0.909 210 207 200
15.595 -1.680 0.890 213 210 205
15.596 -1.726 0.934 220 222 217
15.595 -1.677 0.887 211 207 204
15.597 -1.748 0.932 221 226 220
15.594 -1.655 0.877 208 205 200
15.595 -1.708 0.910 211 208 203
15.593 -1.638 0.886 207 204 197
15.594 -1.665 0.854 160 159 154
15.597 -1.742 0.943 177 181 180
15.594 -1.657 0.882 209 206 201
15.595 -1.713 0.892 212 208 205
15.596 -1.733 0.937 216 218 215
15.598 -1.767 0.949 176 183 176
15.595 -1.685 0.908 210 207 202
15.596 -1.722 0.935 223 224 218
15.593 -1.652 0.873 202 199 192
15.596 -1.716 0.895 212 208 205
15.594 -1.669 0.879 208 205 198
15.595 -1.709 0.911 211 208 203
15.596 -1.699 0.912 211 208 201
15.594 -1.662 0.874 207 204 197
15.595 -1.707 0.906 210 207 202
15.595 -1.681 0.899 213 209 206
15.597 -1.738 0.911 192 192 184
15.592 -1.624 0.895 207 204 199
15.593 -1.651 0.873 202 199 192
15.595 -1.706 0.869 210 207 202
15.594 -1.664 0.869 203 200 193
15.596 -1.718 0.896 211 208 203
15.594 -1.662 0.890 212 208 205
15.593 -1.647 0.901 212 208 205
15.597 -1.735 0.935 219 221 218
15.596 -1.705 0.905 210 207 202
15.596 -1.695 0.866 207 204 197
15.594 -1.654 0.907 212 208 205
15.595 -1.688 0.882 211 208 203
15.596 -1.696 0.864 208 205 198
15.593 -1.647 0.864 173 170 165
15.596 -1.696 0.892 212 208 207
15.596 -1.726 0.907 209 206 201
15.596 -1.720 0.900 210 207 202
15.594 -1.657 0.857 161 160 156
15.595 -1.710 0.899 211 207 204
15.596 -1.694 0.896 212 208 205
15.594 -1.673 0.858 205 205 197
15.593 -1.640 0.869 204 201 194
15.596 -1.722 0.923 220 220 212
15.592 -1.629 0.880 202 199 190
15.595 -1.687 0.903 212 208 205
15.596 -1.695 0.864 207 204 197
15.598 -1.756 0.948 178 185 178
15.596 -1.695 0.907 208 205 200
15.595 -1.685 0.866 200 200 192
15.593 -1.644 0.874 206 203 196
15.594 -1.658 0.902 212 208 205
15.565 -1.644 0.825 185 177 158
15.584 -1.631 0.860 221 218 213
15.590 -1.634 0.865 139 138 133
15.593 -1.678 0.842 215 212 207
15.579 -1.654 0.839 198 190 177
15.581 -1.658 0.839 205 197 184
15.575 -1.654 0.832 195 184 166
15.583 -1.638 0.854 210 207 200
15.581 -1.645 0.846 219 212 204
15.578 -1.643 0.844 208 199 190
15.575 -1.625 0.851 222 216 204
15.573 -1.643 0.838 186 174 160
15.591 -1.670 0.844 220 217 212
15.583 -1.627 0.861 220 217 212
15.592 -1.679 0.840 215 212 207
15.582 -1.630 0.857 212 209 204
15.583 -1.626 0.862 220 217 212
15.578 -1.622 0.857 218 213 207
15.586 -1.630 0.862 191 190 185
15.588 -1.620 0.872 122 121 116
15.585 -1.660 0.843 212 208 199
15.570 -1.625 0.845 197 190 172
15.576 -1.617 0.858 207 203 194
15.572 -1.627 0.845 199 192 174
15.579 -1.629 0.854 214 210 201
15.589 -1.675 0.838 220 215 209
15.575 -1.655 0.832 196 185 167
15.553 -1.780 0.860 185 187 182
15.573 -1.773 0.902 184 185 180
15.571 -1.781 0.898 182 187 181
15.553 -1.774 0.857 186 187 181
15.553 -1.767 0.856 185 186 181
15.556 -1.782 0.866 185 187 182
15.564 -1.776 0.882 183 188 182
15.545 -1.779 0.842 185 188 181
15.540 -1.781 0.830 190 191 185
15.564 -1.772 0.881 185 187 182
15.558 -1.778 0.868 186 187 181
15.569 -1.771 0.892 184 186 181
15.586 -1.773 0.929 196 201 195
15.545 -1.787 0.844 186 187 181
15.554 -1.782 0.861 185 187 182
15.558 -1.771 0.866 185 186 180
15.564 -1.772 0.881 185 187 182
15.548 -1.786 0.850 185 186 180
15.558 -1.784 0.871 185 186 180
15.568 -1.773 0.890 184 186 181
15.580 -1.608 0.861 219 215 206
15.554 -1.631 0.814 218 212 200
15.548 -1.599 0.767 226 220 208
15.545 -1.591 0.754 227 223 211
15.554 -1.593 0.779 191 184 166
15.574 -1.613 0.850 179 171 158
15.578 -1.607 0.856 204 198 186
15.550 -1.594 0.767 230 224 212
15.551 -1.621 0.795 225 219 207
15.556 -1.624 0.812 197 191 177
15.564 -1.616 0.825 189 181 162
15.561 -1.607 0.810 182 174 153
15.562 -1.611 0.817 206 197 180
15.559 -1.622 0.819 194 188 174
15.581 -1.610 0.866 216 213 208
15.559 -1.629 0.825 186 177 162
15.550 -1.596 0.770 230 224 212
15.576 -1.599 0.841 189 178 160
15.557 -1.629 0.820 184 178 166
15.569 -1.618 0.840 192 181 161
15.567 -1.623 0.841 191 183 164
15.565 -1.618 0.832 193 182 164
15.555 -1.598 0.784 186 178 167
15.553 -1.592 0.776 186 179 161
15.548 -1.609 0.778 228 220 209
15.555 -1.632 0.816 183 177 165
15.560 -1.627 0.826 191 182 165
15.545 -1.596 0.757 225 221 209
15.562 -1.613 0.819 186 177 160
15.548 -1.591 0.761 211 207 195
15.579 -1.608 0.858 211 207 196
15.559 -1.613 0.809 205 197 178
15.538 -1.618 0.744 228 224 213
15.551 -1.629 0.799 236 230 216
15.540 -1.606 0.744 225 221 209
15.535 -1.666 0.755 225 221 209
15.536 -1.676 0.766 224 220 208
15.539 -1.667 0.770 227 219 206
15.539 -1.617 0.748 227 223 212
15.530 -1.689 0.746 226 220 208
15.531 -1.703 0.756 227 221 207
15.537 -1.678 0.770 227 221 209
15.533 -1.667 0.747 227 223 211
15.529 -1.708 0.756 226 220 206
15.547 -1.612 0.777 225 219 207
15.542 -1.596 0.749 224 220 208
15.550 -1.633 0.797 231 225 211
15.548 -1.632 0.789 222 215 205
15.531 -1.704 0.756 227 221 207
15.532 -1.663 0.741 225 221 209
15.534 -1.655 0.746 225 221 209
15.530 -1.697 0.748 229 223 211
15.550 -1.649 0.805 228 224 213
15.546 -1.645 0.789 223 217 203
15.529 -1.688 0.741 227 221 209
15.544 -1.648 0.783 222 218 206
15.540 -1.612 0.747 226 222 211
15.536 -1.636 0.742 226 222 210
15.532 -1.658 0.741 225 221 209
15.542 -1.668 0.783 225 221 209
15.543 -1.627 0.768 228 221 211
15.544 -1.627 0.771 227 220 210
15.545 -1.640 0.783 222 218 206
15.541 -1.657 0.774 223 217 203
15.541 -1.625 0.759 224 220 209
15.538 -1.622 0.747 229 225 214
15.544 -1.639 0.777 223 219 207
15.533 -1.688 0.756 228 222 210
15.545 -1.643 0.785 223 217 205
15.535 -1.646 0.745 225 221 209
15.535 -1.683 0.765 226 220 208
15.538 -1.663 0.764 223 219 207
15.534 -1.648 0.744 225 221 209
15.548 -1.622 0.786 223 216 208
15.540 -1.600 0.744 228 224 212
15.551 -1.624 0.797 226 220 208
15.547 -1.658 0.799 226 222 211
15.546 -1.614 0.775 222 216 204
15.545 -1.604 0.762 227 223 211
15.547 -1.627 0.785 226 219 209
15.532 -1.664 0.741 225 221 209
15.534 -1.675 0.755 223 219 207
15.540 -1.649 0.767 224 220 208
15.543 -1.610 0.759 224 220 208
15.533 -1.670 0.750 227 223 211
15.533 -1.688 0.758 228 222 210
15.545 -1.649 0.785 224 218 206
15.541 -1.624 0.759 224 220 209
15.541 -1.623 0.758 224 220 209
15.543 -1.647 0.776 222 218 206
15.542 -1.642 0.770 223 219 207
15.531 -1.675 0.744 230 224 212
15.526 -1.763 0.765 201 200 195
15.546 -1.763 0.827 187 190 183
15.548 -1.763 0.836 185 187 182
15.545 -1.763 0.827 187 190 183
15.526 -1.764 0.767 200 199 194
15.528 -1.760 0.767 199 201 196
15.537 -1.766 0.803 192 191 186
15.531 -1.771 0.794 197 196 191
15.534 -1.776 0.810 190 193 186
15.525 -1.770 0.772 197 198 192
15.545 -1.766 0.828 188 189 183
15.539 -1.769 0.816 191 192 184
15.556 -1.764 0.861 184 186 183
15.534 -1.768 0.799 196 195 190
15.525 -1.773 0.778 196 199 192
15.535 -1.766 0.799 194 193 188
15.534 -1.780 0.815 190 193 186
15.531 -1.782 0.810 190 193 186
