17.491 0.003 0.055 36 57 182
17.491 0.005 0.058 33 60 189
17.492 -0.011 0.050 45 58 137
17.488 0.000 0.046 36 55 175
17.487 0.001 0.045 40 55 174
17.492 -0.005 0.053 38 55 159
17.488 -0.008 0.040 44 57 151
17.490 0.006 0.056 33 60 189
17.493 0.143 0.362 10 10 10
17.498 0.149 0.364 10 19 16
17.468 0.145 0.329 212 227 208
17.480 0.145 0.344 215 220 216
17.470 0.147 0.329 210 224 209
17.481 0.187 0.306 189 196 178
17.484 0.183 0.313 207 220 203
17.475 0.145 0.338 186 198 194
17.493 0.163 0.344 207 203 200
17.464 0.143 0.325 223 235 213
17.467 0.137 0.335 162 176 161
17.498 0.148 0.364 6 15 12
17.493 0.143 0.362 10 10 10
17.480 0.140 0.349 209 211 210
17.468 0.139 0.335 162 176 161
17.489 0.136 0.365 20 16 17
17.476 0.140 0.344 204 213 212
17.483 0.189 0.306 186 194 173
17.484 0.154 0.341 216 219 210
17.500 0.145 0.370 14 14 16
17.492 0.100 0.333 43 44 36
17.494 0.121 0.357 8 13 7
17.496 0.131 0.370 18 18 18
17.488 0.122 0.351 11 15 18
17.468 0.129 0.329 183 207 217
17.481 0.113 0.331 17 33 93
17.472 0.132 0.338 196 199 204
17.477 0.132 0.345 154 159 155
17.491 0.103 0.334 35 33 34
17.474 0.125 0.332 156 171 212
17.486 0.111 0.335 6 10 9
17.494 0.121 0.356 8 13 7
17.464 0.136 0.330 192 213 216
17.487 0.099 0.324 68 92 218
17.499 0.116 0.359 6 9 14
17.473 0.119 0.325 54 80 175
17.474 0.119 0.327 106 132 207
17.485 0.121 0.344 11 15 18
17.494 0.099 0.334 43 44 36
17.481 0.136 0.354 39 39 39
17.493 0.119 0.353 6 10 9
17.487 0.102 0.328 11 21 106
17.492 0.059 0.303 27 23 60
17.484 0.081 0.311 18 26 73
17.469 0.073 0.294 19 28 87
17.467 0.030 0.266 20 22 83
17.481 0.093 0.316 0 24 149
17.476 0.102 0.317 23 43 178
17.447 0.022 0.245 33 32 64
17.493 0.051 0.299 20 17 64
17.458 0.042 0.266 22 29 75
17.481 0.075 0.304 12 20 83
17.460 0.129 0.321 205 214 209
17.484 0.099 0.322 39 70 212
17.478 0.055 0.290 21 24 77
17.466 0.111 0.314 27 31 66
17.495 0.045 0.297 19 13 85
17.477 0.082 0.306 12 18 78
17.477 0.111 0.323 8 32 168
17.472 0.079 0.300 21 29 91
17.483 0.092 0.317 0 24 149
17.467 0.072 0.291 18 25 80
17.479 0.053 0.290 18 20 71
17.468 0.096 0.307 30 30 82
17.471 0.037 0.273 19 20 85
17.472 0.119 0.323 78 107 177
17.468 0.078 0.296 15 24 81
17.475 0.089 0.309 15 23 86
17.453 0.047 0.265 27 26 57
17.454 0.027 0.253 21 25 63
17.491 0.069 0.309 24 17 59
17.492 0.075 0.313 14 28 77
17.458 0.028 0.258 20 24 69
17.454 0.068 0.279 25 27 50
17.457 0.078 0.287 29 29 57
17.495 0.064 0.309 27 24 71
17.474 0.033 0.273 18 18 78
17.473 0.040 0.277 21 23 84
17.456 0.027 0.255 20 24 69
17.453 0.046 0.264 24 28 63
17.483 0.047 0.289 21 23 62
17.495 0.063 0.308 27 24 71
17.455 0.069 0.280 25 27 50
17.470 0.040 0.274 18 22 86
17.478 0.070 0.299 15 27 67
17.466 0.070 0.289 19 25 83
17.481 0.082 0.309 25 31 81
17.477 0.107 0.321 23 43 190
17.488 0.044 0.291 24 26 67
17.490 0.068 0.308 27 25 74
17.481 0.062 0.296 16 31 54
17.460 0.057 0.276 25 32 78
17.475 0.015 0.279 13 25 65
17.492 0.016 0.303 7 15 54
17.496 0.019 0.307 1 12 57
17.475 0.025 0.274 17 19 67
17.489 0.018 0.297 15 20 60
17.485 0.025 0.288 19 22 65
17.490 0.013 0.301 16 21 59
17.495 0.019 0.306 1 12 57
17.494 0.036 0.297 8 15 59
17.464 0.013 0.264 19 22 67
17.469 0.015 0.271 18 22 67
17.476 0.012 0.281 16 23 69
17.492 0.016 0.303 12 20 59
17.480 0.029 0.279 22 19 66
17.487 0.033 0.287 15 18 59
17.466 -0.052 0.013 110 116 104
17.463 -0.049 0.011 131 137 127
17.472 -0.049 0.019 160 168 153
17.468 -0.041 0.017 93 104 98
17.488 -0.035 0.035 96 103 129
17.490 -0.027 0.038 109 118 151
17.471 -0.048 0.018 130 140 129
17.480 -0.008 0.031 40 52 150
17.489 -0.025 0.037 75 81 131
17.465 -0.048 0.013 131 137 127
17.482 -0.054 0.027 155 163 142
17.486 -0.027 0.034 112 119 163
17.479 0.012 0.033 38 62 212
17.469 -0.043 0.016 93 104 98
17.482 -0.021 0.031 72 77 141
17.469 -0.051 0.016 139 145 131
17.485 -0.002 0.036 41 54 168
17.484 -0.033 0.032 99 106 122
17.461 -0.049 0.009 107 110 103
17.475 -0.041 0.023 92 102 103
17.475 0.192 0.279 33 53 210
17.453 0.196 0.289 32 51 215
17.468 0.201 0.283 29 53 224
17.478 0.170 0.276 29 40 155
17.455 0.187 0.288 41 58 198
17.444 0.200 0.294 31 53 217
17.461 0.196 0.286 25 52 217
17.464 0.201 0.285 29 57 219
17.473 0.181 0.279 33 47 196
17.471 0.184 0.280 29 46 211
17.440 0.199 0.295 34 58 220
17.447 0.196 0.292 36 52 223
17.474 0.182 0.279 33 48 191
17.480 0.188 0.302 198 202 185
17.477 0.169 0.282 204 212 189
17.464 0.147 0.315 158 158 148
17.474 0.164 0.287 206 223 204
17.469 0.160 0.306 205 216 208
17.476 0.166 0.282 204 211 195
17.482 0.184 0.277 216 213 194
17.462 0.143 0.319 205 214 193
17.466 0.149 0.308 172 177 171
17.480 0.178 0.282 212 223 189
17.477 0.175 0.294 178 186 205
17.484 0.192 0.280 210 220 212
17.464 0.148 0.314 163 164 156
17.465 0.151 0.317 156 157 151
17.468 0.158 0.312 217 223 219
17.448 0.047 0.245 27 31 66
17.451 0.087 0.248 26 28 49
17.453 0.115 0.255 19 21 46
17.454 0.096 0.284 40 40 48
17.452 0.072 0.276 94 97 106
17.457 0.124 0.309 16 15 21
17.458 0.134 0.315 214 219 213
17.452 0.089 0.267 22 27 46
17.455 0.128 0.269 30 29 45
17.455 0.114 0.288 50 50 58
17.455 0.126 0.274 42 34 57
17.454 0.097 0.283 42 42 52
17.453 0.091 0.282 61 60 66
17.455 0.127 0.262 23 24 45
17.448 0.042 0.247 24 27 58
17.454 0.108 0.280 34 37 46
17.453 0.097 0.273 35 34 52
17.457 0.133 0.300 38 39 59
17.453 0.103 0.262 28 29 49
17.454 0.127 0.257 17 19 42
17.452 0.097 0.259 18 20 41
17.451 0.066 0.272 72 74 87
17.452 0.088 0.263 25 30 50
17.456 0.132 0.274 36 34 48
17.453 0.082 0.277 35 34 40
17.454 0.117 0.265 26 24 46
17.452 0.084 0.269 34 37 52
17.452 0.076 0.277 73 73 81
17.455 0.117 0.286 48 49 54
17.449 0.052 0.247 28 33 62
17.448 0.051 0.244 28 32 67
17.458 0.132 0.308 29 31 43
17.452 0.081 0.272 39 42 51
17.450 0.070 0.248 39 28 42
17.456 0.113 0.299 10 7 14
17.453 0.107 0.261 29 27 48
17.455 0.120 0.271 30 27 46
17.454 0.103 0.272 38 33 53
17.450 0.060 0.266 96 93 104
17.452 0.102 0.250 19 23 50
17.455 0.125 0.274 36 31 51
17.455 0.113 0.286 47 47 55
17.458 0.133 0.306 35 34 48
17.494 0.002 0.068 31 57 178
17.485 0.002 0.085 27 55 188
17.491 -0.004 0.098 30 49 143
17.487 -0.002 0.099 26 54 177
17.486 0.005 0.074 35 56 201
17.487 -0.005 0.109 23 44 171
17.488 0.006 0.064 40 61 178
17.479 -0.038 0.116 44 48 93
17.488 -0.014 0.134 44 45 93
17.468 -0.017 0.022 43 45 96
17.459 -0.046 0.013 128 130 119
17.473 -0.044 0.095 45 53 99
17.457 -0.053 0.011 114 116 103
17.477 -0.024 0.086 47 52 92
17.488 -0.024 0.151 45 49 97
17.464 -0.040 0.035 47 49 70
17.460 -0.048 0.019 103 104 96
17.480 -0.016 0.090 46 48 97
17.485 -0.002 0.097 46 49 94
17.480 -0.017 0.091 46 48 97
17.480 -0.035 0.119 46 50 95
17.489 -0.023 0.152 44 48 96
17.474 -0.036 0.085 41 49 95
17.462 -0.035 0.013 134 136 125
17.460 -0.041 0.011 75 77 66
17.479 -0.017 0.086 47 50 95
17.468 -0.036 0.053 47 50 105
17.481 -0.013 0.091 47 47 107
17.479 -0.039 0.121 45 49 94
17.476 0.000 0.039 47 50 91
17.482 -0.052 0.157 46 50 98
17.464 -0.033 0.022 53 58 64
17.474 -0.018 0.059 47 52 90
17.468 -0.028 0.036 45 48 99
17.475 -0.046 0.107 43 50 96
17.483 -0.037 0.141 45 47 95
17.462 -0.047 0.034 137 139 126
17.482 -0.049 0.155 46 50 97
17.469 -0.028 0.043 52 58 92
17.489 -0.019 0.149 43 47 95
17.469 -0.029 0.044 50 54 102
17.469 -0.032 0.047 47 51 96
17.476 -0.008 0.050 45 49 94
17.467 -0.033 0.038 45 47 98
17.484 -0.022 0.124 45 47 95
17.487 -0.011 0.125 46 48 96
17.465 -0.050 0.054 48 51 66
17.465 -0.029 0.025 49 50 80
17.481 -0.050 0.151 46 50 97
17.473 -0.017 0.049 45 51 103
17.467 -0.043 0.055 46 47 101
17.480 -0.001 0.065 48 51 96
17.473 -0.006 0.035 48 51 94
17.475 -0.021 0.067 45 48 89
17.477 0.004 0.042 48 51 92
17.474 -0.039 0.091 41 50 89
17.478 -0.005 0.058 48 52 97
17.468 -0.044 0.062 45 49 96
17.486 -0.010 0.114 45 47 95
17.473 -0.004 0.029 47 51 96
17.489 -0.023 0.151 45 49 97
17.478 -0.015 0.078 49 52 87
17.472 -0.045 0.087 43 49 97
17.485 -0.019 0.124 46 47 95
17.485 -0.029 0.142 46 48 97
17.480 -0.007 0.076 48 51 96
17.486 -0.030 0.146 46 48 97
17.458 -0.050 0.014 136 138 125
17.486 -0.051 0.183 44 48 95
17.476 -0.040 0.102 43 50 92
17.486 -0.012 0.117 46 48 96
17.460 -0.048 0.020 68 70 59
17.467 -0.047 0.065 43 46 97
17.471 -0.043 0.080 42 50 99
17.478 -0.023 0.090 46 52 84
17.482 -0.044 0.142 47 50 95
17.477 -0.031 0.092 45 51 101
17.470 -0.024 0.042 51 57 89
17.476 -0.050 0.118 45 52 98
17.474 -0.023 0.068 47 49 98
17.476 -0.018 0.067 48 50 91
17.476 -0.022 0.073 47 48 104
17.479 -0.048 0.135 45 49 94
17.465 -0.042 0.040 55 55 79
17.469 -0.033 0.052 52 56 104
17.485 -0.031 0.144 46 48 97
17.481 -0.018 0.101 46 48 96
17.483 -0.013 0.102 46 48 97
17.476 -0.025 0.080 47 51 99
17.466 -0.030 0.027 45 47 85
17.487 -0.019 0.132 47 48 96
17.483 -0.015 0.106 46 48 97
17.466 -0.051 0.060 47 49 87
17.481 0.000 0.068 48 51 96
17.488 -0.045 0.181 47 49 98
17.478 -0.038 0.111 47 52 94
17.459 0.168 0.166 20 26 88
17.464 0.159 0.228 21 28 82
17.459 0.142 0.244 29 28 68
17.452 0.170 0.118 24 28 89
17.462 0.164 0.200 25 29 92
17.471 0.171 0.229 16 23 91
17.461 0.169 0.174 14 22 84
17.452 0.168 0.123 16 25 90
17.458 0.164 0.175 17 26 85
17.451 0.174 0.098 18 22 83
17.461 0.154 0.224 18 28 81
17.453 0.143 0.207 26 28 67
17.453 0.167 0.132 19 28 83
17.473 0.169 0.247 14 27 97
17.457 0.175 0.134 12 22 83
17.463 0.149 0.250 32 32 82
17.461 0.167 0.180 16 24 86
17.460 0.157 0.206 17 21 82
17.463 0.170 0.187 15 21 83
17.464 0.157 0.232 24 27 82
17.465 0.153 0.246 28 27 84
17.455 0.169 0.142 17 25 74
17.471 0.164 0.255 16 29 99
17.452 0.164 0.136 21 29 78
17.455 0.162 0.158 18 24 72
17.458 0.164 0.169 19 23 86
17.454 0.169 0.133 17 28 84
17.452 0.175 0.101 16 20 81
17.459 0.143 0.241 28 27 67
17.454 0.149 0.192 29 33 80
17.465 0.152 0.254 28 31 84
17.457 0.150 0.207 29 31 79
17.471 0.168 0.243 15 28 96
17.468 0.161 0.245 25 29 90
17.467 0.161 0.241 23 28 86
17.461 0.161 0.201 18 22 85
17.453 0.145 0.200 27 30 71
17.452 0.165 0.130 18 26 88
17.461 0.170 0.171 10 20 79
17.452 0.154 0.163 25 29 74
17.457 0.167 0.154 16 22 70
17.458 0.153 0.206 29 32 83
17.452 0.154 0.163 25 29 74
17.455 0.140 0.227 28 27 67
17.468 0.157 0.255 27 33 93
17.445 0.150 0.266 10 11 3
17.455 0.134 0.254 29 31 52
17.427 0.192 0.298 54 70 166
17.475 0.165 0.274 24 31 119
17.456 0.153 0.267 40 42 55
17.460 0.157 0.269 28 32 70
17.470 0.159 0.270 20 28 101
17.459 0.152 0.266 25 27 48
17.450 0.143 0.261 38 39 43
17.433 0.189 0.295 51 62 177
17.448 0.181 0.288 52 56 120
17.441 0.178 0.287 15 18 7
17.465 0.170 0.278 41 47 141
17.439 0.158 0.272 4 9 3
17.452 0.145 0.262 38 37 51
17.453 0.181 0.287 48 59 149
17.451 0.154 0.268 21 23 20
17.457 0.175 0.283 38 48 120
17.469 0.172 0.279 37 44 148
17.441 0.181 0.288 27 23 82
17.451 0.091 0.235 24 21 50
17.450 0.131 0.166 23 26 77
17.450 0.131 0.158 21 24 75
17.452 0.135 0.194 27 30 73
17.451 0.139 0.176 30 32 81
17.449 0.152 0.104 15 22 74
17.449 0.099 0.179 23 28 68
17.452 0.148 0.180 26 30 77
17.447 0.073 0.186 18 23 65
17.452 0.127 0.220 25 25 59
17.450 0.164 0.112 17 22 80
17.447 0.067 0.203 21 23 64
17.452 0.127 0.219 25 25 59
17.452 0.122 0.209 28 32 70
17.449 0.129 0.136 16 22 72
17.452 0.134 0.198 30 33 76
17.446 0.044 0.212 15 18 49
17.451 0.138 0.165 20 25 81
17.451 0.113 0.214 27 28 72
17.448 0.106 0.152 19 23 70
17.450 0.148 0.137 21 25 86
17.448 0.073 0.214 27 29 67
17.448 0.107 0.162 20 24 71
17.450 0.146 0.140 20 26 88
17.449 0.088 0.214 23 29 63
17.449 0.126 0.141 15 21 71
17.449 0.116 0.161 21 25 73
17.449 0.168 0.094 15 20 76
17.449 0.073 0.235 26 25 56
17.447 0.068 0.189 20 23 64
17.448 0.092 0.184 22 27 69
17.448 0.089 0.181 22 25 70
17.447 0.061 0.201 22 24 63
17.451 0.116 0.196 25 27 78
17.449 0.118 0.153 22 26 74
17.449 0.116 0.169 22 30 79
17.452 0.136 0.197 28 31 74
17.449 0.085 0.201 22 30 66
17.450 0.086 0.234 27 24 51
17.449 0.120 0.148 18 24 72
17.449 0.082 0.223 27 28 58
17.450 0.090 0.221 36 33 64
17.451 0.122 0.206 28 31 72
17.453 0.126 0.235 23 24 54
17.448 0.083 0.200 26 29 72
17.452 0.145 0.182 29 33 78
17.451 0.158 0.135 21 27 79
17.448 0.115 0.145 16 22 70
17.451 0.142 0.164 22 25 76
17.450 0.125 0.173 24 29 84
17.450 0.091 0.220 36 33 64
17.449 0.138 0.136 20 25 80
17.450 0.135 0.155 18 25 79
17.448 0.130 0.131 15 21 71
17.451 0.151 0.165 27 32 72
17.450 0.114 0.180 24 30 82
17.451 0.128 0.189 27 28 84
17.449 0.145 0.122 20 24 72
17.450 0.113 0.178 24 30 82
17.449 0.067 0.243 22 27 49
17.449 0.135 0.142 18 30 72
17.448 0.072 0.199 21 24 67
17.453 0.136 0.208 28 28 66
17.451 0.087 0.244 26 26 52
17.453 0.119 0.247 21 21 47
17.449 0.088 0.196 23 31 68
17.453 0.142 0.203 27 29 68
17.449 0.099 0.184 24 29 69
17.448 0.134 0.121 13 20 72
17.451 0.121 0.203 27 29 77
17.452 0.150 0.175 28 32 79
17.446 0.047 0.208 16 19 50
17.450 0.087 0.220 34 29 59
17.449 0.171 0.086 16 21 77
17.452 0.118 0.231 23 26 61
17.453 0.136 0.215 28 26 65
17.447 0.043 0.232 27 31 56
17.451 0.106 0.226 23 27 64
17.448 0.067 0.212 24 26 65
17.450 0.169 0.103 17 22 80
17.448 0.139 0.116 13 20 72
17.452 0.108 0.246 19 20 48
17.450 0.148 0.136 21 26 84
17.452 0.119 0.225 23 26 61
17.449 0.163 0.094 14 19 74
17.450 0.089 0.229 30 27 56
17.448 0.072 0.202 21 24 65
17.451 0.146 0.172 26 28 76
17.447 0.059 0.203 22 24 63
17.452 0.134 0.206 26 25 65
17.447 0.088 0.171 20 18 68
17.450 0.096 0.210 29 33 68
17.449 0.113 0.163 22 26 74
17.450 0.083 0.228 36 31 61
17.449 0.086 0.209 25 31 65
17.450 0.153 0.134 22 27 83
17.448 0.114 0.144 16 22 70
17.453 0.122 0.247 20 20 48
17.450 0.163 0.121 20 25 83
17.450 0.134 0.169 25 25 79
17.449 0.104 0.186 24 31 75
17.453 0.123 0.228 26 26 60
17.450 0.120 0.185 25 27 84
17.450 0.115 0.186 30 33 86
17.447 0.130 0.322 14 13 21
17.403 0.118 0.315 174 181 173
17.388 0.160 0.328 200 207 215
17.417 0.108 0.313 179 185 185
17.448 0.136 0.324 29 25 39
17.402 0.147 0.324 204 216 216
17.441 0.124 0.320 8 12 11
17.375 0.067 0.297 145 152 145
17.396 0.097 0.308 179 184 178
17.412 0.099 0.310 176 180 179
17.428 0.117 0.316 84 91 97
17.431 0.135 0.322 43 54 46
17.386 0.112 0.312 200 203 192
17.409 0.163 0.330 110 128 116
17.380 0.093 0.306 191 196 190
17.433 0.130 0.321 18 27 22
17.377 0.106 0.310 190 197 190
17.375 0.064 0.296 148 157 152
17.417 0.109 0.313 179 185 185
17.407 0.152 0.327 168 179 183
17.394 0.165 0.330 194 202 204
17.413 0.118 0.316 188 197 194
17.424 0.142 0.324 169 183 183
17.385 0.105 0.310 192 195 186
17.378 0.068 0.298 155 161 157
17.408 0.112 0.314 182 188 176
17.398 0.141 0.322 198 210 208
17.379 0.072 0.299 192 202 193
17.399 0.108 0.312 184 187 180
17.443 0.128 0.321 13 14 16
17.384 0.092 0.306 184 189 183
17.419 0.109 0.313 187 192 195
17.412 0.144 0.324 190 201 207
17.380 0.126 0.316 200 202 197
17.384 0.139 0.321 204 210 210
17.395 0.170 0.332 198 203 199
17.393 0.148 0.324 204 212 214
17.405 0.091 0.307 185 189 188
17.397 0.173 0.333 215 220 216
17.380 0.123 0.315 200 202 197
17.389 0.110 0.312 182 185 174
17.398 0.176 0.334 207 209 206
17.397 0.136 0.321 198 210 208
17.394 0.081 0.303 193 199 195
17.405 0.167 0.331 149 160 156
17.379 0.071 0.298 180 190 181
17.415 0.109 0.313 186 191 187
17.399 0.167 0.331 193 203 202
17.434 0.150 0.328 0 10 53
17.417 0.142 0.324 140 154 157
17.392 0.180 0.334 209 210 205
17.434 0.098 0.258 13 23 15
17.421 0.061 0.261 193 203 213
17.428 0.061 0.257 192 193 187
17.409 0.067 0.269 188 201 209
17.437 0.086 0.254 4 10 10
17.432 0.023 0.248 18 17 23
17.445 0.086 0.250 97 99 112
17.391 0.058 0.278 188 190 187
17.404 0.042 0.268 187 198 192
17.375 0.060 0.288 152 165 158
17.424 0.065 0.259 191 200 205
17.409 0.042 0.265 171 176 182
17.434 0.046 0.250 113 136 178
17.445 0.038 0.243 25 26 54
17.438 0.103 0.257 2 7 1
17.434 0.078 0.255 24 25 27
17.433 0.056 0.252 202 206 205
17.410 0.042 0.264 171 176 182
17.437 0.067 0.252 57 55 58
17.433 0.034 0.249 27 36 51
17.450 0.077 0.246 41 34 52
17.416 0.070 0.265 184 197 205
17.445 0.069 0.247 87 77 88
17.387 0.044 0.278 173 179 167
17.442 0.072 0.250 82 74 85
17.383 0.052 0.282 147 157 146
17.431 0.033 0.250 60 77 93
17.422 0.070 0.261 188 197 206
17.447 0.113 0.253 75 77 76
17.443 0.063 0.247 116 106 115
17.441 0.104 0.255 17 19 16
17.372 0.054 0.289 131 146 141
17.441 0.047 0.246 19 43 79
17.387 0.066 0.282 190 196 194
17.422 0.028 0.255 57 74 102
17.411 0.057 0.266 183 193 195
17.442 0.076 0.250 91 83 96
17.375 0.054 0.287 134 149 142
17.411 0.048 0.264 169 173 184
17.443 0.021 0.241 14 15 33
17.435 0.038 0.248 68 88 123
17.412 0.040 0.263 173 177 186
17.397 0.072 0.277 193 198 204
17.385 0.060 0.282 160 167 159
17.404 0.052 0.269 184 189 192
17.393 0.043 0.275 168 174 164
17.429 0.037 0.252 94 121 166
17.441 0.070 0.250 77 70 78
17.448 0.051 0.243 25 32 60
17.426 0.030 0.253 79 102 118
17.453 0.124 0.251 23 22 54
17.442 0.115 0.256 14 16 5
17.387 0.070 0.282 181 187 185
17.434 0.071 0.254 19 19 21
17.422 0.058 0.260 182 192 202
17.419 0.029 0.257 112 125 167
17.407 0.091 0.305 161 165 164
17.387 0.073 0.291 188 197 192
17.449 0.127 0.282 15 15 15
17.409 0.092 0.294 187 194 187
17.419 0.101 0.284 183 191 180
17.422 0.104 0.303 187 192 196
17.383 0.070 0.292 167 177 169
17.454 0.130 0.263 48 47 61
17.421 0.103 0.296 185 192 184
17.442 0.122 0.306 10 12 0
17.407 0.091 0.302 190 195 191
17.404 0.087 0.286 194 200 196
17.401 0.084 0.281 198 204 204
17.456 0.135 0.321 24 27 44
17.398 0.083 0.295 186 192 190
17.455 0.133 0.299 25 28 35
17.439 0.117 0.262 5 7 2
17.402 0.086 0.299 189 195 193
17.422 0.104 0.297 185 192 184
17.442 0.120 0.278 10 10 10
17.454 0.132 0.322 18 20 33
17.453 0.131 0.306 11 15 18
17.408 0.091 0.284 193 199 195
17.442 0.120 0.263 4 4 2
17.435 0.115 0.276 9 14 18
17.434 0.113 0.271 22 27 33
17.406 0.089 0.294 187 193 189
17.454 0.132 0.305 14 17 22
17.416 0.098 0.288 195 202 194
17.450 0.127 0.277 29 29 31
17.441 0.119 0.264 4 4 2
17.394 0.079 0.300 193 199 195
17.417 0.100 0.292 183 190 182
17.414 0.097 0.307 181 186 182
17.427 0.108 0.295 91 100 97
17.384 0.070 0.293 167 177 169
17.453 0.129 0.264 48 48 60
17.454 0.130 0.266 48 47 61
17.439 0.117 0.269 14 16 15
17.430 0.110 0.281 50 61 65
17.432 0.113 0.314 50 59 58
17.451 0.128 0.269 45 45 47
17.415 0.097 0.296 183 190 183
17.443 0.122 0.299 9 13 0
17.473 0.018 0.301 14 20 96
17.463 0.017 0.281 16 23 77
17.429 0.030 0.286 161 175 178
17.424 0.030 0.277 150 170 181
17.409 0.040 0.293 183 190 200
17.379 0.050 0.292 138 149 141
17.452 0.017 0.265 28 32 67
17.474 0.017 0.296 19 20 85
17.478 0.016 0.303 15 21 71
17.458 0.015 0.266 14 21 65
17.404 0.040 0.286 189 195 195
17.393 0.042 0.281 172 182 173
17.461 0.015 0.269 15 22 68
17.443 0.016 0.248 16 16 40
17.396 0.043 0.289 179 186 179
17.479 0.014 0.298 16 22 70
17.439 0.018 0.250 14 15 36
17.408 0.035 0.273 176 185 180
17.430 0.027 0.273 137 162 202
17.433 0.025 0.269 93 120 173
17.469 0.022 0.308 20 27 81
17.394 0.043 0.285 164 174 165
17.427 0.023 0.251 18 24 38
17.452 0.020 0.276 23 33 68
17.406 0.039 0.287 189 195 195
17.387 0.045 0.284 167 177 166
17.402 0.039 0.282 176 182 178
17.481 0.017 0.311 18 22 70
17.421 0.027 0.259 86 97 127
17.455 0.019 0.277 24 32 71
17.414 0.035 0.283 173 182 181
17.464 0.020 0.293 19 21 80
17.469 0.021 0.306 13 19 79
17.440 0.031 0.302 15 24 23
17.468 0.017 0.287 17 21 69
17.451 0.024 0.291 57 48 65
17.430 0.029 0.281 165 184 191
17.471 0.017 0.294 19 20 85
17.445 0.017 0.256 20 20 46
17.456 0.019 0.277 23 25 66
17.481 0.013 0.295 16 20 67
17.442 0.027 0.290 180 174 178
17.422 0.029 0.268 138 158 191
17.434 0.029 0.286 183 196 212
17.404 0.039 0.285 189 195 195
17.400 0.040 0.282 166 175 170
17.480 0.018 0.315 17 20 71
17.417 0.034 0.281 180 192 190
17.486 0.016 0.316 18 19 67
17.424 0.030 0.274 141 162 183
17.442 0.016 0.247 18 18 42
17.487 0.013 0.304 18 21 66
17.429 0.030 0.283 167 182 185
17.482 0.013 0.296 16 20 67
17.447 0.015 0.250 18 19 49
17.479 -0.040 0.287 37 71 168
17.480 -0.006 0.312 18 21 74
17.440 -0.006 0.307 93 114 145
17.445 -0.023 0.296 19 15 30
17.443 -0.031 0.289 10 12 24
17.450 -0.010 0.305 18 25 41
17.445 -0.035 0.287 22 37 66
17.461 -0.006 0.309 27 31 58
17.444 -0.045 0.280 46 70 194
17.409 -0.027 0.290 19 18 34
17.413 -0.028 0.289 24 22 36
17.381 -0.021 0.292 21 18 37
17.488 -0.037 0.290 36 68 177
17.444 -0.036 0.286 124 148 194
17.459 -0.023 0.297 13 18 60
17.489 -0.003 0.315 15 20 60
17.479 0.001 0.317 23 20 77
17.492 -0.005 0.314 12 21 64
17.482 -0.025 0.298 1 14 48
17.382 -0.024 0.290 21 18 29
17.447 -0.041 0.283 45 75 161
17.371 -0.018 0.293 29 21 36
17.481 -0.031 0.294 63 92 136
17.426 -0.021 0.296 11 13 36
17.464 -0.009 0.308 20 26 60
17.360 -0.029 0.284 127 147 184
17.376 -0.032 0.283 99 124 180
17.478 -0.006 0.311 16 18 75
17.471 -0.018 0.301 20 18 65
17.447 -0.037 0.286 116 142 191
17.328 -0.027 0.282 111 132 153
17.348 -0.034 0.279 61 78 186
17.459 -0.047 0.280 42 69 184
17.384 -0.023 0.290 21 18 29
17.490 -0.018 0.304 20 25 55
17.481 -0.010 0.309 22 23 69
17.330 -0.030 0.281 96 120 184
17.420 -0.035 0.285 128 152 190
17.445 -0.012 0.304 24 31 37
17.492 -0.015 0.306 10 20 56
17.406 -0.032 0.286 77 102 133
17.424 -0.021 0.295 11 13 36
17.436 -0.042 0.281 47 74 187
17.456 -0.021 0.298 21 26 64
17.361 -0.032 0.282 101 127 202
17.385 -0.021 0.292 20 17 36
17.430 -0.023 0.295 8 11 30
17.490 0.005 0.320 18 21 64
17.475 -0.011 0.307 13 24 80
17.473 -0.047 0.281 48 75 182
17.476 -0.032 0.293 0 22 66
17.468 -0.033 0.291 65 78 122
17.474 -0.015 0.304 18 19 73
17.340 -0.033 0.280 73 98 190
17.429 -0.036 0.285 114 138 184
17.314 -0.029 0.280 144 157 140
17.402 -0.028 0.289 11 25 51
17.470 -0.016 0.303 21 20 77
17.388 -0.020 0.293 21 18 37
17.473 -0.021 0.300 25 22 49
17.485 -0.043 0.285 41 73 172
17.400 -0.025 0.290 17 18 36
17.448 -0.008 0.306 14 30 46
17.484 -0.025 0.298 0 8 39
17.456 -0.003 0.311 27 32 61
17.383 -0.026 0.288 13 21 40
17.325 -0.031 0.279 113 126 145
17.407 -0.031 0.287 77 102 133
17.360 -0.032 0.282 101 127 202
17.467 -0.044 0.283 44 77 182
17.386 -0.034 0.283 81 112 177
17.427 -0.006 0.307 175 190 221
17.463 0.019 0.316 28 25 68
17.369 -0.000 0.293 45 49 52
17.347 -0.008 0.288 13 21 70
17.338 -0.007 0.286 9 27 111
17.421 -0.006 0.306 153 167 193
17.472 0.005 0.318 24 20 81
17.349 -0.011 0.288 12 19 71
17.375 0.015 0.295 70 75 71
17.378 0.016 0.295 78 83 76
17.354 0.023 0.290 11 9 0
17.416 0.025 0.304 179 188 195
17.395 -0.002 0.300 113 122 117
17.367 0.051 0.292 101 113 111
17.386 0.002 0.297 96 103 95
17.324 -0.023 0.283 109 129 153
17.397 0.020 0.300 170 177 170
17.435 -0.000 0.309 149 175 210
17.469 0.010 0.317 15 27 85
17.423 0.017 0.306 176 191 188
17.363 0.025 0.292 12 20 22
17.362 0.043 0.292 18 26 28
17.385 0.015 0.297 111 120 101
17.393 0.007 0.299 119 124 120
17.389 0.028 0.298 171 180 163
17.384 -0.010 0.297 21 26 48
17.401 0.043 0.301 174 179 185
17.441 0.031 0.310 17 21 24
17.454 0.004 0.314 29 30 61
17.366 -0.005 0.292 27 30 35
17.419 0.019 0.305 181 191 192
17.434 0.033 0.309 138 139 144
17.339 0.005 0.286 10 29 97
17.461 0.021 0.315 29 25 58
17.401 0.006 0.301 144 150 140
17.364 -0.009 0.292 20 23 32
17.394 0.006 0.299 129 131 126
17.368 -0.011 0.293 27 27 37
17.426 0.015 0.307 170 186 183
17.418 0.007 0.305 178 188 197
17.377 -0.002 0.295 51 56 62
17.350 -0.015 0.289 19 24 64
17.370 0.021 0.293 37 46 53
17.363 0.010 0.292 37 34 29
17.381 0.025 0.296 102 112 104
17.363 0.019 0.292 12 13 8
17.398 0.018 0.300 170 177 170
17.336 -0.023 0.285 138 164 213
17.440 0.021 0.310 86 95 92
17.401 0.032 0.301 172 181 180
17.395 -0.002 0.299 113 122 117
17.366 0.048 0.292 61 73 73
17.424 0.027 0.306 177 186 193
17.396 0.045 0.300 176 180 183
17.344 -0.018 0.287 3 22 81
17.377 0.042 0.295 138 151 144
17.371 0.011 0.294 13 15 14
17.344 -0.011 0.287 9 20 84
17.366 0.026 0.292 10 19 28
17.364 0.007 0.292 106 102 99
17.386 0.024 0.297 134 144 143
17.403 -0.002 0.301 131 141 133
17.496 0.014 0.324 18 21 64
17.339 0.007 0.286 11 28 84
17.380 -0.005 0.296 36 40 67
17.392 0.024 0.299 175 183 185
17.425 0.011 0.307 161 174 190
17.376 0.025 0.295 82 93 99
17.457 0.018 0.314 39 29 54
17.369 0.043 0.293 69 81 81
17.336 -0.009 0.285 52 72 167
17.447 0.003 0.312 132 143 165
17.408 0.005 0.302 160 168 157
17.443 0.009 0.311 186 177 172
17.448 -0.048 0.218 59 70 160
17.416 -0.046 0.149 55 71 158
17.388 -0.041 0.219 56 76 165
17.474 -0.050 0.276 47 72 175
17.391 -0.040 0.259 49 78 172
17.343 -0.035 0.228 72 93 172
17.419 -0.044 0.234 53 75 161
17.416 -0.045 0.170 54 69 154
17.374 -0.040 0.184 56 75 177
17.476 -0.054 0.128 46 50 95
17.455 -0.052 0.044 102 103 97
17.385 -0.039 0.273 48 70 181
17.326 -0.032 0.278 120 127 137
17.448 -0.051 0.072 49 61 143
17.465 -0.053 0.079 42 51 110
17.470 -0.053 0.092 49 52 97
17.396 -0.041 0.275 47 74 181
17.328 -0.032 0.276 120 127 137
17.443 -0.050 0.095 58 73 158
17.458 -0.049 0.236 53 70 158
17.342 -0.035 0.235 89 110 175
17.457 -0.050 0.178 52 64 124
17.366 -0.037 0.268 49 65 178
17.463 -0.051 0.163 47 57 110
17.484 -0.053 0.231 39 48 103
17.357 -0.037 0.199 56 79 175
17.466 -0.050 0.246 51 73 159
17.439 -0.046 0.262 56 77 168
17.390 -0.040 0.272 54 73 176
17.485 -0.053 0.256 36 49 153
17.388 -0.040 0.255 49 77 174
17.432 -0.049 0.054 63 77 152
17.432 -0.045 0.278 52 74 185
17.455 -0.052 0.064 43 55 127
17.467 -0.050 0.243 51 72 155
17.389 -0.042 0.177 54 71 163
17.453 -0.051 0.086 51 63 135
17.463 -0.051 0.171 47 60 113
17.432 -0.049 0.066 55 69 174
17.359 -0.037 0.238 45 72 177
17.321 -0.032 0.261 122 128 114
17.336 -0.034 0.258 104 122 160
17.395 -0.041 0.241 54 78 168
17.374 -0.039 0.236 48 73 174
17.350 -0.036 0.229 63 87 185
17.417 -0.045 0.182 56 72 160
17.353 -0.037 0.210 60 83 176
17.332 -0.033 0.262 114 131 161
17.327 -0.032 0.275 124 131 137
17.419 -0.045 0.196 53 74 157
17.469 -0.052 0.136 50 56 106
17.486 -0.054 0.219 43 49 101
17.393 -0.043 0.123 50 72 171
17.328 -0.033 0.258 114 125 145
17.342 -0.034 0.254 72 99 168
17.422 -0.044 0.273 56 75 178
17.401 -0.042 0.216 56 71 162
17.327 -0.032 0.275 124 131 137
17.382 -0.039 0.258 49 76 181
17.462 -0.049 0.267 47 71 169
17.429 -0.047 0.156 56 70 158
17.409 -0.046 0.107 56 73 165
17.433 -0.047 0.160 58 70 156
17.327 -0.033 0.251 147 154 147
17.382 -0.039 0.250 51 76 177
17.449 -0.049 0.177 55 69 142
17.432 -0.049 0.098 57 72 165
17.321 -0.032 0.269 109 120 106
17.481 -0.054 0.173 43 49 97
17.403 -0.041 0.275 47 74 179
17.425 -0.047 0.129 55 73 159
17.379 -0.039 0.249 51 74 178
17.461 -0.051 0.152 50 59 116
17.454 -0.051 0.111 47 65 137
17.445 -0.051 0.064 51 69 155
17.480 -0.054 0.184 43 49 97
17.392 -0.041 0.241 53 77 167
17.344 -0.035 0.221 77 96 172
17.468 -0.053 0.094 38 48 101
17.402 -0.043 0.193 51 68 158
17.390 -0.043 0.132 47 69 170
17.401 -0.044 0.161 57 72 157
17.413 -0.046 0.098 59 74 167
17.400 -0.041 0.274 46 73 178
17.345 -0.035 0.232 70 93 171
17.384 -0.040 0.243 52 74 175
17.408 -0.042 0.254 54 77 171
17.453 -0.051 0.106 50 67 137
17.471 -0.052 0.158 46 53 99
17.448 -0.049 0.178 55 69 142
17.377 -0.039 0.223 52 75 171
17.415 -0.046 0.119 58 72 160
17.436 -0.046 0.268 53 78 171
17.346 -0.034 0.278 55 86 194
17.443 -0.047 0.258 58 80 165
17.451 -0.051 0.105 52 68 145
17.375 -0.038 0.253 51 76 177
17.392 -0.041 0.232 56 76 165
17.416 -0.044 0.219 57 73 160
17.426 -0.048 0.083 57 71 168
17.467 -0.051 0.201 46 55 110
17.427 -0.048 0.117 54 72 158
17.400 -0.044 0.124 52 72 167
17.388 -0.041 0.191 57 74 166
17.457 -0.052 0.100 48 62 127
17.468 -0.051 0.198 47 57 110
17.417 -0.045 0.178 54 70 157
17.402 -0.042 0.244 51 74 167
17.428 -0.048 0.124 54 71 159
17.351 -0.036 0.249 52 84 185
17.482 -0.052 0.259 42 56 163
17.463 -0.053 0.086 44 53 108
17.368 -0.038 0.218 47 70 172
17.461 -0.052 0.093 42 52 111
17.458 -0.048 0.261 51 71 168
17.464 -0.050 0.234 54 67 145
17.448 -0.050 0.118 52 69 151
17.451 -0.048 0.236 54 75 166
17.349 -0.036 0.232 67 92 182
17.438 -0.050 0.055 62 76 147
17.434 -0.047 0.203 54 72 154
17.418 -0.045 0.198 53 75 158
17.431 -0.047 0.148 55 69 157
17.455 -0.052 0.061 46 56 117
17.422 -0.048 0.076 53 68 169
17.460 -0.053 0.043 131 132 118
17.399 -0.042 0.238 55 76 167
17.381 -0.040 0.200 52 73 166
17.376 -0.040 0.192 51 72 163
17.465 -0.052 0.126 44 56 106
17.465 -0.050 0.225 49 56 124
17.460 -0.053 0.047 97 99 86
17.356 -0.036 0.254 48 79 187
17.383 -0.041 0.178 55 74 169
17.457 -0.053 0.046 84 86 81
17.427 -0.045 0.254 53 76 169
17.378 -0.041 0.166 55 73 173
17.363 -0.038 0.222 51 74 176
17.388 -0.040 0.266 56 73 179
17.419 -0.045 0.184 54 70 158
17.353 -0.036 0.217 58 80 179
17.485 -0.052 0.269 39 68 170
17.450 -0.051 0.098 54 68 143
17.453 -0.050 0.143 57 66 135
17.444 -0.051 0.035 111 114 93
17.384 -0.041 0.163 52 70 168
17.386 -0.041 0.218 55 76 167
17.368 -0.038 0.248 46 71 174
17.458 -0.049 0.230 56 68 152
17.405 -0.043 0.220 56 71 164
17.484 -0.053 0.232 39 48 103
17.384 -0.039 0.265 58 72 179
17.470 -0.053 0.096 47 51 96
17.336 -0.034 0.235 109 122 156
17.318 -0.031 0.278 134 139 132
17.466 -0.051 0.172 45 57 107
17.396 -0.043 0.167 57 71 160
17.417 -0.046 0.144 55 72 160
17.456 -0.051 0.112 47 65 131
17.422 -0.045 0.222 56 74 158
17.376 -0.041 0.156 47 69 171
17.442 -0.046 0.272 50 76 169
17.325 -0.032 0.277 117 124 130
17.439 -0.050 0.058 57 72 153
17.326 -0.033 0.249 147 154 147
17.444 -0.050 0.081 58 72 161
17.417 -0.045 0.202 52 75 155
17.366 -0.038 0.221 50 73 175
17.462 -0.049 0.247 52 73 162
17.481 -0.052 0.264 43 66 168
17.433 -0.047 0.153 55 70 155
17.444 -0.051 0.072 54 69 160
17.423 -0.044 0.243 52 73 164
17.445 -0.046 0.276 47 69 181
17.444 -0.050 0.118 52 70 156
17.382 -0.039 0.272 57 71 178
17.336 -0.033 0.267 101 113 163
17.401 -0.043 0.193 51 68 158
17.461 -0.049 0.244 51 73 159
17.459 -0.052 0.106 48 64 126
17.428 -0.046 0.181 49 69 155
17.409 -0.043 0.255 53 78 171
17.446 -0.050 0.088 55 67 151
17.415 -0.045 0.164 58 73 158
17.394 -0.043 0.159 56 71 162
17.439 -0.047 0.229 57 73 160
17.482 -0.053 0.244 38 52 123
17.375 -0.040 0.164 48 70 172
17.421 -0.045 0.195 52 73 156
17.371 -0.038 0.269 56 65 182
17.383 -0.041 0.157 51 70 172
17.404 -0.043 0.193 52 69 159
17.455 -0.051 0.140 56 64 129
17.398 -0.044 0.141 50 69 161
17.436 -0.050 0.044 66 76 103
17.449 -0.048 0.239 50 74 164
17.410 -0.043 0.254 55 78 174
17.478 -0.052 0.266 45 71 164
17.446 -0.049 0.148 59 71 153
17.477 -0.054 0.168 42 50 97
17.362 -0.037 0.265 50 74 184
17.363 -0.038 0.200 48 71 173
17.423 -0.046 0.169 56 71 156
17.396 -0.043 0.173 60 74 163
17.362 -0.037 0.252 47 76 180
17.384 -0.040 0.253 50 75 176
17.408 -0.045 0.130 57 74 164
17.436 -0.046 0.223 60 75 158
17.435 -0.049 0.089 56 71 164
17.361 -0.037 0.237 45 72 177
17.343 -0.035 0.238 69 94 174
17.448 -0.049 0.159 56 68 142
17.405 -0.042 0.253 52 77 170
17.444 -0.049 0.126 54 70 157
17.448 -0.050 0.109 54 71 151
17.478 -0.053 0.194 43 49 101
17.426 -0.046 0.195 51 74 154
17.415 -0.043 0.263 51 78 169
17.388 -0.040 0.240 53 76 169
17.402 -0.044 0.116 54 73 167
17.428 -0.048 0.107 54 71 163
17.375 -0.040 0.183 56 75 177
17.393 -0.043 0.122 50 72 171
17.434 -0.046 0.243 50 78 162
17.376 -0.041 0.157 47 69 171
17.333 -0.033 0.277 101 123 183
17.413 -0.044 0.192 53 70 158
17.462 -0.049 0.236 54 72 156
17.383 -0.041 0.174 53 72 167
17.475 -0.053 0.188 45 51 103
17.483 -0.052 0.267 38 65 172
17.443 -0.047 0.224 55 69 158
17.487 -0.053 0.251 35 47 145
17.360 -0.037 0.254 45 76 182
17.429 -0.045 0.270 55 82 171
17.410 -0.044 0.197 53 73 160
17.390 -0.040 0.260 49 78 172
17.442 -0.049 0.153 59 71 153
17.383 -0.040 0.248 51 75 175
17.471 -0.051 0.188 43 54 100
17.402 -0.042 0.257 51 78 169
17.469 -0.051 0.185 42 53 99
17.460 -0.053 0.055 44 52 75
17.443 -0.051 0.056 56 69 147
17.461 -0.051 0.130 48 57 112
17.445 -0.049 0.152 60 73 152
17.433 -0.049 0.059 55 70 163
17.439 -0.051 0.036 111 115 98
17.466 -0.050 0.245 51 73 159
17.429 -0.046 0.208 58 75 155
17.457 -0.053 0.034 83 83 75
17.471 -0.050 0.264 51 73 172
17.435 -0.050 0.059 55 70 163
17.459 -0.053 0.059 42 52 103
17.348 -0.035 0.272 54 77 181
17.433 -0.047 0.162 58 70 156
17.412 -0.043 0.274 48 73 176
17.391 -0.042 0.179 57 74 166
17.368 -0.038 0.238 51 76 177
17.345 0.189 0.021 35 42 110
17.347 0.192 0.022 40 58 108
17.334 0.183 0.010 144 148 133
17.348 0.195 0.019 35 48 93
17.348 0.194 0.021 29 43 90
17.382 0.190 0.326 198 200 178
17.324 0.006 0.020 103 114 108
17.328 -0.031 0.233 124 131 147
17.323 -0.024 0.201 101 107 103
17.401 -0.039 0.075 53 70 174
17.368 -0.024 0.076 46 73 180
17.335 -0.012 0.099 125 137 163
17.344 -0.018 0.106 86 106 157
17.388 -0.038 0.101 51 73 175
17.402 -0.039 0.069 54 72 174
17.431 -0.044 0.013 138 141 124
17.419 -0.039 0.020 115 122 140
17.350 -0.018 0.088 74 94 167
17.326 -0.016 0.145 105 117 117
17.405 -0.040 0.063 51 75 173
17.337 -0.013 0.097 97 112 145
17.386 -0.037 0.102 49 71 173
17.346 -0.026 0.148 73 90 159
17.330 -0.023 0.179 101 114 131
17.359 -0.014 0.041 65 86 177
17.340 -0.003 0.026 90 110 143
17.359 -0.030 0.136 56 81 173
17.419 -0.038 0.014 114 117 108
17.351 -0.024 0.124 76 95 172
17.331 -0.016 0.132 150 159 174
17.397 -0.035 0.060 48 67 169
17.363 -0.037 0.171 51 74 167
17.349 -0.012 0.059 85 103 167
17.389 -0.040 0.109 50 72 171
17.323 -0.015 0.147 101 112 106
17.348 -0.035 0.200 77 97 170
17.388 -0.029 0.049 50 73 179
17.366 -0.028 0.106 53 75 176
17.357 -0.026 0.119 59 82 175
17.397 -0.041 0.093 51 71 170
17.418 -0.040 0.031 53 60 104
17.326 -0.012 0.122 160 165 158
17.334 -0.016 0.128 154 163 178
17.388 -0.026 0.032 57 73 184
17.323 0.004 0.034 144 154 143
17.371 -0.028 0.092 51 72 177
17.393 -0.028 0.027 57 70 174
17.385 -0.031 0.067 48 70 181
17.334 -0.010 0.088 83 95 119
17.337 -0.005 0.048 127 142 161
17.416 -0.047 0.079 52 72 167
17.447 -0.051 0.016 131 134 117
17.352 -0.006 0.014 90 106 165
17.357 -0.027 0.127 58 82 170
17.357 -0.010 0.022 72 90 172
17.323 -0.010 0.121 150 157 141
17.348 -0.023 0.130 76 95 163
17.309 -0.028 0.268 128 133 103
17.397 -0.039 0.087 52 71 173
17.417 -0.036 0.010 102 104 90
17.323 0.003 0.044 114 124 115
17.370 -0.039 0.163 45 71 166
17.359 -0.027 0.118 59 82 175
17.328 -0.002 0.056 100 111 115
17.377 -0.022 0.039 49 76 183
17.320 -0.011 0.135 119 127 114
17.355 -0.028 0.136 66 88 173
17.316 -0.004 0.104 156 158 137
17.326 -0.025 0.200 97 105 107
17.324 -0.019 0.170 120 126 122
17.376 -0.038 0.138 43 66 172
17.401 -0.034 0.041 58 76 178
17.334 -0.019 0.142 119 131 155
17.337 -0.028 0.186 106 119 154
17.321 -0.027 0.228 150 150 142
17.312 -0.019 0.204 168 165 132
17.355 -0.033 0.165 56 80 168
17.329 -0.020 0.161 121 126 130
17.348 -0.030 0.169 72 90 172
17.364 -0.013 0.017 63 87 177
17.404 -0.033 0.026 59 74 143
17.317 -0.022 0.206 126 128 106
17.383 -0.034 0.097 48 71 175
17.351 -0.022 0.112 66 91 171
17.320 -0.007 0.110 159 162 143
17.397 -0.037 0.071 52 71 176
17.315 -0.018 0.191 144 147 116
17.318 0.007 0.033 133 137 120
17.378 -0.029 0.078 43 67 177
17.343 -0.020 0.122 91 104 156
17.398 -0.029 0.023 55 70 155
17.330 -0.015 0.131 142 152 151
17.409 -0.035 0.027 56 72 124
17.346 -0.035 0.202 76 96 167
17.367 -0.031 0.117 43 70 177
17.371 -0.021 0.047 51 78 185
17.327 -0.031 0.236 133 135 132
17.311 -0.022 0.224 159 155 130
17.324 -0.019 0.170 128 136 139
17.348 -0.022 0.119 78 96 168
17.419 -0.039 0.023 116 122 138
17.346 -0.024 0.140 86 104 166
17.349 -0.010 0.047 83 99 161
17.352 -0.014 0.062 75 94 170
17.398 -0.040 0.084 54 73 176
17.414 -0.042 0.053 53 73 170
17.341 -0.004 0.031 85 106 137
17.378 -0.021 0.032 49 71 180
17.379 -0.022 0.029 53 74 181
17.360 -0.038 0.184 55 78 171
17.388 -0.040 0.112 51 70 172
17.344 -0.006 0.037 97 115 155
17.315 -0.016 0.177 143 147 122
17.406 -0.034 0.027 60 76 138
17.326 -0.005 0.081 98 107 112
17.336 0.001 0.013 123 139 164
17.345 -0.024 0.137 86 102 162
17.440 -0.049 0.022 122 120 107
17.376 -0.033 0.110 54 73 178
17.328 -0.025 0.196 139 148 153
17.317 -0.022 0.206 126 128 106
17.439 -0.048 0.018 137 140 123
17.415 -0.044 0.060 53 73 172
17.399 -0.030 0.025 58 72 160
17.365 -0.028 0.110 51 75 175
17.344 -0.004 0.023 105 127 168
17.390 -0.039 0.103 52 74 175
17.362 -0.036 0.168 53 76 169
17.337 -0.027 0.183 108 121 156
17.364 -0.028 0.109 53 75 174
17.324 0.005 0.026 125 136 122
17.331 -0.021 0.162 93 109 125
17.351 -0.020 0.098 73 95 168
17.398 -0.042 0.096 52 72 169
17.351 -0.014 0.064 74 93 169
17.342 -0.011 0.072 93 111 151
17.314 -0.023 0.225 150 148 125
17.372 -0.023 0.061 47 69 180
17.336 -0.022 0.152 96 110 145
17.417 -0.046 0.069 52 75 169
17.416 -0.039 0.028 42 52 88
17.404 -0.030 0.010 100 107 125
17.359 -0.012 0.028 69 89 176
17.316 -0.009 0.132 117 119 97
17.342 -0.017 0.106 102 120 160
17.400 -0.028 0.009 74 84 109
17.346 -0.012 0.067 93 110 164
17.406 -0.043 0.080 55 73 173
17.369 -0.017 0.032 55 79 177
17.339 -0.026 0.168 98 112 159
17.353 -0.020 0.092 69 90 171
17.386 -0.026 0.040 44 64 176
17.370 -0.028 0.094 57 76 179
17.385 -0.035 0.091 46 70 176
17.344 -0.019 0.114 86 106 156
17.350 -0.006 0.015 96 109 161
17.411 -0.044 0.073 55 75 172
17.397 -0.029 0.022 55 70 155
17.359 -0.027 0.120 55 79 175
17.339 -0.011 0.077 99 114 147
17.378 -0.018 0.011 62 77 170
17.344 -0.006 0.035 97 115 155
17.321 -0.007 0.104 137 140 129
17.391 -0.027 0.026 57 70 174
17.409 -0.045 0.088 57 73 169
17.350 -0.024 0.130 76 95 163
17.403 -0.039 0.065 49 71 170
17.316 0.011 0.011 102 112 88
17.317 0.005 0.045 113 117 102
17.334 -0.032 0.220 114 120 142
17.378 -0.026 0.058 41 72 180
17.333 -0.027 0.191 93 104 132
17.358 -0.033 0.158 57 83 178
17.316 -0.024 0.227 149 148 130
17.329 -0.008 0.090 122 131 140
17.409 -0.039 0.047 55 75 172
17.343 -0.018 0.110 88 108 158
17.376 -0.036 0.123 48 67 172
17.423 -0.048 0.061 58 70 172
17.357 -0.026 0.115 56 81 173
17.419 -0.043 0.044 65 75 160
17.352 -0.033 0.174 62 83 172
17.325 -0.012 0.129 144 152 141
17.369 -0.015 0.021 59 82 176
17.364 -0.025 0.092 61 79 177
17.388 -0.028 0.043 44 66 177
17.433 -0.049 0.041 84 92 111
17.312 -0.019 0.204 168 165 132
17.327 -0.007 0.090 106 113 119
17.326 -0.019 0.164 147 151 152
17.317 -0.009 0.129 128 133 113
17.318 -0.017 0.174 128 133 113
17.319 -0.003 0.084 112 120 109
17.367 -0.028 0.101 57 76 178
17.335 -0.034 0.229 132 142 177
17.400 -0.035 0.048 56 75 177
17.336 -0.004 0.044 131 146 167
17.327 0.006 0.013 118 128 129
17.331 -0.015 0.126 160 166 162
17.323 0.008 0.013 117 128 122
17.388 -0.041 0.117 51 70 172
17.311 -0.030 0.273 139 143 120
17.315 0.002 0.066 112 114 100
17.380 -0.025 0.049 44 73 177
17.398 -0.043 0.102 52 72 167
17.375 -0.039 0.145 47 70 176
17.320 0.004 0.041 112 120 105
17.333 -0.014 0.115 114 121 137
17.321 0.170 0.012 164 167 158
17.333 0.194 0.115 31 47 143
17.332 0.194 0.118 32 48 146
17.327 0.183 0.068 34 54 187
17.339 0.197 0.099 32 46 135
17.330 0.180 0.035 37 53 175
17.317 0.167 0.012 155 159 145
17.326 0.187 0.098 37 51 174
17.322 0.178 0.059 35 59 195
17.321 0.177 0.055 34 56 194
17.342 0.189 0.038 23 43 155
17.329 0.189 0.099 31 45 170
17.330 0.178 0.019 90 99 114
17.353 0.197 0.030 29 45 130
17.345 0.191 0.032 32 47 166
17.324 0.177 0.046 34 48 209
17.335 0.185 0.040 29 52 166
17.327 0.183 0.071 35 53 187
17.340 0.189 0.047 25 49 149
17.321 0.186 0.120 38 48 180
17.320 0.183 0.105 43 52 189
17.326 0.185 0.085 36 50 181
17.322 0.181 0.083 37 54 194
17.323 0.177 0.050 34 53 192
17.337 0.190 0.067 34 51 167
17.326 0.187 0.102 35 49 174
17.320 0.178 0.069 38 57 198
17.321 0.173 0.030 62 76 103
17.325 0.176 0.033 47 62 143
17.328 0.194 0.139 36 49 151
17.323 0.190 0.139 34 49 164
17.335 0.185 0.041 29 52 166
17.333 0.191 0.095 34 47 162
17.334 0.191 0.085 33 46 161
17.336 0.193 0.092 33 46 151
17.340 0.191 0.059 31 51 163
17.326 0.177 0.035 38 52 157
17.344 0.193 0.052 28 46 148
17.307 0.161 0.135 34 52 186
17.311 0.155 0.028 112 123 117
17.312 0.144 0.012 133 137 120
17.313 0.062 0.051 35 48 238
17.309 0.126 0.095 37 58 213
17.304 0.154 0.205 98 107 104
17.313 0.109 0.026 52 63 69
17.314 0.075 0.022 91 95 78
17.314 0.090 0.015 108 114 100
17.311 0.136 0.058 41 62 213
17.307 0.150 0.124 41 61 194
17.308 0.124 0.115 41 57 178
17.305 0.159 0.174 68 77 194
17.313 0.120 0.017 92 97 93
17.306 0.162 0.148 37 55 181
17.311 0.129 0.044 35 56 227
17.310 0.162 0.068 39 58 214
17.312 0.121 0.037 36 54 152
17.311 0.077 0.085 66 90 200
17.305 0.145 0.190 46 48 43
17.310 0.157 0.049 35 52 204
17.309 0.111 0.120 46 60 159
17.312 0.156 0.012 164 169 149
17.309 0.109 0.112 30 50 185
17.311 0.121 0.063 39 58 222
17.307 0.138 0.140 43 60 150
17.311 0.112 0.073 34 64 214
17.307 0.118 0.151 5 21 83
17.310 0.155 0.070 37 56 210
17.309 0.134 0.096 35 57 203
17.306 0.133 0.167 7 13 45
17.312 0.103 0.049 32 63 215
17.306 0.140 0.159 34 51 139
17.310 0.159 0.060 39 63 215
17.308 0.144 0.120 35 53 189
17.307 0.114 0.147 13 33 96
17.306 0.130 0.164 4 15 60
17.312 0.061 0.069 96 113 169
17.315 0.029 0.018 136 143 136
17.311 0.104 0.058 39 61 224
17.310 0.107 0.078 38 58 215
17.309 0.132 0.093 38 59 214
17.305 0.140 0.186 26 24 35
17.307 0.162 0.125 34 50 195
17.313 0.065 0.042 33 57 219
17.310 0.101 0.085 37 56 220
17.304 0.155 0.206 98 107 104
17.308 0.110 0.140 0 9 96
17.311 0.076 0.089 68 94 181
17.311 0.095 0.069 29 62 217
17.311 0.113 0.068 33 61 220
17.311 0.102 0.075 35 58 213
17.310 0.154 0.063 35 59 211
17.308 0.111 0.132 3 20 92
17.312 0.087 0.049 34 57 221
17.314 0.070 0.024 89 84 90
17.313 0.086 0.038 32 54 200
17.313 0.053 0.056 85 111 128
17.308 0.119 0.133 58 76 140
17.310 0.135 0.063 43 57 224
17.313 0.090 0.026 94 98 83
17.310 0.154 0.058 35 59 211
17.307 0.126 0.143 79 99 185
17.311 0.095 0.084 34 55 222
17.313 0.075 0.035 35 53 181
17.309 0.155 0.078 39 58 212
17.311 0.090 0.064 26 59 214
17.308 0.142 0.126 42 62 183
17.306 0.162 0.145 43 59 181
17.313 0.066 0.044 34 56 228
17.310 0.125 0.072 35 65 215
17.310 0.085 0.094 59 80 195
17.311 0.120 0.055 36 61 216
17.310 0.111 0.081 38 55 223
17.309 0.109 0.107 29 52 194
17.313 0.076 0.029 28 31 64
17.313 0.092 0.017 94 100 86
17.307 0.142 0.149 93 113 199
17.311 0.102 0.061 36 62 221
17.312 0.134 0.022 123 126 115
17.314 0.054 0.032 28 51 144
17.309 0.138 0.090 37 62 207
17.306 0.149 0.155 116 139 232
17.307 0.133 0.135 23 45 130
17.306 0.159 0.144 41 58 164
17.308 0.115 0.134 45 62 132
17.310 0.114 0.079 37 60 216
17.314 0.083 0.016 124 128 113
17.308 0.120 0.124 88 104 191
17.311 0.094 0.062 30 59 221
17.312 0.067 0.067 57 73 210
17.308 0.111 0.124 108 119 209
17.309 0.135 0.095 35 57 203
17.310 0.095 0.105 38 61 193
17.312 0.076 0.061 29 56 235
17.306 0.133 0.158 76 90 178
17.307 0.137 0.144 113 137 201
17.308 0.112 0.127 119 130 212
17.310 0.141 0.069 38 57 213
17.309 0.162 0.092 27 54 207
17.305 0.146 0.173 137 139 222
17.312 0.111 0.034 23 40 109
17.311 0.163 0.041 47 56 147
17.312 0.161 0.012 131 134 115
17.312 0.144 0.012 133 137 120
17.309 0.146 0.081 39 60 211
17.306 0.137 0.160 35 49 138
17.312 0.070 0.070 50 69 198
17.310 0.087 0.104 68 90 189
17.312 0.092 0.045 32 60 219
17.313 0.086 0.024 107 111 94
17.305 0.162 0.175 42 51 178
17.307 0.136 0.155 43 61 145
17.314 0.070 0.011 102 106 91
17.311 0.107 0.067 31 60 222
17.312 0.070 0.056 32 64 201
17.310 0.092 0.095 40 60 193
17.312 0.068 0.055 36 62 219
17.313 0.047 0.043 107 130 136
17.307 0.123 0.157 121 132 178
17.315 0.038 0.012 136 139 128
17.312 0.098 0.043 31 59 218
17.313 0.070 0.047 30 52 234
17.307 0.135 0.135 33 57 143
17.313 0.096 0.016 126 132 120
17.311 0.108 0.054 36 58 222
17.314 0.048 0.025 42 54 94
17.308 0.125 0.126 133 148 239
17.305 0.153 0.181 63 66 181
17.312 0.124 0.024 95 108 90
17.307 0.119 0.150 5 21 83
17.313 0.129 0.012 149 157 133
17.312 0.105 0.042 34 57 225
17.307 0.137 0.150 103 125 200
17.308 0.148 0.105 34 56 201
17.309 0.152 0.086 34 60 207
17.307 0.126 0.150 89 107 179
17.312 0.133 0.023 131 140 123
17.310 0.107 0.080 38 55 221
17.306 0.139 0.169 4 10 46
17.307 0.125 0.158 121 132 178
17.312 0.071 0.061 33 51 245
17.306 0.156 0.154 53 76 180
17.313 0.104 0.023 113 126 96
17.312 0.062 0.059 88 115 182
17.314 0.067 0.010 112 116 101
17.312 0.136 0.014 107 110 89
17.309 0.163 0.087 33 56 211
17.304 0.163 0.196 39 42 197
17.310 0.118 0.075 36 64 208
17.313 0.067 0.043 34 56 238
17.314 0.072 0.011 82 86 71
17.309 0.120 0.113 33 53 168
17.314 0.042 0.032 146 154 167
17.307 0.145 0.137 49 72 174
17.317 0.177 0.099 38 61 203
17.324 0.194 0.163 36 52 150
17.317 0.175 0.064 34 55 200
17.314 0.177 0.154 32 52 199
17.314 0.185 0.234 36 53 195
17.312 0.169 0.086 32 55 210
17.314 0.183 0.217 48 70 182
17.317 0.179 0.101 32 53 194
17.313 0.173 0.123 38 49 199
17.314 0.173 0.096 31 56 198
17.320 0.189 0.163 36 54 166
17.304 0.168 0.218 19 20 40
17.316 0.183 0.184 35 55 178
17.311 0.170 0.112 39 58 199
17.311 0.166 0.064 40 61 216
17.314 0.172 0.086 36 56 207
17.306 0.166 0.159 34 53 191
17.320 0.188 0.164 35 53 165
17.307 0.173 0.227 136 147 177
17.323 0.195 0.199 27 46 149
17.314 0.182 0.200 34 52 198
17.315 0.186 0.224 37 59 171
17.313 0.183 0.227 38 57 175
17.316 0.178 0.117 39 54 199
17.312 0.179 0.197 32 51 192
17.315 0.175 0.095 30 59 199
17.318 0.186 0.181 38 54 175
17.311 0.162 0.023 131 139 141
17.320 0.192 0.208 25 43 189
17.312 0.177 0.175 34 52 178
17.306 0.170 0.216 81 83 170
17.311 0.170 0.118 34 50 197
17.317 0.175 0.066 34 54 201
17.307 0.167 0.167 38 55 187
17.316 0.177 0.105 34 55 196
17.313 0.165 0.023 122 127 131
17.312 0.171 0.114 39 58 199
17.310 0.166 0.087 32 55 210
17.316 0.178 0.112 39 56 198
17.312 0.165 0.041 42 53 145
17.320 0.193 0.219 28 51 167
17.320 0.192 0.203 30 47 161
17.314 0.169 0.059 37 58 209
17.306 0.168 0.186 34 55 183
17.318 0.189 0.208 28 45 195
17.321 0.189 0.157 28 48 161
17.320 0.186 0.150 24 47 175
17.310 0.170 0.132 43 53 203
17.309 0.165 0.109 32 55 195
17.323 0.191 0.145 32 49 157
17.318 0.185 0.151 28 51 179
17.315 0.185 0.224 40 63 169
17.309 0.167 0.114 34 52 196
17.314 0.181 0.188 33 54 182
17.308 0.173 0.205 36 55 186
17.322 0.192 0.166 35 51 149
17.306 0.171 0.227 136 147 177
17.307 0.089 0.248 68 89 108
17.306 0.126 0.240 36 41 35
17.313 0.029 0.274 32 56 255
17.306 0.112 0.242 103 113 105
17.319 0.193 0.253 39 47 184
17.314 0.048 0.274 43 70 237
17.322 0.155 0.268 36 55 186
17.306 0.084 0.247 51 68 122
17.318 0.065 0.278 17 26 35
17.320 0.192 0.256 34 50 185
17.308 0.098 0.250 29 49 74
17.317 0.156 0.257 44 55 179
17.314 0.076 0.268 25 40 83
17.312 0.135 0.251 159 167 229
17.306 0.066 0.252 34 58 130
17.308 0.092 0.251 33 55 69
17.309 0.055 0.261 67 98 215
17.313 0.023 0.276 38 61 255
17.317 0.118 0.265 31 40 119
17.312 0.105 0.257 34 40 124
17.304 0.149 0.228 31 37 23
17.318 0.173 0.257 30 49 203
17.308 0.120 0.245 142 149 167
17.309 0.048 0.262 46 72 167
17.306 0.078 0.250 53 72 138
17.314 0.091 0.265 41 53 139
17.315 0.164 0.250 38 55 197
17.321 0.185 0.260 29 50 217
17.308 0.070 0.254 78 102 162
17.323 0.187 0.265 35 52 194
17.314 0.185 0.244 32 54 189
17.313 0.126 0.255 46 51 155
17.309 -0.026 0.278 97 106 61
17.310 -0.004 0.275 123 153 155
17.319 0.171 0.259 31 55 191
17.313 0.049 0.272 43 70 237
17.310 0.111 0.250 133 142 183
17.311 0.051 0.266 37 64 255
17.326 0.151 0.278 48 47 166
17.307 0.096 0.247 26 42 57
17.316 0.099 0.267 26 34 96
17.320 0.113 0.273 26 27 57
17.310 0.024 0.270 84 113 243
17.306 0.154 0.232 25 36 58
17.320 0.087 0.278 22 26 25
17.315 0.174 0.248 30 54 188
17.305 0.164 0.228 24 29 35
17.326 0.185 0.272 34 48 197
17.310 0.151 0.243 33 54 161
17.316 0.056 0.276 60 79 200
17.315 0.083 0.267 30 40 91
17.306 0.130 0.238 52 59 69
17.309 0.005 0.271 101 118 148
17.310 0.013 0.273 120 147 238
17.320 0.108 0.276 23 23 33
17.314 0.061 0.272 12 27 96
17.316 0.156 0.255 47 55 182
17.316 0.112 0.264 37 46 125
17.313 0.126 0.255 68 73 167
17.318 0.158 0.259 35 54 182
17.307 0.032 0.261 58 85 188
17.319 0.153 0.263 32 57 175
17.309 0.119 0.247 142 149 167
17.308 0.111 0.248 179 189 201
17.315 0.173 0.248 29 53 189
17.317 0.127 0.262 40 51 133
17.315 0.150 0.253 45 51 161
17.320 0.091 0.277 26 27 32
17.314 0.140 0.253 53 62 139
17.308 0.114 0.246 26 37 33
17.308 0.097 0.250 29 49 74
17.315 0.125 0.259 42 50 151
17.327 0.169 0.278 31 53 175
17.311 0.096 0.257 36 53 157
17.315 0.134 0.259 36 43 133
17.316 0.058 0.275 42 63 144
17.353 0.128 0.306 197 202 196
17.319 0.050 0.281 64 72 232
17.322 0.010 0.287 31 69 194
17.367 0.170 0.315 169 183 186
17.371 0.188 0.317 195 193 194
17.370 0.159 0.319 164 173 188
17.369 0.135 0.320 203 210 202
17.325 0.027 0.288 63 78 169
17.379 0.172 0.325 184 187 194
17.373 0.158 0.321 168 177 192
17.354 0.108 0.308 126 130 129
17.339 0.116 0.294 11 15 16
17.331 0.038 0.293 18 17 33
17.332 0.165 0.283 33 47 152
17.335 0.196 0.284 25 48 160
17.335 0.117 0.291 32 36 37
17.337 0.133 0.290 24 29 35
17.360 0.101 0.314 200 202 197
17.335 0.137 0.289 48 52 63
17.340 0.185 0.289 48 52 99
17.357 0.111 0.311 199 204 200
17.361 0.164 0.310 155 167 163
17.370 0.156 0.318 164 172 183
17.372 0.175 0.319 185 190 209
17.350 0.186 0.298 194 201 229
17.377 0.155 0.325 173 180 196
17.338 0.050 0.298 15 14 12
17.339 0.164 0.290 16 43 26
17.323 0.048 0.285 62 69 185
17.350 0.138 0.302 204 207 214
17.339 0.151 0.291 18 19 24
17.310 -0.025 0.280 116 127 95
17.313 -0.001 0.280 49 71 180
17.336 0.058 0.296 22 23 9
17.360 0.167 0.309 160 173 163
17.358 0.178 0.306 167 179 169
17.353 0.118 0.306 201 206 202
17.358 0.131 0.310 196 201 204
17.360 0.104 0.313 197 199 194
17.328 0.133 0.283 15 25 61
17.334 0.074 0.293 15 19 28
17.334 0.169 0.285 34 54 91
17.377 0.157 0.325 165 174 189
17.345 0.162 0.296 79 89 80
17.335 0.174 0.286 40 54 153
17.319 0.057 0.281 48 60 160
17.332 0.089 0.289 33 34 28
17.356 0.158 0.306 170 181 173
17.341 0.126 0.295 9 14 17
17.329 0.049 0.290 28 35 41
17.324 0.061 0.285 21 29 68
17.364 0.131 0.315 210 216 214
17.337 0.061 0.297 18 18 6
17.345 0.163 0.296 79 89 80
17.363 0.175 0.310 162 175 166
17.344 0.089 0.301 5 7 6
17.335 0.060 0.295 18 18 6
17.348 0.124 0.302 14 19 15
17.362 0.172 0.311 155 168 159
17.329 0.021 0.292 58 77 156
17.327 0.116 0.283 28 33 29
17.353 0.178 0.301 202 211 210
17.360 0.188 0.307 176 187 171
17.329 0.130 0.284 23 28 34
17.332 0.069 0.291 22 24 23
17.359 0.193 0.306 178 189 181
17.323 0.079 0.282 28 34 22
17.388 0.178 0.333 207 202 209
17.342 0.162 0.293 17 26 23
17.349 0.129 0.302 63 69 65
17.325 0.035 0.288 102 117 198
17.331 0.174 0.282 31 50 178
17.334 0.166 0.286 41 60 102
17.375 0.167 0.322 170 182 198
17.356 0.162 0.306 182 194 182
17.311 -0.020 0.280 119 130 116
17.355 0.121 0.308 203 208 202
17.378 0.163 0.325 161 173 187
17.327 0.137 0.281 20 32 84
17.384 0.169 0.330 179 180 198
17.342 0.178 0.292 32 39 47
17.328 0.025 0.291 59 73 170
17.346 0.070 0.304 12 11 7
17.345 0.066 0.304 12 11 7
17.345 0.149 0.296 45 50 56
17.374 0.158 0.322 168 177 192
17.332 0.043 0.293 12 10 21
17.353 0.194 0.300 179 190 212
17.326 0.083 0.285 32 43 29
17.369 0.173 0.316 172 186 189
17.342 0.155 0.294 12 17 21
17.341 0.115 0.296 9 13 14
17.313 -0.001 0.280 49 71 180
17.355 0.134 0.307 199 204 208
17.331 0.045 0.292 18 23 29
17.346 0.151 0.297 45 50 56
17.361 0.098 0.312 196 200 201
17.365 0.072 0.300 187 192 196
17.345 0.059 0.302 15 17 12
17.364 0.100 0.312 183 187 188
17.389 0.174 0.333 201 202 197
17.349 0.055 0.299 11 13 12
17.341 0.044 0.297 11 10 6
17.357 0.045 0.292 17 21 24
17.351 0.079 0.308 12 13 15
17.336 0.024 0.291 37 42 71
17.351 0.054 0.298 17 21 22
17.333 0.017 0.289 94 107 175
17.359 0.054 0.295 23 26 33
17.323 -0.008 0.283 54 85 167
17.332 0.018 0.290 62 71 174
17.356 0.067 0.301 0 4 7
17.387 0.169 0.331 187 189 188
17.373 0.095 0.306 182 188 184
17.375 0.139 0.323 204 210 210
17.356 0.054 0.296 18 21 28
17.345 0.049 0.298 10 11 6
17.356 0.076 0.305 7 11 14
17.361 0.057 0.295 35 39 48
17.364 0.055 0.293 88 97 94
17.369 0.099 0.309 168 174 172
17.342 0.050 0.299 11 12 7
17.353 0.057 0.298 7 10 15
17.322 -0.008 0.283 114 147 214
17.363 0.061 0.296 107 114 107
17.311 0.039 0.117 113 124 146
17.314 0.031 0.041 134 140 138
17.306 0.117 0.195 47 48 79
17.307 0.115 0.164 52 63 125
17.306 0.072 0.239 22 43 134
17.313 0.046 0.069 121 133 147
17.310 -0.020 0.227 175 175 147
17.311 0.008 0.181 151 153 140
17.314 0.007 0.091 158 161 140
17.308 0.003 0.263 137 149 145
17.308 0.018 0.261 136 157 204
17.310 0.078 0.126 54 85 193
17.307 0.045 0.248 23 50 179
17.310 0.004 0.218 150 158 145
17.309 -0.002 0.254 119 125 175
17.309 0.017 0.209 117 130 139
17.311 -0.015 0.200 165 162 129
17.314 -0.000 0.090 138 141 120
17.306 0.094 0.210 76 86 171
17.305 0.123 0.206 46 52 74
17.312 0.002 0.141 115 118 101
17.307 0.090 0.190 48 69 186
17.310 0.047 0.146 115 131 157
17.310 0.048 0.136 109 125 159
17.311 0.072 0.092 74 104 158
17.312 0.005 0.151 127 131 116
17.308 0.069 0.199 39 68 186
17.309 0.010 0.243 97 111 120
17.314 0.021 0.071 162 168 154
17.310 -0.004 0.208 138 140 119
17.308 0.023 0.236 131 153 192
17.310 0.065 0.141 74 95 176
17.315 0.020 0.022 112 118 108
17.309 0.072 0.161 149 173 197
17.308 0.091 0.154 43 66 136
17.310 0.036 0.178 108 118 153
17.314 -0.000 0.098 164 167 148
17.305 0.140 0.188 26 24 35
17.312 0.024 0.129 119 127 129
17.306 0.099 0.198 88 98 183
17.310 -0.016 0.241 145 154 127
17.307 0.111 0.171 28 40 112
17.306 0.114 0.198 53 55 78
17.310 0.048 0.164 100 113 166
17.310 0.024 0.168 119 128 137
17.307 0.097 0.171 36 65 145
17.308 0.081 0.180 44 72 172
17.307 0.061 0.217 37 66 196
17.311 0.002 0.177 119 117 102
17.312 0.049 0.079 100 110 145
17.310 -0.019 0.222 176 175 147
17.312 0.010 0.141 109 115 105
17.307 0.081 0.190 46 73 188
17.306 0.115 0.176 136 141 199
17.307 0.069 0.224 42 65 203
17.305 0.131 0.200 40 48 50
17.304 0.146 0.211 68 69 64
17.307 0.088 0.200 53 70 186
17.306 0.109 0.193 120 126 178
17.308 0.090 0.172 48 69 184
17.307 0.092 0.200 56 70 179
17.310 0.058 0.141 84 102 174
17.314 0.034 0.051 155 164 161
17.312 0.055 0.068 109 118 159
17.307 0.054 0.230 36 65 203
17.311 0.052 0.121 107 124 170
17.307 0.048 0.230 38 67 184
17.313 0.029 0.073 111 121 122
17.313 0.016 0.083 138 145 129
17.304 0.134 0.222 71 74 79
17.307 0.114 0.173 124 133 192
17.311 -0.002 0.195 127 124 105
17.312 -0.006 0.143 126 129 102
17.304 0.136 0.219 66 66 74
17.312 0.006 0.155 139 145 133
17.306 0.115 0.184 95 101 151
17.308 0.099 0.131 0 19 77
17.307 0.086 0.193 50 72 192
17.312 0.056 0.077 114 127 171
17.310 0.044 0.165 117 132 165
17.313 0.003 0.102 148 151 132
17.306 0.117 0.197 44 46 71
17.309 0.033 0.196 99 116 146
17.308 0.035 0.232 91 119 184
17.315 0.009 0.049 136 137 129
17.308 0.013 0.260 140 156 181
17.308 0.105 0.138 5 24 93
17.310 0.029 0.186 148 160 176
17.309 0.073 0.133 69 90 181
17.307 0.108 0.156 22 46 108
17.305 0.110 0.220 71 73 122
17.310 -0.025 0.254 150 156 120
17.306 0.100 0.204 131 136 200
17.313 0.027 0.096 142 152 154
17.311 0.028 0.131 108 115 131
17.310 0.015 0.182 148 152 153
17.310 0.072 0.132 75 97 183
17.311 0.047 0.118 109 121 169
17.308 0.099 0.159 12 33 140
17.308 0.068 0.199 40 69 187
17.310 0.039 0.146 118 128 155
17.314 0.006 0.071 136 139 120
17.307 0.079 0.205 46 70 194
17.306 0.093 0.231 28 41 109
17.309 0.039 0.182 107 120 162
17.311 0.006 0.178 137 138 124
17.308 0.086 0.149 42 58 145
17.309 -0.007 0.258 145 156 160
17.311 0.047 0.110 106 121 152
17.311 0.052 0.115 99 120 151
17.312 0.050 0.093 106 117 163
17.309 -0.014 0.247 113 121 100
17.310 0.056 0.143 91 110 169
17.310 0.044 0.163 117 132 165
17.307 0.029 0.260 65 93 192
17.311 0.063 0.107 84 106 166
17.307 0.048 0.242 28 57 185
17.311 0.073 0.093 74 104 158
17.308 0.108 0.144 4 19 120
17.310 0.059 0.150 80 96 173
17.305 0.092 0.238 9 15 93
17.312 0.050 0.085 102 112 148
17.314 0.041 0.045 146 154 156
17.312 0.034 0.094 107 115 128
17.310 0.079 0.112 74 97 175
17.308 0.076 0.162 66 81 176
17.315 0.014 0.029 125 128 121
17.310 -0.006 0.216 144 146 124
17.306 0.085 0.229 51 70 147
17.314 0.026 0.049 119 124 117
17.306 0.071 0.243 17 37 136
17.313 0.045 0.067 121 133 147
17.314 0.025 0.062 155 160 153
17.312 0.048 0.084 102 112 148
17.309 0.040 0.183 107 120 162
17.307 0.061 0.220 39 68 194
17.304 0.139 0.221 72 70 81
17.310 0.014 0.179 127 130 123
17.305 0.099 0.229 42 60 100
17.315 0.022 0.031 124 129 123
17.309 0.085 0.132 67 97 170
17.308 0.020 0.239 109 126 172
17.310 0.049 0.158 101 114 167
17.308 0.095 0.154 30 50 137
17.315 0.015 0.017 140 146 132
17.308 0.087 0.162 50 70 156
17.307 0.039 0.241 40 66 187
17.307 0.099 0.185 43 60 164
17.312 -0.002 0.158 126 127 109
17.308 0.024 0.250 105 136 182
17.314 0.013 0.059 119 122 105
17.310 0.063 0.133 88 110 168
17.311 -0.017 0.206 168 161 135
17.310 -0.011 0.227 159 163 138
17.313 0.037 0.067 100 113 121
17.312 0.042 0.086 97 108 130
17.307 0.090 0.184 48 74 187
17.309 0.072 0.138 74 95 186
17.306 0.131 0.180 12 11 29
17.309 -0.010 0.268 109 119 128
17.312 0.052 0.072 110 121 153
17.310 -0.013 0.245 113 121 100
17.310 -0.023 0.241 148 153 123
17.308 0.024 0.257 106 136 196
17.306 0.073 0.242 16 32 128
17.311 0.041 0.141 113 124 152
17.305 0.136 0.202 51 56 62
17.306 0.075 0.238 27 44 132
17.314 0.010 0.079 134 137 116
17.304 0.141 0.221 78 75 86
17.312 0.040 0.096 96 106 118
17.309 -0.013 0.258 112 122 95
17.310 -0.015 0.233 121 127 101
17.307 0.045 0.245 31 59 185
17.307 0.074 0.201 41 69 192
17.306 0.082 0.218 58 75 179
17.310 0.041 0.151 126 138 160
17.314 0.004 0.070 112 115 98
17.310 0.033 0.179 127 137 164
17.311 0.039 0.132 110 121 153
17.315 0.022 0.028 132 137 131
17.313 0.015 0.082 166 171 151
17.310 0.066 0.126 82 106 166
17.311 -0.004 0.200 140 137 118
17.313 0.038 0.051 139 147 149
17.312 -0.007 0.158 128 132 107
17.309 0.047 0.197 148 167 207
17.310 0.047 0.164 117 132 165
17.311 0.020 0.147 113 122 121
17.310 0.047 0.157 110 124 159
17.307 0.100 0.187 54 67 161
17.311 0.001 0.177 119 117 102
17.307 0.074 0.209 44 69 195
17.307 0.108 0.155 14 37 104
17.310 0.027 0.179 117 127 126
17.308 0.076 0.182 46 71 172
17.315 0.019 0.021 105 111 99
17.306 0.090 0.218 51 63 147
17.311 0.051 0.123 107 124 170
17.306 0.091 0.214 53 67 155
17.305 0.110 0.230 57 64 93
17.309 0.016 0.233 133 145 161
17.305 0.110 0.225 62 67 109
17.310 0.015 0.204 141 146 142
17.307 0.091 0.175 50 75 178
17.312 0.034 0.092 117 127 136
17.310 0.045 0.163 117 132 165
17.308 0.055 0.215 37 67 201
17.311 0.018 0.165 142 144 143
17.307 0.110 0.155 18 37 106
17.305 0.127 0.215 88 98 108
17.312 0.044 0.082 98 108 133
17.308 0.039 0.230 62 86 186
17.309 0.098 0.131 73 94 141
17.306 0.096 0.220 77 87 149
17.307 0.072 0.226 44 68 192
17.304 0.151 0.214 92 90 91
17.308 0.105 0.135 10 27 97
17.313 0.013 0.109 96 99 88
17.305 0.139 0.195 50 49 63
17.306 0.124 0.165 96 99 142
17.313 0.017 0.080 148 155 139
17.306 0.070 0.234 39 65 160
17.313 0.046 0.054 97 113 147
17.315 0.017 0.041 128 130 125
17.311 -0.014 0.195 148 147 116
17.307 0.088 0.199 48 68 189
17.312 0.039 0.098 114 124 134
17.311 0.072 0.095 72 98 155
17.313 0.036 0.058 136 144 146
17.314 0.013 0.076 143 146 127
17.311 0.004 0.184 150 148 133
17.315 0.024 0.024 131 136 129
17.311 0.038 0.140 107 116 147
17.315 0.017 0.036 127 129 124
17.311 -0.004 0.177 140 139 119
17.305 0.123 0.222 132 143 139
17.309 -0.017 0.259 165 178 125
17.311 -0.004 0.186 146 144 123
17.307 0.066 0.207 37 67 191
17.309 0.017 0.213 113 125 137
17.307 0.103 0.184 47 62 157
17.309 0.069 0.157 108 132 176
17.306 0.082 0.221 60 78 180
17.310 -0.011 0.224 150 154 129
17.308 0.069 0.181 47 68 173
17.315 0.015 0.038 135 138 131
17.313 -0.005 0.123 116 120 95
17.306 0.071 0.231 47 72 173
17.307 0.102 0.161 21 47 124
17.310 0.023 0.183 124 134 123
17.310 -0.005 0.233 117 128 114
17.305 0.103 0.226 61 68 112
17.310 -0.001 0.215 109 116 100
17.308 0.061 0.200 46 66 199
17.308 0.035 0.227 118 145 192
17.311 0.008 0.181 130 133 122
17.309 -0.014 0.266 115 121 117
17.309 0.008 0.233 108 117 122
