-20.444 28.397 0.755 185 187 186
-20.513 28.399 0.783 141 143 132
-20.502 28.397 0.784 190 183 175
-20.468 28.399 0.761 187 179 176
-20.409 28.396 0.739 187 183 180
-20.540 28.397 0.802 147 144 135
-20.494 28.396 0.782 188 185 178
-20.514 28.401 0.779 113 113 101
-20.514 28.400 0.781 126 128 117
-20.412 28.396 0.741 187 183 180
-20.448 28.399 0.753 181 182 177
-20.494 28.396 0.782 188 185 178
-20.436 28.399 0.746 195 191 188
-20.533 28.400 0.790 93 81 67
-20.545 28.398 0.802 147 143 134
-20.508 28.398 0.784 184 187 178
-20.522 28.396 0.794 152 154 143
-20.542 28.401 0.794 110 92 78
-20.472 28.398 0.767 182 182 180
-20.548 28.401 0.795 99 83 70
-20.529 28.399 0.791 94 84 72
-20.460 28.367 1.092 69 86 155
-20.443 28.368 1.092 81 106 170
-20.484 28.358 1.102 80 128 230
-20.522 28.363 1.090 39 64 121
-20.469 28.356 1.107 76 118 218
-20.463 28.365 1.095 97 133 229
-20.475 28.370 1.086 28 48 85
-20.486 28.356 1.104 82 125 227
-20.388 28.375 1.089 121 127 149
-20.395 28.376 1.088 117 123 147
-20.473 28.363 1.097 98 144 232
-20.519 28.360 1.094 115 143 217
-20.494 28.360 1.099 93 131 228
-20.474 28.367 1.091 62 92 154
-20.476 28.368 1.089 21 48 95
-20.409 28.370 1.094 92 106 151
-20.422 28.374 1.088 126 136 163
-20.429 28.371 1.090 97 113 147
-20.432 28.364 1.100 73 109 185
-20.489 28.359 1.100 89 133 230
-20.436 28.366 1.097 74 104 174
-20.384 28.376 1.089 119 124 146
-20.397 28.377 1.087 131 137 161
-20.449 28.366 1.095 87 119 204
-20.416 28.371 1.092 112 122 157
-20.456 28.364 1.097 92 123 213
-20.442 28.364 1.099 87 124 215
-20.492 28.354 1.107 83 119 216
-20.462 28.368 1.091 69 86 155
-20.429 28.386 1.012 200 201 205
-20.483 28.394 1.012 208 214 214
-20.445 28.387 0.978 206 208 207
-20.488 28.391 0.928 193 195 192
-20.467 28.392 1.016 200 204 203
-20.458 28.391 1.036 202 212 221
-20.501 28.391 0.887 199 200 192
-20.482 28.395 1.031 199 205 205
-20.438 28.387 0.994 193 203 202
-20.490 28.393 0.966 194 199 193
-20.483 28.390 0.913 195 197 194
-20.499 28.395 0.984 198 201 194
-20.529 28.395 0.881 188 193 186
-20.437 28.389 1.052 42 56 85
-20.424 28.386 1.023 201 209 212
-20.489 28.395 1.026 196 200 199
-20.490 28.391 0.931 193 194 189
-20.459 28.390 1.002 190 200 192
-20.509 28.395 0.952 195 200 194
-20.413 28.385 1.034 59 67 86
-20.467 28.389 0.940 192 193 195
-20.539 28.395 0.845 189 195 195
-20.465 28.391 0.998 191 201 193
-20.491 28.395 1.012 210 216 214
-20.415 28.386 1.059 43 57 84
-20.427 28.386 1.014 198 202 205
-20.520 28.393 0.868 192 193 188
-20.485 28.391 0.935 195 197 194
-20.474 28.390 0.940 196 198 197
-20.526 28.394 0.877 191 194 187
-20.532 28.395 0.867 191 193 190
-20.537 28.395 0.854 193 194 196
-20.481 28.390 0.922 196 198 197
-20.509 28.393 0.893 200 203 194
-20.451 28.388 0.977 197 199 198
-20.468 28.391 1.001 191 201 193
-20.512 28.394 0.904 196 199 192
-20.482 28.390 0.917 197 199 196
-20.406 28.384 1.039 39 51 77
-20.447 28.388 0.995 202 212 211
-20.469 28.391 1.003 192 201 196
-20.502 28.394 0.946 198 199 193
-20.528 28.394 0.861 191 191 189
-20.507 28.393 0.918 196 199 192
-20.460 28.390 1.008 195 201 197
-20.468 28.390 0.978 195 201 197
-20.466 28.391 1.009 195 201 197
-20.506 28.392 0.883 199 202 193
-20.483 28.394 1.017 210 214 215
-20.496 28.391 0.898 195 198 191
-20.440 28.387 0.991 193 203 202
-20.444 28.387 0.987 198 207 204
-20.438 28.386 0.983 194 200 198
-20.455 28.390 1.009 196 200 201
-20.407 28.384 1.041 45 56 86
-20.521 28.394 0.894 190 193 186
-20.471 28.390 0.964 195 200 196
-20.445 28.389 1.026 202 213 217
-20.511 28.393 0.883 198 201 192
-20.395 28.383 1.064 45 55 80
-20.427 28.387 1.033 104 113 130
-20.464 28.392 1.038 214 224 233
-20.524 28.395 0.889 192 195 186
-20.505 28.391 0.881 203 204 196
-20.481 28.392 0.971 202 207 201
-20.490 28.391 0.930 193 194 189
-20.542 28.395 0.826 189 195 193
-20.444 28.388 1.005 203 207 208
-20.414 28.384 1.015 200 205 211
-20.486 28.392 0.950 196 198 195
-20.465 28.391 1.002 190 199 194
-20.465 28.390 0.979 194 200 198
-20.470 28.389 0.947 195 199 198
-20.497 28.395 0.997 195 200 196
-20.489 28.393 0.977 194 199 193
-20.454 28.389 0.999 191 201 202
-20.447 28.388 0.996 200 210 209
-20.417 28.386 1.056 44 58 85
-20.456 28.390 1.005 191 200 195
-20.470 28.392 1.015 199 203 204
-20.527 28.393 0.851 194 196 195
-20.459 28.388 0.958 192 196 195
-20.482 28.394 1.029 200 206 204
-20.542 28.395 0.829 190 196 194
-20.388 28.382 1.051 44 55 83
-20.426 28.385 1.009 199 200 204
-20.462 28.391 1.025 203 204 206
-20.461 28.389 0.965 191 197 193
-20.485 28.392 0.971 197 202 196
-20.444 28.389 1.042 45 57 81
-20.448 28.390 1.034 202 212 222
-20.435 28.387 1.014 199 203 206
-20.463 28.390 0.996 191 201 193
-20.410 28.385 1.050 47 61 90
-20.420 28.386 1.042 55 66 94
-20.382 28.381 1.061 47 58 80
-20.392 28.382 1.046 42 53 83
-20.514 28.394 0.918 195 198 191
-20.466 28.391 1.003 190 199 194
-20.444 28.387 0.982 200 204 203
-20.509 28.392 0.879 201 204 195
-20.466 28.388 0.941 189 193 194
-20.444 28.388 0.995 196 206 205
-20.506 28.392 0.901 200 201 195
-20.525 28.395 0.882 191 194 185
-20.479 28.391 0.951 198 200 197
-20.509 28.394 0.915 197 200 193
-20.427 28.385 0.998 197 203 203
-20.452 28.390 1.031 208 219 223
-20.459 28.389 0.977 190 196 196
-20.442 28.388 1.020 202 208 206
-20.413 28.386 1.053 46 60 89
-20.495 28.392 0.925 192 194 189
-20.498 28.392 0.916 197 198 192
-20.423 28.387 1.054 46 60 89
-20.485 28.392 0.971 197 202 196
-20.439 28.387 0.993 193 203 202
-20.479 28.390 0.929 197 199 198
-20.505 28.394 0.942 194 199 193
-20.528 28.395 0.882 191 194 187
-20.461 28.389 0.967 191 197 193
-20.465 28.390 0.972 192 198 194
-20.490 28.372 1.078 37 53 78
-20.461 28.376 1.077 37 55 77
-20.473 28.391 1.042 179 191 207
-20.501 28.372 1.076 42 57 80
-20.502 28.368 1.085 32 57 87
-20.427 28.385 1.063 45 59 86
-20.518 28.369 1.079 42 57 80
-20.507 28.380 1.058 43 59 82
-20.504 28.387 1.044 178 186 199
-20.409 28.380 1.076 42 53 83
-20.519 28.373 1.070 43 58 89
-20.497 28.389 1.040 212 219 227
-20.399 28.377 1.085 133 139 165
-20.492 28.390 1.040 215 222 232
-20.420 28.382 1.070 44 55 85
-20.522 28.373 1.071 43 56 88
-20.465 28.389 1.048 32 44 68
-20.442 28.373 1.085 45 56 88
-20.451 28.375 1.080 45 54 83
-20.437 28.389 1.053 42 56 85
-20.396 28.380 1.080 102 113 133
-20.474 28.375 1.075 43 54 82
-20.457 28.378 1.073 34 56 77
-20.451 28.378 1.074 41 52 80
-20.430 28.382 1.069 47 58 88
-20.484 28.371 1.082 35 54 84
-20.429 28.384 1.064 45 59 86
-20.482 28.390 1.042 141 150 165
-20.416 28.378 1.081 56 66 93
-20.532 28.372 1.072 45 56 86
-20.414 28.379 1.079 56 66 93
-20.457 28.388 1.050 40 54 81
-20.456 28.385 1.056 42 57 88
-20.412 28.377 1.084 91 99 122
-20.464 28.385 1.055 47 61 90
-20.469 28.386 1.052 46 60 87
-20.513 28.382 1.053 43 59 82
-20.438 28.377 1.078 40 49 80
-20.471 28.379 1.067 43 58 89
-20.391 28.383 1.075 58 74 90
-20.443 28.379 1.073 46 57 89
-20.489 28.392 1.036 210 215 219
-20.371 28.380 1.083 96 98 119
-20.483 28.382 1.058 42 57 88
-20.497 28.372 1.077 42 57 80
-20.423 28.375 1.085 96 104 127
-20.458 28.387 1.053 40 54 81
-20.441 28.388 1.054 46 60 87
-20.488 28.392 1.036 205 210 216
-20.470 28.377 1.073 42 58 83
-20.469 28.381 1.064 41 56 89
-20.412 28.377 1.083 91 99 122
-20.457 28.388 1.051 40 54 81
-20.475 28.377 1.071 42 57 88
-20.452 28.373 1.084 32 45 80
-20.393 28.377 1.086 121 129 150
-20.467 28.387 1.050 46 60 87
-20.479 28.384 1.054 47 61 90
-20.429 28.391 0.856 190 196 194
-20.377 28.393 0.789 190 190 180
-20.404 28.387 0.949 192 200 202
-20.491 28.392 0.848 193 195 190
-20.464 28.392 0.860 193 195 192
-20.390 28.388 0.914 195 199 198
-20.377 28.391 0.851 193 192 187
-20.454 28.393 0.829 191 190 186
-20.386 28.384 1.010 207 212 206
-20.380 28.381 1.057 47 58 80
-20.373 28.385 0.981 208 211 204
-20.414 28.385 0.983 195 204 203
-20.429 28.388 0.932 193 197 206
-20.387 28.382 1.040 48 57 86
-20.371 28.389 0.886 197 196 192
-20.445 28.389 0.901 191 197 197
-20.387 28.388 0.908 196 198 197
-20.430 28.393 0.813 185 185 183
-20.473 28.391 0.877 192 194 191
-20.491 28.393 0.847 193 195 190
-20.394 28.391 0.839 187 188 183
-20.395 28.388 0.907 194 198 199
-20.452 28.390 0.896 190 196 196
-20.389 28.394 0.776 190 187 180
-20.475 28.391 0.875 192 194 191
-20.428 28.395 0.771 188 185 180
-20.400 28.385 0.983 199 203 206
-20.413 28.390 0.873 190 196 196
-20.428 28.394 0.801 185 185 183
-20.401 28.395 0.759 192 191 187
-20.445 28.388 0.927 191 199 202
-20.510 28.392 0.856 193 193 191
-20.455 28.388 0.935 190 195 198
-20.446 28.394 0.800 186 186 186
-20.433 28.388 0.931 194 198 207
-20.370 28.384 0.990 214 214 212
-20.526 28.393 0.838 191 197 193
-20.384 28.385 0.966 201 203 202
-20.444 28.395 0.783 187 188 190
-20.378 28.391 0.850 192 191 186
-20.490 28.390 0.891 193 196 189
-20.373 28.392 0.827 191 191 181
-20.385 28.382 1.035 38 46 67
-20.380 28.393 0.798 187 187 179
-20.429 28.389 0.912 193 198 202
-20.370 28.391 0.842 193 190 183
-20.390 28.392 0.816 192 192 184
-20.454 28.387 0.949 194 198 201
-20.390 28.394 0.779 190 187 182
-20.377 28.391 0.839 193 190 185
-20.380 28.386 0.952 202 204 201
-20.495 28.394 0.823 192 191 186
-20.459 28.389 0.924 192 196 199
-20.387 28.384 1.006 205 210 203
-20.384 28.394 0.771 190 187 180
-20.398 28.391 0.856 189 191 188
-20.411 28.386 0.954 195 199 202
-20.452 28.388 0.944 193 197 200
-20.523 28.393 0.843 194 198 197
-20.455 28.391 0.869 193 195 192
-20.493 28.392 0.868 202 203 197
-20.385 28.386 0.945 199 201 200
-20.476 28.392 0.844 192 193 188
-20.380 28.387 0.936 199 201 198
-20.423 28.389 0.894 192 197 200
-20.438 28.391 0.866 192 196 195
-20.489 28.394 0.815 191 191 183
-20.423 28.389 0.911 193 198 202
-20.467 28.394 0.803 183 188 184
-20.460 28.393 0.833 191 192 187
-20.390 28.391 0.842 188 189 184
-20.492 28.395 0.792 188 190 189
-20.445 28.390 0.890 192 196 197
-20.390 28.395 0.761 187 187 179
-20.373 28.387 0.931 202 203 198
-20.541 28.395 0.818 185 186 188
-20.482 28.394 0.806 189 190 185
-20.371 28.386 0.945 203 204 199
-20.403 28.394 0.788 190 191 186
-20.484 28.393 0.844 194 196 191
-20.399 28.385 0.975 197 203 203
-20.472 28.393 0.840 191 192 187
-20.480 28.390 0.891 193 195 192
-20.403 28.387 0.939 194 199 203
-20.484 28.395 0.788 188 187 192
-20.371 28.391 0.843 193 190 183
-20.390 28.387 0.938 196 200 201
-20.468 28.395 0.774 179 184 187
-20.411 28.388 0.927 192 199 205
-20.380 28.388 0.910 198 198 196
-20.378 28.385 0.975 205 205 203
-20.460 28.391 0.874 191 195 194
-20.394 28.386 0.967 198 202 203
-20.409 28.386 0.954 195 199 202
-20.479 28.391 0.868 192 194 191
-20.464 28.393 0.829 190 189 185
-20.511 28.393 0.836 191 196 192
-20.450 28.391 0.872 193 195 194
-20.372 28.387 0.935 203 204 199
-20.387 28.382 1.041 48 59 87
-20.432 28.391 0.862 190 196 194
-20.386 28.384 0.993 204 208 209
-20.419 28.389 0.900 191 196 199
-20.483 28.395 0.792 188 187 192
-20.405 28.396 0.748 191 190 186
-20.526 28.393 0.841 192 196 195
-20.497 28.395 0.786 186 188 187
-20.447 28.391 0.867 192 196 195
-20.377 28.384 0.994 212 214 211
-20.376 28.382 1.049 48 56 79
-20.412 28.390 0.875 191 197 197
-20.385 28.392 0.822 190 190 182
-20.380 28.387 0.920 198 200 197
-20.401 28.385 0.981 199 203 206
-20.370 28.382 1.029 239 243 244
-20.461 28.390 0.902 192 196 197
-20.446 28.391 0.862 191 197 193
-20.400 28.389 0.893 192 196 197
-20.394 28.390 0.876 191 193 190
-20.428 28.392 0.833 185 185 183
-20.369 28.393 0.783 192 190 178
-20.411 28.385 0.985 196 205 204
-20.377 28.394 0.767 191 188 179
-20.473 28.395 0.779 184 186 183
-20.479 28.391 0.867 192 194 189
-20.391 28.384 1.012 207 213 213
-20.466 28.393 0.822 191 190 185
-20.425 28.386 0.980 195 201 201
-20.459 28.395 0.790 190 191 193
-20.372 28.386 0.943 203 204 199
-20.382 28.385 0.973 202 204 203
-20.406 28.392 0.824 189 190 185
-20.381 28.390 0.859 192 193 188
-20.449 28.392 0.846 189 194 190
-20.493 28.391 0.879 201 202 196
-20.444 28.394 0.803 187 187 187
-20.415 28.395 0.772 190 187 182
-20.376 28.385 0.969 206 206 204
-20.433 28.390 0.884 192 196 197
-20.436 28.396 0.759 185 185 185
-20.415 28.391 0.858 186 192 190
-20.526 28.394 0.829 191 196 190
-20.427 28.386 0.959 194 197 202
-20.499 28.395 0.793 189 191 186
-20.383 28.396 0.741 192 185 179
-20.487 28.392 0.853 192 194 189
-20.485 28.393 0.841 194 196 191
-20.382 28.387 0.930 199 201 198
-20.369 28.383 1.017 219 220 212
-20.396 28.384 1.005 205 211 207
-20.418 28.391 0.850 190 194 193
-20.468 28.395 0.782 189 188 184
-20.437 28.392 0.839 189 191 188
-20.412 28.389 0.886 190 194 197
-20.542 28.395 0.810 179 181 180
-20.470 28.392 0.850 193 194 189
-20.382 28.391 0.852 192 191 187
-20.445 28.388 0.929 194 199 205
-20.398 28.388 0.921 194 200 200
-20.370 28.385 0.973 208 208 206
-20.458 28.393 0.831 191 190 186
-20.382 28.382 1.040 49 59 86
-20.395 28.388 0.911 195 199 200
-20.415 28.389 0.898 191 196 199
-20.474 28.395 0.794 188 188 190
-20.380 28.389 0.881 195 194 192
-20.369 28.393 0.798 190 190 180
-20.378 28.384 0.987 208 210 207
-20.404 28.385 0.990 201 205 208
-20.385 28.387 0.940 198 200 199
-20.392 28.392 0.832 188 189 184
-20.435 28.394 0.787 185 187 184
-20.381 28.389 0.877 192 193 188
-20.425 28.387 0.944 193 196 203
-20.440 28.389 0.915 192 197 201
-20.496 28.394 0.821 193 192 187
-20.392 28.390 0.876 192 194 191
-20.390 28.388 0.909 194 198 197
-20.462 28.389 0.924 193 197 200
-20.487 28.390 0.899 195 197 192
-20.385 28.387 0.936 199 201 200
-20.461 28.391 0.863 193 195 192
-20.523 28.395 0.802 163 169 159
-20.391 28.382 1.045 45 56 86
-20.428 28.393 0.807 188 188 186
-20.385 28.395 0.746 188 183 177
-20.386 28.395 0.747 187 182 176
-20.479 28.391 0.880 192 194 191
-20.502 28.394 0.824 193 192 188
-20.442 28.388 0.930 195 200 206
-20.471 28.393 0.830 195 192 185
-20.448 28.389 0.904 191 196 199
-20.466 28.391 0.874 190 194 193
-20.396 28.391 0.849 188 190 187
-20.481 28.390 0.904 194 196 193
-20.457 28.396 0.766 185 185 183
-20.416 28.393 0.810 191 192 187
-20.421 28.391 0.850 191 195 194
-20.448 28.390 0.888 192 196 195
-20.389 28.391 0.848 189 190 185
-20.440 28.386 0.972 197 203 203
-20.510 28.395 0.793 184 190 180
-20.448 28.389 0.906 191 196 199
-20.405 28.387 0.930 191 199 202
-20.389 28.392 0.814 192 192 184
-20.442 28.395 0.785 188 190 189
-20.457 28.393 0.835 189 191 186
-20.369 28.394 0.773 192 190 178
-20.385 28.396 0.732 192 182 173
-20.379 28.389 0.880 196 195 193
-20.449 28.390 0.885 191 195 194
-20.405 28.391 0.853 189 191 188
-20.467 28.391 0.876 193 195 192
-20.439 28.390 0.883 191 195 196
-20.525 28.394 0.823 192 193 188
-20.412 28.395 0.756 185 186 180
-20.502 28.394 0.817 188 191 184
-20.419 28.391 0.858 187 193 191
-20.440 28.388 0.936 194 199 205
-20.378 28.385 0.983 208 210 205
-20.430 28.392 0.843 189 191 188
-20.380 28.396 0.735 192 183 176
-20.421 28.392 0.837 193 193 191
-20.445 28.387 0.946 195 198 203
-20.468 28.392 0.841 192 193 188
-20.491 28.394 0.820 192 192 184
-20.387 28.387 0.928 196 200 199
-20.389 28.383 1.030 141 150 165
-20.392 28.393 0.799 188 187 182
-20.437 28.395 0.763 185 184 182
-20.412 28.393 0.798 190 191 186
-20.439 28.391 0.869 192 196 195
-20.368 28.392 0.804 191 191 181
-20.403 28.388 0.908 193 198 201
-20.402 28.384 1.002 205 210 206
-20.380 28.395 0.759 190 187 178
-20.392 28.389 0.889 194 196 195
-20.485 28.395 0.782 186 187 181
-20.431 28.395 0.772 185 184 180
-20.405 28.391 0.840 188 190 187
-20.432 28.392 0.833 188 188 186
-20.384 28.387 0.933 199 201 200
-20.514 28.393 0.851 193 193 191
-20.370 28.391 0.849 194 191 186
-20.462 28.393 0.833 191 192 187
-20.368 28.383 1.020 218 219 213
-20.383 28.392 0.812 192 192 184
-20.367 28.383 1.008 217 219 208
-20.393 28.387 0.930 196 200 201
-20.419 28.388 0.930 192 197 203
-20.461 28.388 0.932 191 195 198
-20.376 28.385 0.982 208 210 205
-20.396 28.391 0.846 188 188 186
-20.409 28.391 0.859 186 190 189
-20.510 28.395 0.800 181 191 182
-20.444 28.394 0.791 187 189 188
-20.507 28.394 0.822 193 192 187
-20.386 28.388 0.921 196 200 199
-20.442 28.389 0.904 192 197 200
-20.377 28.395 0.761 191 188 179
-20.482 28.394 0.813 189 189 181
-20.416 28.385 0.978 194 200 200
-20.415 28.389 0.907 192 197 201
-20.487 28.391 0.888 191 193 188
-20.497 28.395 0.785 186 188 187
-20.446 28.392 0.845 189 194 190
-20.407 28.389 0.889 190 194 197
-20.420 28.393 0.809 190 191 186
-20.379 28.385 0.975 203 205 204
-20.418 28.387 0.943 194 197 204
-20.451 28.388 0.934 191 196 200
-20.432 28.391 0.868 192 196 195
-20.486 28.392 0.860 192 194 189
-20.450 28.388 0.941 193 197 200
-20.406 28.388 0.910 193 198 201
-20.405 28.388 0.926 193 198 201
-20.436 28.396 0.759 185 185 185
-20.405 28.385 0.984 198 202 205
-20.472 28.394 0.797 185 187 186
-20.505 28.394 0.815 188 191 184
-20.390 28.394 0.780 191 188 181
-20.463 28.389 0.926 193 197 198
-20.509 28.395 0.805 185 192 184
-20.369 28.396 0.736 194 185 176
-20.396 28.396 0.746 190 187 182
-20.418 28.387 0.948 194 197 202
-20.376 28.391 0.840 193 190 185
-20.413 28.384 1.002 205 206 208
-20.441 28.392 0.835 189 191 188
-20.447 28.395 0.772 185 185 183
-20.405 28.392 0.818 188 189 184
-20.403 28.392 0.823 188 189 184
-20.491 28.392 0.861 193 195 190
-20.368 28.391 0.849 195 192 185
-20.420 28.393 0.804 190 191 186
-20.366 28.381 1.059 51 56 76
-20.412 28.392 0.841 191 191 191
-20.406 28.392 0.827 188 189 184
-20.456 28.393 0.821 191 190 186
-20.436 28.396 0.760 185 185 183
-20.413 28.395 0.763 192 187 181
-20.404 28.390 0.864 188 192 191
-20.446 28.389 0.920 190 198 201
-20.524 28.394 0.830 191 196 190
-20.429 28.391 0.870 192 196 195
-20.388 28.382 1.035 38 49 71
-20.468 28.391 0.882 189 193 192
-20.442 28.388 0.927 191 199 202
-20.465 28.392 0.841 192 193 188
-20.441 28.393 0.821 188 187 183
-20.388 28.382 1.037 43 53 80
-20.468 28.390 0.884 190 194 193
-20.526 28.394 0.836 191 197 193
-20.498 28.395 0.788 187 189 186
-20.372 28.392 0.808 190 190 180
-20.449 28.389 0.920 190 198 201
-20.481 28.390 0.891 193 195 192
-20.372 28.387 0.935 203 204 199
-20.386 28.385 0.976 200 205 201
-20.433 28.393 0.820 189 188 184
-20.479 28.393 0.832 196 191 185
-20.497 28.392 0.855 193 195 190
-20.372 28.395 0.760 190 188 176
-20.440 28.391 0.856 189 195 191
-20.484 28.396 0.777 180 186 182
-20.418 28.388 0.929 192 197 203
-20.416 28.386 0.974 195 201 201
-20.419 28.393 0.820 192 191 187
-20.450 28.393 0.832 190 192 187
-20.463 28.393 0.836 191 192 187
-20.425 28.388 0.914 193 198 202
-20.495 28.393 0.847 193 195 190
-20.488 28.391 0.890 193 196 189
-20.385 28.387 0.939 199 201 200
-20.419 28.394 0.795 186 188 183
-20.875 28.396 0.792 120 135 128
-20.828 28.400 0.798 168 170 165
-20.833 28.395 0.799 138 157 151
-20.743 28.399 0.815 185 190 196
-20.708 28.396 0.823 161 170 179
-20.739 28.397 0.816 197 204 210
-20.786 28.399 0.807 161 170 167
-20.779 28.394 0.809 178 188 189
-20.727 28.394 0.820 176 185 192
-20.833 28.400 0.797 163 165 160
-20.869 28.396 0.791 116 131 124
-20.723 28.395 0.820 174 183 190
-20.814 28.392 0.803 161 176 173
-20.772 28.401 0.809 120 124 125
-20.842 28.392 0.798 117 124 116
-20.792 28.395 0.807 176 188 188
-20.675 28.397 0.829 157 166 175
-20.727 28.399 0.818 202 208 220
-20.788 28.399 0.806 161 170 167
-20.847 28.397 0.795 130 141 133
-20.704 28.393 0.824 160 167 175
-20.827 28.398 0.799 165 178 169
-20.782 28.397 0.808 167 173 173
-20.859 28.398 0.793 120 133 124
-20.744 28.394 0.816 183 194 198
-20.786 28.398 0.807 178 194 191
-20.736 28.393 0.818 181 190 197
-20.663 28.395 0.832 180 189 196
-20.768 28.395 0.811 176 188 188
-20.753 28.398 0.813 164 172 175
-20.667 28.392 0.832 179 184 188
-20.868 28.400 0.791 113 132 128
-20.558 28.400 0.811 160 166 166
-20.639 28.394 0.828 185 193 204
-20.610 28.393 0.823 188 192 201
-20.639 28.399 0.827 182 190 192
-20.623 28.401 0.823 178 186 188
-20.653 28.398 0.830 182 191 198
-20.642 28.393 0.829 185 194 199
-20.362 28.077 0.888 199 197 185
-20.360 27.996 0.928 191 193 180
-20.361 28.084 0.986 204 202 190
-20.361 28.156 1.071 40 47 63
-20.362 28.069 0.822 197 192 188
-20.361 28.056 0.866 199 196 189
-20.362 28.139 0.952 202 199 192
-20.361 28.038 0.842 194 195 187
-20.360 28.040 1.000 200 201 195
-20.362 28.141 0.945 204 201 194
-20.362 28.060 0.853 198 195 188
-20.362 28.149 0.947 203 200 193
-20.361 28.019 0.952 197 197 185
-20.361 28.158 1.069 41 48 64
-20.361 28.037 0.861 196 196 188
-20.361 28.093 0.995 202 199 190
-20.363 28.241 1.027 220 221 213
-20.361 28.026 0.859 195 195 187
-20.362 28.101 0.923 202 198 189
-20.363 28.238 0.984 215 212 203
-20.361 27.994 0.795 187 186 182
-20.362 28.153 0.893 200 197 188
-20.362 28.049 0.810 197 194 185
-20.360 28.057 1.067 210 211 215
-20.362 28.173 0.949 203 200 193
-20.361 28.073 0.943 200 197 188
-20.362 28.165 1.051 214 216 213
-20.361 28.045 0.950 198 198 186
-20.362 28.147 0.986 205 202 193
-20.361 27.999 0.791 191 187 184
-20.362 28.211 1.038 218 221 214
-20.363 28.263 1.066 48 54 76
-20.361 28.023 0.814 194 195 187
-20.360 28.018 1.025 198 198 188
-20.360 28.031 1.029 202 199 190
-20.360 27.983 0.924 182 188 178
-20.361 28.005 0.896 195 192 185
-20.360 28.025 1.041 201 201 193
-20.362 28.092 0.924 201 197 186
-20.360 28.025 0.967 197 199 188
-20.361 28.128 1.002 205 202 195
-20.361 28.067 0.882 199 196 189
-20.360 28.073 1.073 78 84 96
-20.361 28.055 0.863 199 196 189
-20.362 28.045 0.831 194 193 188
-20.361 28.067 1.024 201 201 191
-20.361 28.002 0.821 191 193 182
-20.360 28.019 0.962 198 198 188
-20.360 28.037 1.006 200 201 195
-20.362 28.161 0.948 203 200 193
-20.363 28.280 1.061 41 49 72
-20.361 28.086 1.004 204 201 194
-20.362 28.154 0.946 204 201 194
-20.361 28.007 0.804 193 192 187
-20.363 28.283 1.071 49 55 81
-20.361 28.133 1.063 199 203 206
-20.361 27.995 0.782 188 185 180
-20.363 28.207 0.950 206 203 196
-20.360 28.048 1.009 201 200 195
-20.361 28.089 1.075 76 83 91
-20.362 28.105 0.943 203 198 192
-20.361 28.044 0.855 195 195 187
-20.361 28.115 0.987 203 200 193
-20.362 28.020 0.780 193 190 183
-20.363 28.251 1.040 157 164 174
-20.361 28.069 1.032 203 203 193
-20.363 28.260 1.050 44 57 76
-20.360 28.068 1.079 53 64 84
-20.360 28.042 1.039 201 201 191
-20.361 27.997 0.797 187 186 182
-20.363 28.331 1.069 66 78 100
-20.361 28.157 1.084 60 65 94
-20.361 27.971 0.775 164 169 163
-20.361 28.114 1.057 209 210 204
-20.360 28.061 1.059 207 202 196
-20.364 28.359 1.079 69 75 97
-20.362 28.047 0.829 197 194 189
-20.363 28.301 1.073 49 55 81
-20.361 28.000 0.794 193 189 186
-20.361 28.029 0.844 193 194 186
-20.362 28.122 0.973 204 199 193
-20.361 28.052 0.979 200 200 190
-20.361 28.036 0.982 197 197 187
-20.364 28.346 1.065 87 99 121
-20.362 28.156 0.996 206 203 194
-20.362 28.104 0.915 202 198 189
-20.361 28.137 1.066 195 199 202
-20.362 28.107 0.954 202 197 191
-20.361 28.107 0.967 204 199 193
-20.361 28.063 0.891 200 197 188
-20.362 28.055 0.846 196 196 188
-20.363 28.296 1.081 69 76 104
-20.360 27.999 0.950 195 195 183
-20.362 28.232 1.041 231 236 239
-20.362 28.081 0.856 198 193 187
-20.361 28.155 1.056 213 213 213
-20.360 28.020 0.988 197 197 189
-20.362 28.162 1.059 202 206 207
-20.362 28.188 1.006 210 208 196
-20.363 28.202 0.954 206 203 194
-20.362 28.172 0.983 204 204 194
-20.362 28.199 1.079 56 61 90
-20.361 28.091 1.014 204 201 196
-20.361 28.131 1.091 62 68 94
-20.361 28.027 0.817 197 194 189
-20.361 28.040 0.949 197 197 185
-20.361 28.093 0.987 202 199 190
-20.360 28.069 1.055 212 206 194
-20.362 28.193 1.007 210 207 198
-20.362 28.173 0.919 202 199 190
-20.363 28.316 1.045 65 73 86
-20.362 28.127 0.891 199 196 187
-20.362 28.036 0.803 197 194 187
-20.361 28.103 1.074 51 57 69
-20.362 28.060 0.819 197 192 188
-20.361 28.030 0.898 196 196 186
-20.361 28.121 1.014 205 202 193
-20.362 28.245 1.080 65 70 99
-20.361 28.043 0.851 195 195 187
-20.362 28.166 1.006 208 203 197
-20.362 28.096 0.883 199 196 187
-20.360 27.990 0.952 187 190 181
-20.360 28.000 0.931 194 194 182
-20.361 28.023 0.958 197 197 185
-20.361 28.036 0.928 197 197 187
-20.361 28.089 1.020 204 201 194
-20.361 28.005 0.849 192 189 180
-20.363 28.277 1.079 63 69 95
-20.361 28.121 1.061 216 218 215
-20.361 28.160 1.063 98 105 111
-20.361 28.067 0.935 201 199 187
-20.362 28.174 1.069 48 53 72
-20.360 28.030 1.013 198 201 194
-20.363 28.309 1.048 58 60 81
-20.361 28.012 0.839 195 192 185
-20.362 28.233 1.086 70 75 105
-20.361 28.071 0.997 201 201 193
-20.363 28.271 1.066 47 53 77
-20.360 28.047 1.070 204 205 207
-20.362 28.177 0.986 205 205 193
-20.363 28.314 1.065 93 98 118
-20.364 28.346 1.078 60 71 93
-20.361 28.013 0.812 194 194 186
-20.361 28.104 1.071 152 159 165
-20.362 28.153 0.915 200 197 188
-20.361 28.069 0.995 201 201 193
-20.363 28.224 0.960 208 205 198
-20.363 28.243 1.009 220 218 205
-20.360 28.046 1.027 201 201 191
-20.361 27.975 0.795 172 177 173
-20.362 28.173 0.975 204 204 194
-20.363 28.249 1.012 219 217 204
-20.361 28.016 0.805 194 194 186
-20.361 27.998 0.878 192 189 184
-20.361 28.089 1.001 204 201 194
-20.364 28.346 1.082 68 76 99
-20.362 28.103 0.872 200 196 187
-20.360 28.053 1.019 202 202 194
-20.362 28.161 0.935 202 199 192
-20.360 28.011 0.997 198 198 188
-20.360 28.064 1.073 82 88 102
-20.362 28.198 1.025 214 211 206
-20.362 28.100 0.902 202 200 188
-20.361 28.056 0.994 200 200 192
-20.361 28.049 0.948 199 199 187
-20.362 28.088 0.854 198 194 185
-20.361 28.123 1.083 57 65 88
-20.360 27.995 0.984 190 190 180
-20.361 27.984 0.808 178 181 174
-20.361 28.074 0.978 198 198 188
-20.362 28.168 1.071 41 48 64
-20.361 28.044 0.871 196 196 188
-20.363 28.308 1.041 57 60 79
-20.362 28.221 1.021 218 215 206
-20.360 28.064 1.045 204 201 192
-20.361 28.064 0.918 199 197 185
-20.361 28.066 0.974 199 199 189
-20.360 28.027 1.004 197 200 193
-20.361 27.999 0.761 192 186 174
-20.362 28.186 1.073 48 53 75
-20.361 28.004 0.815 194 194 186
-20.361 28.004 0.790 191 188 183
-20.361 28.038 0.976 199 196 187
-20.361 28.103 1.069 209 213 216
-20.360 27.987 0.922 183 189 179
-20.361 28.034 0.953 199 199 187
-20.362 28.158 0.957 202 199 192
-20.362 28.100 0.938 202 198 189
-20.363 28.242 0.985 215 212 203
-20.361 28.074 0.897 199 197 185
-20.360 28.006 1.042 196 196 184
-20.362 28.130 0.922 203 200 191
-20.362 28.213 1.012 216 213 206
-20.362 28.063 0.854 198 195 188
-20.363 28.269 1.007 222 219 214
-20.361 28.105 1.013 204 201 194
-20.363 28.205 0.938 204 201 192
-20.362 28.186 1.001 210 206 197
-20.362 28.159 0.917 200 197 188
-20.361 28.089 1.069 210 214 213
-20.362 28.100 0.874 200 196 187
-20.362 28.130 0.899 200 197 188
-20.361 28.131 1.078 51 59 82
-20.362 28.214 1.006 214 211 202
-20.361 28.106 0.962 205 200 196
-20.361 28.006 0.788 188 185 180
-20.361 28.098 1.083 57 65 86
-20.361 28.037 0.926 197 197 187
-20.361 28.037 0.896 196 196 186
-20.360 28.070 1.055 212 206 194
-20.361 28.127 1.058 215 211 208
-20.362 28.176 1.072 46 51 71
-20.360 28.080 1.083 56 64 83
-20.362 28.109 0.916 202 198 189
-20.362 28.157 1.020 207 204 197
-20.362 28.163 0.968 206 203 196
-20.360 28.017 0.952 197 197 185
-20.362 28.058 0.838 195 195 187
-20.361 27.969 0.783 167 172 166
-20.362 28.154 1.006 206 203 196
-20.363 28.259 1.049 41 52 72
-20.361 28.067 0.989 198 198 188
-20.364 28.370 1.080 73 80 99
-20.360 28.021 1.092 208 209 211
-20.362 28.199 1.081 58 65 94
-20.361 28.083 0.942 202 198 189
-20.361 28.096 0.956 203 198 192
-20.361 28.033 0.956 199 199 187
-20.360 27.990 0.951 186 189 182
-20.363 28.266 0.999 221 218 209
-20.362 28.092 0.908 201 199 187
-20.361 27.978 0.851 181 180 175
-20.363 28.213 0.996 214 209 203
-20.361 27.989 0.836 184 183 178
-20.361 27.977 0.860 178 180 179
-20.362 28.178 0.992 207 204 195
-20.360 28.010 0.951 197 197 185
-20.363 28.213 0.945 205 202 195
-20.361 28.080 0.983 201 202 188
-20.363 28.259 1.073 53 59 85
-20.362 28.042 0.821 197 194 189
-20.362 28.172 1.003 209 204 198
-20.360 28.018 0.958 197 197 185
-20.360 28.031 0.978 200 197 188
-20.362 28.205 1.079 57 62 92
-20.362 28.146 0.996 206 203 194
-20.361 28.028 0.897 196 196 186
-20.361 27.964 0.740 155 156 148
-20.361 27.977 0.850 181 180 175
-20.362 28.159 0.963 206 203 196
-20.360 27.994 0.933 189 191 180
-20.360 28.013 0.998 198 198 188
-20.361 28.086 1.063 203 205 194
-20.363 28.290 1.080 70 76 102
-20.361 27.989 0.860 182 183 175
-20.359 28.006 1.093 201 204 195
-20.361 28.065 0.947 199 196 187
-20.362 28.212 1.033 216 217 209
-20.361 28.138 1.024 204 204 194
-20.361 28.001 0.782 193 190 183
-20.361 28.167 1.082 56 60 89
-20.362 28.179 1.054 213 216 225
-20.361 28.055 1.012 203 200 195
-20.361 28.003 0.864 194 191 186
-20.361 27.988 0.793 180 181 176
-20.361 27.972 0.845 177 179 176
-20.360 27.996 1.001 193 193 181
-20.362 28.191 1.033 210 210 202
-20.361 28.013 0.904 197 194 187
-20.362 28.052 0.824 196 193 188
-20.362 28.225 1.059 45 51 73
-20.362 28.064 0.829 196 193 188
-20.360 28.011 0.971 198 198 186
-20.361 28.009 0.886 196 193 186
-20.363 28.287 1.043 42 48 72
-20.362 28.116 0.908 200 198 186
-20.364 28.365 1.075 54 60 86
-20.362 28.101 0.856 197 193 184
-20.362 28.190 0.999 211 207 198
-20.362 28.207 1.030 214 214 206
-20.361 27.983 0.801 179 180 175
-20.361 28.074 1.026 202 202 192
-20.361 28.104 1.065 211 213 210
-20.363 28.209 0.952 207 204 197
-20.362 28.224 1.078 59 62 93
-20.361 28.089 0.973 200 200 188
-20.362 28.200 1.084 63 70 99
-20.361 28.089 1.046 207 205 193
-20.360 28.007 0.990 198 198 188
-20.361 28.050 0.952 200 200 188
-20.362 28.146 0.927 202 199 190
-20.361 28.066 0.921 199 197 185
-20.360 27.987 0.952 186 189 182
-20.363 28.256 1.046 43 55 71
-20.360 27.983 0.894 184 185 180
-20.362 28.210 1.027 215 215 207
-20.361 28.128 1.053 212 211 207
-20.361 28.049 0.921 197 197 185
-20.362 28.231 1.044 84 91 101
-20.361 27.962 0.737 154 155 147
-20.361 28.054 1.001 200 199 194
-20.361 28.039 0.894 197 197 187
-20.361 28.097 1.055 209 209 197
-20.361 28.009 0.826 194 194 184
-20.361 27.996 0.845 191 188 181
-20.362 28.140 1.008 205 205 195
-20.361 27.976 0.834 178 180 177
-20.361 28.064 0.989 199 199 189
-20.363 28.268 1.083 68 74 100
-20.362 28.189 1.017 210 207 202
-20.361 28.050 0.872 198 195 188
-20.361 28.071 1.011 204 199 195
-20.362 28.095 0.875 200 196 187
-20.362 28.225 1.054 41 47 69
-20.362 28.140 0.971 205 202 193
-20.360 27.989 0.932 184 187 178
-20.361 28.002 0.888 195 192 185
-20.362 28.195 1.065 46 52 66
-20.361 28.009 0.844 194 191 184
-20.361 28.142 1.073 44 53 70
-20.362 28.209 1.056 40 46 58
-20.361 28.056 1.003 200 199 194
-20.361 28.041 0.886 196 196 188
-20.362 28.191 1.041 213 214 208
-20.360 28.034 1.042 201 201 191
-20.361 28.051 0.966 201 198 189
-20.363 28.237 0.969 212 209 202
-20.360 28.013 1.019 199 199 189
-20.361 28.028 0.913 196 198 187
-20.363 28.264 1.028 232 233 228
-20.362 28.095 0.907 200 198 186
-20.360 28.032 1.047 200 202 191
-20.362 28.144 0.921 203 200 191
-20.363 28.190 0.946 203 200 191
-20.360 28.001 1.023 194 194 182
-20.362 28.161 0.992 206 203 194
-20.362 28.207 1.053 104 111 117
-20.362 28.120 0.902 200 198 186
-20.361 28.015 0.936 196 196 186
-20.361 28.033 0.840 194 195 187
-20.362 28.142 0.921 203 200 191
-20.362 28.030 0.791 191 191 183
-20.362 28.140 0.930 202 199 190
-20.362 28.131 0.968 202 199 190
-20.361 28.041 0.833 194 193 188
-20.360 27.986 0.899 184 185 180
-20.362 28.140 0.916 202 199 190
-20.361 28.035 0.817 199 194 190
-20.363 28.264 1.082 66 71 100
-20.360 28.022 1.016 199 199 189
-20.360 28.006 0.967 197 197 185
-20.361 28.126 1.059 216 212 209
-20.362 28.163 1.050 215 215 213
-20.362 28.084 0.849 197 194 187
-20.363 28.171 0.913 201 199 187
-20.361 28.051 0.918 198 198 186
-20.364 28.358 1.081 69 75 97
-20.362 28.204 1.083 58 65 94
-20.361 28.005 0.860 191 191 183
-20.363 28.316 1.059 94 97 112
-20.362 28.210 1.023 216 213 208
-20.361 28.057 0.865 199 196 189
-20.362 28.138 0.892 200 197 188
-20.362 28.185 1.037 209 209 201
-20.360 28.042 1.061 198 198 188
-20.361 28.123 1.013 204 204 194
-20.362 28.181 1.036 208 208 200
-20.361 28.056 0.937 199 199 187
-20.363 28.233 0.988 214 211 202
-20.361 28.133 1.029 205 205 195
-20.362 28.071 0.863 197 194 187
-20.360 28.078 1.082 56 64 83
-20.361 28.015 0.820 195 195 185
-20.363 28.210 0.953 207 204 197
-20.362 28.166 0.960 205 202 195
-20.362 28.150 0.906 201 198 189
-20.363 28.244 0.985 215 212 203
-20.363 28.268 1.050 41 49 68
-20.362 28.203 1.061 40 46 60
-20.362 28.175 0.934 202 199 192
-20.361 28.016 0.786 183 182 177
-20.362 28.156 0.985 206 203 194
-20.362 28.146 1.001 205 202 193
-20.363 28.322 1.070 66 77 99
-20.361 28.104 1.052 211 208 199
-20.361 27.993 0.897 187 187 179
-20.362 28.125 0.947 203 200 193
-20.360 28.004 0.960 196 196 184
-20.361 28.097 1.037 206 203 194
-20.362 28.229 1.031 221 222 216
-20.361 28.152 1.089 62 67 96
-20.362 28.221 1.011 217 214 207
-20.363 28.304 1.069 69 75 99
-20.362 28.094 0.854 198 194 185
-20.364 28.364 1.081 73 80 99
-20.362 28.154 1.039 207 206 201
-20.363 28.304 1.041 56 58 79
-20.362 28.196 0.969 206 206 194
-20.361 28.023 0.936 196 196 186
-20.360 27.988 0.892 183 184 179
-20.363 28.273 1.009 221 218 211
-20.360 28.001 1.010 194 194 184
-20.363 28.256 0.982 215 212 203
-20.363 28.276 1.013 224 221 212
-20.363 28.288 1.061 39 45 69
-20.361 28.121 0.997 205 202 193
-20.361 28.030 0.826 196 193 188
-20.360 28.048 1.024 201 201 191
-20.363 28.304 1.086 81 86 115
-20.360 27.990 0.937 184 187 176
-20.361 28.056 0.862 197 194 187
-20.361 28.076 1.006 202 199 194
-20.362 28.042 0.812 196 193 184
-20.364 28.324 1.044 52 60 73
-20.362 28.193 0.977 205 206 192
-20.363 28.287 1.081 69 75 101
-20.362 28.140 0.894 200 197 188
-20.362 28.179 0.945 204 201 194
-20.360 28.042 1.008 200 201 195
-20.362 28.210 1.005 214 209 203
-20.361 28.063 0.883 199 196 189
-20.361 28.013 0.850 194 191 184
-20.360 28.070 1.092 62 69 97
-20.361 28.073 0.919 199 197 184
-20.363 28.281 1.043 44 51 70
-20.361 28.027 0.896 196 196 186
-20.361 28.114 1.044 207 204 197
-20.361 27.984 0.790 176 177 172
-20.360 28.006 1.009 198 198 188
-20.361 28.124 1.010 202 202 192
-20.361 28.016 0.897 195 195 187
-20.362 28.124 0.926 201 198 189
-20.363 28.302 1.048 63 65 88
-20.361 28.078 0.995 205 202 193
-20.361 28.019 0.940 197 197 187
-20.361 27.972 0.769 163 168 162
-20.363 28.257 1.049 40 51 71
-20.362 28.215 1.087 70 76 110
-20.360 28.006 0.995 197 197 187
-20.362 28.157 0.964 206 203 196
-20.362 28.230 1.042 193 198 204
-20.360 28.055 1.064 209 207 208
-20.361 28.008 0.924 195 195 185
-20.361 27.974 0.753 162 165 158
-20.360 28.051 1.092 64 76 92
-20.360 28.004 1.021 196 196 186
-20.362 28.190 1.026 212 209 204
-20.360 28.035 1.005 200 201 195
-20.361 28.170 1.081 58 62 91
-20.364 28.365 1.086 92 98 114
-20.362 28.142 0.967 205 202 193
-20.362 28.233 1.058 46 53 72
-20.362 28.048 0.837 194 194 186
-20.361 28.030 0.918 196 198 187
-20.363 28.178 0.928 202 199 190
-20.362 28.163 0.951 203 200 193
-20.362 28.134 0.957 205 202 195
-20.361 28.014 0.859 193 192 187
-20.361 28.086 1.075 77 84 92
-20.362 28.182 1.068 46 49 66
-20.361 28.010 0.859 193 193 185
-20.362 28.128 0.907 201 198 189
-20.361 28.124 1.058 216 212 209
-20.362 28.155 0.963 205 202 195
-20.360 28.078 1.088 60 68 91
-20.362 28.152 1.021 207 204 195
-20.363 28.253 1.021 220 220 210
-20.363 28.290 1.019 222 223 209
-20.360 27.992 0.981 188 190 179
-20.362 28.172 1.015 208 205 198
-20.360 28.060 1.065 206 204 205
-20.362 28.098 0.860 200 193 185
-20.361 28.116 0.991 203 200 193
-20.361 28.106 0.959 205 200 196
-20.361 28.038 0.954 199 199 187
-20.361 28.016 0.804 194 194 186
-20.361 28.133 1.032 204 204 194
-20.360 27.993 0.939 188 190 179
-20.361 28.037 0.859 196 196 188
-20.363 28.290 1.013 222 218 207
-20.362 28.244 1.058 45 52 70
-20.362 28.136 0.918 202 199 190
-20.361 28.084 1.026 205 202 195
-20.360 27.986 0.921 183 189 179
-20.361 28.110 1.056 209 210 202
-20.363 28.233 1.009 218 216 204
-20.362 28.226 1.042 209 214 218
-20.363 28.250 1.001 218 215 206
-20.361 27.994 0.822 186 187 181
-20.361 27.985 0.798 179 180 175
-20.362 28.132 0.940 202 199 192
-20.360 27.995 0.966 190 190 180
-20.361 27.996 0.795 187 186 182
-20.361 28.091 1.058 206 206 194
-20.362 28.130 0.955 203 200 193
-20.361 28.091 0.958 202 197 191
-20.360 28.018 1.045 199 199 189
-20.364 28.338 1.067 53 68 89
-20.361 28.045 0.843 194 195 187
-20.362 28.090 0.901 200 198 186
-20.361 28.072 0.888 198 195 186
-20.360 28.012 1.055 199 199 189
-20.360 28.012 1.077 202 204 193
-20.360 27.991 0.962 188 189 181
-20.361 27.963 0.736 154 155 147
-20.360 28.053 1.058 204 199 193
-20.361 28.110 0.972 204 199 193
-20.361 28.088 1.081 54 63 78
-20.360 28.002 1.015 195 195 185
-20.363 28.307 1.039 42 48 64
-20.361 27.978 0.813 179 182 175
-20.361 28.138 1.034 206 206 198
-20.361 27.977 0.813 179 182 175
-20.361 28.074 1.027 202 202 192
-20.360 27.986 0.900 184 185 180
-20.360 28.020 1.029 198 198 188
-20.363 28.279 1.084 73 80 106
-20.361 28.104 1.042 205 202 193
-20.361 28.096 0.959 202 199 194
-20.361 28.035 0.948 198 198 186
-20.361 28.105 0.996 203 200 191
-20.362 28.194 1.022 212 208 205
-20.362 28.033 0.796 192 192 184
-20.362 28.173 0.995 207 204 197
-20.362 28.077 0.880 200 196 187
-20.360 28.040 1.060 198 198 188
-20.362 28.173 1.084 57 67 94
-20.362 28.133 0.974 203 200 191
-20.363 28.287 1.026 242 244 241
-20.361 28.088 1.058 207 207 195
-20.360 28.032 1.043 201 203 192
-20.361 28.011 0.863 193 193 185
-20.362 28.212 1.049 165 170 176
-20.360 28.010 0.954 198 198 186
-20.362 28.202 1.088 67 73 105
-20.362 28.182 1.020 210 207 202
-20.362 28.039 0.815 195 192 185
-20.362 28.121 0.881 198 195 186
-20.362 28.133 0.980 204 201 192
-20.362 28.236 1.082 65 69 98
-20.362 28.203 1.025 215 212 207
-20.361 27.990 0.818 182 183 177
-20.363 28.244 1.043 97 105 116
-20.362 28.179 1.062 70 74 85
-20.362 28.184 1.062 50 54 66
-20.362 28.199 1.018 214 211 206
-20.361 28.072 0.981 198 198 188
-20.360 28.051 1.084 52 61 76
-20.362 28.237 1.078 61 65 94
-20.362 28.188 1.028 211 208 203
-20.364 28.339 1.054 135 139 148
-20.361 27.978 0.832 184 183 179
-20.361 28.101 0.946 203 198 192
-20.363 28.275 1.087 77 84 112
-20.360 28.011 0.965 198 198 186
-20.362 28.131 0.980 204 201 192
-20.362 28.176 1.079 52 59 85
-20.363 28.263 1.075 57 62 91
-20.363 28.254 1.051 43 54 74
-20.360 28.066 1.050 207 202 196
-20.360 28.071 1.062 210 207 200
-20.361 28.042 0.847 194 195 187
-20.362 28.159 1.016 207 204 197
-20.364 28.350 1.084 77 83 105
-20.362 28.217 1.087 70 76 110
-20.363 28.307 1.063 69 74 93
-20.361 28.011 0.911 197 194 187
-20.361 28.110 1.030 205 202 195
-20.362 28.102 0.852 197 193 184
-20.362 28.099 0.935 202 198 189
-20.363 28.202 0.965 206 206 196
-20.362 28.225 1.065 45 49 76
-20.362 28.117 0.866 198 194 185
-20.362 28.140 0.898 200 197 188
-20.363 28.278 1.084 73 80 106
-20.361 28.133 1.016 204 204 194
-20.362 28.148 1.015 206 203 194
-20.360 28.036 1.087 210 215 219
-20.362 28.104 0.936 202 197 191
-20.362 28.224 1.061 45 50 72
-20.362 28.175 1.010 209 207 195
-20.360 28.016 1.091 208 210 207
-20.362 28.078 0.874 199 195 186
-20.361 28.071 1.053 209 204 198
-20.361 28.008 0.819 195 195 185
-20.361 28.049 0.955 198 198 186
-20.362 28.092 0.879 200 196 187
-20.361 28.017 0.848 196 193 188
-20.362 28.201 1.066 41 46 65
-20.363 28.274 1.082 68 74 100
-20.361 28.112 1.004 204 202 190
-20.362 28.152 0.902 201 198 189
-20.364 28.365 1.083 84 91 109
-20.362 28.194 1.002 212 208 199
-20.361 28.066 0.931 199 197 185
-20.363 28.258 1.004 219 216 207
-20.363 28.212 0.980 209 209 197
-20.360 28.006 1.076 198 199 185
-20.363 28.181 0.924 202 199 190
-20.364 28.344 1.063 133 145 161
-20.361 28.082 1.007 203 200 195
-20.362 28.083 0.884 200 198 186
-20.362 28.193 1.029 210 210 202
-20.361 27.987 0.826 181 182 177
-20.360 28.059 1.049 206 203 196
-20.361 28.024 0.857 195 194 189
-20.361 28.050 0.959 200 197 190
-20.361 27.971 0.799 170 175 171
-20.363 28.240 1.031 224 226 221
-20.360 28.074 1.071 166 171 177
-20.363 28.213 0.994 213 210 203
-20.361 28.023 0.818 193 193 183
-20.363 28.283 1.004 220 216 207
-20.361 28.109 1.090 62 68 94
-20.363 28.235 1.016 219 217 205
-20.362 28.126 0.881 199 196 187
-20.361 28.091 1.004 204 201 194
-20.362 28.111 0.942 203 198 192
-20.363 28.300 1.026 242 247 243
-20.361 28.003 0.802 195 192 187
-20.360 28.028 1.076 200 202 197
-20.362 28.222 1.083 63 66 99
-20.361 27.969 0.752 158 161 154
-20.360 28.048 1.054 202 202 194
-20.361 28.027 0.940 196 198 185
-20.363 28.239 0.978 213 210 203
-20.362 28.048 0.830 195 194 189
-20.361 27.984 0.875 184 184 182
-20.361 28.049 0.917 197 197 185
-20.361 28.087 1.055 202 203 189
-20.364 28.350 1.080 68 76 99
-20.361 28.106 0.977 202 199 194
-20.361 28.032 0.826 197 194 189
-20.361 28.084 0.980 202 203 189
-20.362 28.038 0.801 195 195 187
-20.363 28.271 1.050 44 52 71
-20.361 28.065 0.912 199 197 184
-20.361 28.097 0.990 202 199 190
-20.362 28.096 0.901 200 198 186
-20.360 28.010 0.955 198 198 186
-20.362 28.130 0.935 202 199 192
-20.361 28.004 0.845 194 191 182
-20.361 27.990 0.817 182 183 177
-20.363 28.288 1.032 179 183 192
-20.362 28.105 0.867 198 194 185
-20.361 28.078 0.951 203 199 190
-20.360 28.027 1.045 201 203 192
-20.363 28.301 1.075 52 59 87
-20.361 28.121 1.010 204 201 192
-20.363 28.217 1.004 215 210 204
-20.361 28.036 0.899 196 196 186
-20.362 28.081 0.897 201 199 187
-20.363 28.276 1.077 63 69 95
-20.362 28.028 0.799 194 194 186
-20.362 28.174 0.922 202 199 190
-20.361 28.008 0.806 193 192 187
-20.361 27.970 0.772 163 168 162
-20.361 28.104 0.982 202 199 194
-20.362 28.149 0.954 202 199 192
-20.362 28.163 1.024 208 205 198
-20.363 28.288 1.047 49 55 79
-20.361 28.101 1.055 208 208 198
-20.361 28.080 0.979 200 201 187
-20.363 28.238 1.003 218 215 206
-20.360 28.027 1.029 200 200 190
-20.362 28.156 0.901 201 198 189
-20.362 28.136 0.927 201 198 189
-20.362 28.221 1.067 45 49 76
-20.360 28.039 1.043 200 200 190
-20.362 28.086 0.884 199 197 185
-20.361 28.132 1.052 214 213 209
-20.361 28.012 0.908 197 194 187
-20.361 28.029 0.901 196 196 186
-20.364 28.326 1.049 60 66 78
-20.362 28.141 0.942 203 200 193
-20.361 28.118 1.082 56 64 87
-20.361 27.980 0.750 165 165 155
-20.362 28.209 1.032 214 214 206
-20.363 28.317 1.039 43 53 65
-20.362 28.181 0.985 206 206 194
-20.361 27.981 0.862 183 184 178
-20.361 28.123 1.050 211 208 201
-20.360 28.059 1.080 50 61 79
-20.361 28.080 0.919 201 197 186
-20.362 28.209 1.010 213 210 203
-20.360 28.062 1.068 209 210 214
-20.362 28.135 0.933 200 197 188
-20.361 28.124 1.030 204 204 194
-20.360 27.993 0.904 188 188 180
-20.363 28.261 0.990 217 214 205
-20.360 28.017 1.044 199 199 189
-20.361 28.019 0.785 183 183 175
-20.365 28.287 0.835 201 197 185
-20.364 28.180 0.756 183 181 182
-20.365 28.224 0.806 202 194 181
-20.362 28.082 0.829 196 193 186
-20.362 28.129 0.861 195 193 181
-20.368 28.394 0.742 191 187 178
-20.362 28.061 0.812 196 194 182
-20.362 28.115 0.848 195 192 183
-20.364 28.189 0.785 182 175 165
-20.366 28.347 0.869 201 198 191
-20.364 28.324 1.007 228 224 212
-20.367 28.314 0.757 201 194 175
-20.364 28.207 0.859 200 193 183
-20.366 28.344 0.839 202 195 185
-20.366 28.335 0.823 204 196 185
-20.364 28.203 0.815 200 193 183
-20.363 28.107 0.783 185 181 169
-20.364 28.204 0.837 198 194 183
-20.365 28.311 0.917 202 199 194
-20.367 28.326 0.736 203 198 179
-20.363 28.062 0.747 202 198 186
-20.367 28.355 0.774 202 196 180
-20.366 28.378 0.940 206 207 201
-20.365 28.310 0.873 203 198 192
-20.366 28.286 0.744 209 202 184
-20.365 28.376 0.988 214 215 209
-20.364 28.257 0.869 199 194 188
-20.363 28.151 0.804 196 192 183
-20.363 28.155 0.882 198 195 186
-20.363 28.251 0.972 214 211 204
-20.364 28.305 0.930 204 201 196
-20.362 28.078 0.807 195 193 180
-20.363 28.133 0.856 194 192 180
-20.365 28.212 0.791 199 191 180
-20.362 28.128 0.863 198 194 183
-20.363 28.276 0.981 217 214 205
-20.364 28.231 0.838 197 193 182
-20.366 28.333 0.823 204 196 185
-20.366 28.328 0.854 201 197 188
-20.367 28.378 0.773 203 197 183
-20.366 28.301 0.792 195 188 180
-20.363 28.236 0.939 204 201 194
-20.364 28.375 1.052 50 56 78
-20.362 28.031 0.772 187 183 171
-20.366 28.286 0.763 123 115 112
-20.367 28.378 0.815 203 200 185
-20.364 28.292 0.934 205 202 197
-20.367 28.343 0.773 186 181 162
-20.365 28.370 0.969 211 210 206
-20.364 28.310 0.994 210 207 198
-20.363 28.102 0.793 194 190 178
-20.364 28.335 1.005 225 226 210
-20.364 28.377 1.076 60 68 89
-20.365 28.282 0.864 201 196 190
-20.363 28.052 0.738 193 187 175
-20.363 28.165 0.900 200 197 188
-20.365 28.370 1.000 218 219 213
-20.362 28.130 0.873 201 197 186
-20.364 28.153 0.795 195 191 182
-20.363 28.279 0.998 219 215 206
-20.363 28.172 0.862 196 192 181
-20.366 28.305 0.791 186 181 175
-20.367 28.365 0.819 200 197 182
-20.366 28.245 0.737 180 168 146
-20.365 28.176 0.739 206 198 187
-20.365 28.379 0.972 211 210 206
-20.365 28.357 0.980 216 215 210
-20.364 28.190 0.799 199 193 179
-20.362 28.104 0.849 195 192 183
-20.368 28.384 0.779 207 201 187
-20.366 28.357 0.914 203 202 197
-20.363 28.185 0.894 198 195 186
-20.365 28.339 0.899 202 201 196
-20.365 28.285 0.825 202 196 184
-20.365 28.344 0.958 209 209 201
-20.364 28.231 0.893 200 195 189
-20.365 28.196 0.755 199 199 191
-20.364 28.162 0.743 188 181 175
-20.367 28.370 0.806 200 198 183
-20.363 28.137 0.815 197 190 182
-20.365 28.352 0.932 205 204 199
-20.364 28.206 0.846 198 194 183
-20.364 28.204 0.787 188 180 169
-20.365 28.304 0.860 201 196 190
-20.366 28.245 0.747 173 170 155
-20.363 28.206 0.925 202 199 192
-20.364 28.377 1.034 57 60 75
-20.364 28.208 0.812 200 194 182
-20.366 28.382 0.892 202 201 196
-20.366 28.369 0.847 200 197 188
-20.362 28.161 0.899 201 198 189
-20.365 28.290 0.864 200 195 189
-20.366 28.300 0.784 187 181 167
-20.364 28.286 0.909 200 199 194
-20.366 28.342 0.844 203 196 188
-20.367 28.349 0.771 202 197 178
-20.365 28.322 0.888 200 200 192
-20.364 28.238 0.903 201 197 186
-20.362 28.031 0.753 188 182 166
-20.363 28.199 0.904 200 197 188
-20.365 28.380 1.030 233 236 241
-20.367 28.386 0.805 195 196 182
-20.365 28.322 0.942 206 206 198
-20.363 28.251 0.962 211 208 201
-20.363 28.182 0.843 195 193 180
-20.364 28.157 0.754 158 158 158
-20.364 28.330 1.042 48 58 70
-20.365 28.297 0.833 201 197 185
-20.365 28.226 0.770 200 193 177
-20.364 28.352 1.015 224 222 210
-20.365 28.305 0.860 202 197 191
-20.364 28.151 0.750 172 171 166
-20.362 28.086 0.796 193 190 181
-20.362 28.108 0.824 196 192 183
-20.365 28.269 0.796 206 194 182
-20.364 28.161 0.742 181 174 168
-20.365 28.302 0.870 202 197 191
-20.367 28.384 0.830 202 200 187
-20.364 28.376 1.075 55 62 88
-20.363 28.206 0.879 199 195 184
-20.363 28.059 0.748 202 198 186
-20.362 28.073 0.806 196 194 181
-20.365 28.252 0.829 199 193 181
-20.366 28.320 0.856 200 197 188
-20.363 28.082 0.764 177 169 166
-20.365 28.255 0.804 202 194 183
-20.365 28.290 0.904 202 199 194
-20.363 28.152 0.799 195 192 183
-20.366 28.334 0.850 203 196 188
-20.365 28.244 0.780 198 190 177
-20.364 28.330 0.985 212 209 202
-20.363 28.207 0.907 200 197 190
-20.366 28.346 0.860 202 199 192
-20.367 28.303 0.736 200 193 174
-20.364 28.117 0.745 198 199 193
-20.364 28.355 1.040 45 52 71
-20.363 28.181 0.847 195 193 180
-20.363 28.231 0.941 205 202 195
-20.364 28.367 1.049 48 56 77
-20.367 28.331 0.740 200 195 175
-20.366 28.381 0.876 201 201 193
-20.366 28.366 0.875 200 200 190
-20.367 28.372 0.812 200 197 180
-20.364 28.270 0.925 202 202 194
-20.363 28.058 0.748 202 198 186
-20.364 28.261 0.910 201 198 189
-20.368 28.393 0.772 191 188 179
-20.364 28.374 1.048 46 54 75
-20.364 28.172 0.803 197 190 180
-20.367 28.350 0.810 203 197 183
-20.363 28.254 0.959 210 207 200
-20.362 28.076 0.782 180 177 170
-20.364 28.311 0.979 217 214 207
-20.364 28.220 0.888 200 195 191
-20.366 28.339 0.817 202 194 183
-20.365 28.333 0.901 202 201 196
-20.365 28.249 0.768 199 193 179
-20.364 28.182 0.771 198 196 184
-20.362 28.050 0.783 180 177 168
-20.365 28.192 0.743 209 206 189
-20.364 28.365 1.019 218 221 212
-20.365 28.273 0.846 200 196 185
-20.364 28.274 0.919 201 201 193
-20.362 28.031 0.785 174 171 162
-20.363 28.122 0.799 194 192 179
-20.365 28.368 0.936 205 204 199
-20.364 28.324 0.974 214 211 204
-20.366 28.281 0.739 197 191 167
-20.365 28.324 0.896 203 202 197
-20.366 28.352 0.825 200 196 184
-20.364 28.212 0.867 198 194 183
-20.365 28.376 0.964 210 209 205
-20.364 28.309 0.945 209 206 201
-20.363 28.241 0.961 210 207 200
-20.364 28.297 0.994 221 218 209
-20.364 28.242 0.860 200 196 185
-20.366 28.306 0.820 202 196 184
-20.367 28.351 0.760 200 195 176
-20.364 28.357 1.038 41 48 67
-20.365 28.213 0.756 178 178 170
-20.366 28.275 0.786 188 175 167
-20.365 28.294 0.845 200 196 185
-20.364 28.228 0.848 199 195 184
-20.364 28.295 0.985 214 211 202
-20.365 28.193 0.760 123 119 118
-20.365 28.370 0.944 206 205 200
-20.367 28.363 0.763 201 200 179
-20.366 28.370 0.864 198 198 186
-20.364 28.302 0.995 221 217 208
-20.365 28.270 0.872 202 197 191
-20.364 28.313 0.984 217 214 205
-20.365 28.347 0.965 212 212 204
-20.363 28.173 0.888 197 194 185
-20.364 28.213 0.853 201 194 184
-20.364 28.362 1.060 55 61 83
-20.367 28.345 0.790 191 185 169
-20.366 28.388 0.873 197 196 191
-20.366 28.282 0.747 220 214 200
-20.365 28.364 0.951 207 206 201
-20.362 28.036 0.781 186 184 172
-20.363 28.136 0.821 197 190 182
-20.365 28.198 0.738 201 195 173
-20.365 28.225 0.794 196 192 180
-20.364 28.323 0.989 219 215 206
-20.366 28.296 0.820 202 196 184
-20.365 28.363 0.948 206 205 200
-20.366 28.301 0.785 187 181 167
-20.362 28.031 0.787 175 175 165
-20.365 28.235 0.757 156 153 146
-20.363 28.240 0.933 202 199 192
-20.364 28.244 0.845 198 194 183
-20.362 28.150 0.884 197 194 185
-20.365 28.246 0.779 204 196 183
-20.364 28.276 0.898 201 198 193
-20.363 28.088 0.770 192 189 180
-20.365 28.282 0.815 202 196 184
-20.363 28.165 0.821 198 192 176
-20.362 28.133 0.875 200 196 185
-20.364 28.195 0.838 197 195 182
-20.364 28.228 0.860 199 195 184
-20.364 28.147 0.746 189 187 175
-20.365 28.352 0.956 210 210 202
-20.363 28.222 0.907 200 195 192
-20.366 28.290 0.797 205 197 186
-20.368 28.372 0.753 199 194 175
-20.362 28.024 0.768 189 187 175
-20.363 28.193 0.926 202 199 192
-20.364 28.233 0.839 197 193 182
-20.362 28.048 0.772 192 188 177
-20.366 28.349 0.881 203 200 193
-20.366 28.328 0.821 202 196 184
-20.366 28.320 0.807 201 193 182
-20.363 28.285 0.995 217 214 205
-20.362 28.111 0.851 197 193 184
-20.366 28.383 0.927 205 206 201
-20.366 28.379 0.884 202 202 194
-20.363 28.250 0.957 210 207 200
-20.366 28.363 0.843 201 196 190
-20.364 28.152 0.748 169 166 157
-20.364 28.364 1.023 226 229 222
-20.367 28.379 0.780 207 201 187
-20.364 28.190 0.832 197 195 182
-20.365 28.215 0.798 201 193 182
-20.364 28.357 1.044 53 58 78
-20.366 28.352 0.830 200 196 185
-20.367 28.387 0.789 194 190 179
-20.365 28.256 0.804 202 194 183
-20.364 28.167 0.815 198 192 176
-20.365 28.288 0.894 200 197 192
-20.362 28.117 0.856 197 193 182
-20.367 28.317 0.740 199 196 179
-20.364 28.207 0.874 199 195 184
-20.363 28.148 0.841 194 190 178
-20.367 28.354 0.742 189 183 161
-20.366 28.351 0.848 201 197 188
-20.362 28.092 0.811 195 193 180
-20.364 28.326 0.989 218 214 205
-20.364 28.332 1.042 45 57 69
-20.365 28.210 0.773 197 193 181
-20.366 28.368 0.909 203 202 197
-20.363 28.093 0.791 193 190 181
-20.365 28.354 0.989 220 217 210
-20.363 28.090 0.744 196 196 184
-20.365 28.360 0.920 204 203 198
-20.363 28.162 0.841 195 191 179
-20.364 28.203 0.851 200 193 183
-20.365 28.306 0.883 201 198 193
-20.362 28.049 0.768 179 175 164
-20.366 28.360 0.835 201 197 186
-20.362 28.056 0.793 191 191 183
-20.365 28.254 0.852 199 195 184
-20.366 28.316 0.782 201 194 176
-20.367 28.351 0.818 202 196 184
-20.364 28.306 0.931 204 201 196
-20.364 28.165 0.781 203 197 185
-20.362 28.056 0.802 195 195 185
-20.365 28.349 0.959 210 210 202
-20.366 28.348 0.836 200 196 185
-20.366 28.333 0.795 204 196 183
-20.366 28.299 0.821 202 196 184
-20.363 28.293 1.004 219 215 206
-20.364 28.184 0.839 195 193 180
-20.366 28.364 0.924 204 203 198
-20.364 28.180 0.790 198 190 179
-20.363 28.125 0.830 196 192 183
-20.367 28.340 0.766 175 170 151
-20.364 28.286 0.977 216 213 206
-20.365 28.283 0.865 201 196 190
-20.365 28.329 0.961 212 209 200
-20.365 28.337 0.970 213 210 203
-20.365 28.376 0.958 209 208 204
-20.365 28.352 0.970 211 210 205
-20.366 28.347 0.815 202 196 184
-20.365 28.302 0.870 202 197 191
-20.366 28.322 0.857 200 197 188
-20.365 28.220 0.799 200 194 182
-20.367 28.362 0.752 196 191 169
-20.364 28.351 1.052 91 94 109
-20.366 28.332 0.804 202 194 183
-20.362 28.148 0.883 197 194 185
-20.363 28.124 0.826 197 190 184
-20.364 28.222 0.877 200 196 187
-20.362 28.022 0.777 191 191 181
-20.365 28.344 0.923 203 202 197
-20.364 28.318 0.998 217 213 202
-20.364 28.170 0.768 179 177 164
-20.366 28.313 0.775 202 195 176
-20.363 28.107 0.740 193 190 183
-20.363 28.126 0.787 171 171 161
-20.365 28.292 0.887 202 199 194
-20.368 28.367 0.734 180 179 161
-20.363 28.072 0.743 193 190 181
-20.365 28.249 0.825 200 194 182
-20.367 28.364 0.831 199 195 186
-20.363 28.134 0.777 194 191 182
-20.364 28.355 1.001 225 222 213
-20.366 28.351 0.905 202 201 196
-20.362 28.051 0.775 192 188 177
-20.363 28.133 0.785 151 151 141
-20.366 28.358 0.915 203 202 197
-20.364 28.173 0.781 194 188 176
-20.363 28.257 0.961 211 208 201
-20.367 28.296 0.740 200 193 174
-20.363 28.142 0.800 191 191 181
-20.363 28.079 0.777 195 192 183
-20.363 28.207 0.922 201 198 189
-20.364 28.362 1.054 51 54 73
-20.364 28.141 0.774 193 190 181
-20.363 28.213 0.927 202 199 190
-20.362 28.036 0.751 182 179 162
-20.363 28.177 0.881 198 196 184
-20.365 28.201 0.780 199 195 184
-20.364 28.295 0.918 203 200 195
-20.363 28.214 0.887 197 194 185
-20.365 28.249 0.825 200 194 182
-20.366 28.243 0.751 176 174 162
-20.364 28.210 0.832 197 193 182
-20.363 28.100 0.788 187 183 171
-20.362 28.012 0.750 191 188 173
-20.364 28.121 0.743 200 196 187
-20.363 28.111 0.761 129 127 128
-20.366 28.385 0.903 203 202 198
-20.365 28.200 0.778 199 195 184
-20.363 28.151 0.798 195 192 185
-20.366 28.296 0.811 202 193 186
-20.363 28.239 0.923 202 197 191
-20.366 28.303 0.779 203 197 171
-20.363 28.270 0.978 216 213 206
-20.365 28.268 0.872 201 196 190
-20.366 28.252 0.762 117 108 113
-20.363 28.142 0.859 195 193 181
-20.365 28.306 0.921 203 200 195
-20.365 28.304 0.859 202 197 191
-20.365 28.200 0.762 121 117 114
-20.366 28.369 0.863 198 198 186
-20.366 28.326 0.803 202 194 183
-20.365 28.382 0.968 210 210 208
-20.365 28.239 0.834 200 194 182
-20.366 28.283 0.737 192 184 161
-20.365 28.275 0.882 201 198 193
-20.365 28.316 0.886 200 200 192
-20.361 27.976 0.739 161 163 152
-20.363 28.287 0.997 218 214 205
-20.366 28.309 0.770 207 199 178
-20.364 28.205 0.797 200 192 181
-20.365 28.300 0.905 202 199 194
-20.367 28.389 0.837 193 193 181
-20.365 28.354 0.916 203 202 197
-20.366 28.387 0.924 202 203 198
-20.365 28.292 0.846 200 196 185
-20.364 28.178 0.786 179 173 161
-20.363 28.173 0.869 198 194 183
-20.365 28.303 0.892 202 199 194
-20.365 28.343 0.973 212 211 206
-20.363 28.217 0.925 202 199 190
-20.362 28.088 0.825 196 191 185
-20.367 28.362 0.794 203 197 183
-20.366 28.341 0.826 203 195 184
-20.365 28.207 0.759 175 175 167
-20.365 28.302 0.864 201 196 190
-20.362 28.024 0.759 192 186 170
-20.365 28.214 0.787 194 186 175
-20.365 28.318 0.892 201 200 195
-20.362 28.028 0.777 194 190 179
-20.363 28.071 0.762 181 173 170
-20.365 28.235 0.776 204 198 184
-20.367 28.333 0.785 179 172 156
-20.362 28.103 0.819 195 191 180
-20.366 28.309 0.813 202 196 184
-20.365 28.316 0.918 201 200 195
-20.362 28.053 0.793 192 192 184
-20.364 28.149 0.782 187 184 175
-20.363 28.110 0.795 196 193 178
-20.363 28.098 0.795 194 190 179
-20.363 28.129 0.838 196 192 183
-20.365 28.382 0.995 216 217 211
-20.364 28.297 0.990 220 217 208
-20.364 28.212 0.833 197 193 182
-20.363 28.115 0.766 131 129 132
-20.363 28.175 0.843 195 193 180
-20.362 28.049 0.746 203 200 183
-20.364 28.286 0.929 203 203 195
-20.364 28.197 0.842 196 194 181
-20.362 28.091 0.801 194 192 180
-20.366 28.322 0.787 185 178 162
-20.366 28.343 0.819 201 195 183
-20.362 28.036 0.772 189 185 173
-20.365 28.286 0.852 201 197 188
-20.365 28.373 0.954 209 208 203
-20.364 28.188 0.783 186 179 169
-20.364 28.207 0.845 198 194 183
-20.364 28.372 1.047 46 54 75
-20.365 28.266 0.859 200 195 189
-20.367 28.375 0.831 201 197 186
-20.366 28.258 0.772 205 197 184
-20.366 28.280 0.745 214 207 189
-20.367 28.389 0.852 193 194 186
-20.365 28.304 0.907 203 200 195
-20.365 28.236 0.784 183 177 163
-20.365 28.317 0.866 201 198 191
-20.365 28.214 0.768 169 167 154
-20.365 28.206 0.775 197 193 182
-20.366 28.334 0.832 202 195 185
-20.364 28.166 0.739 197 187 177
-20.364 28.122 0.740 195 188 182
-20.365 28.268 0.844 200 196 185
-20.364 28.232 0.855 200 196 185
-20.367 28.321 0.738 202 199 180
-20.364 28.180 0.834 195 193 180
-20.361 27.992 0.746 181 177 165
-20.367 28.322 0.757 197 190 171
-20.366 28.251 0.756 166 161 158
-20.364 28.182 0.797 199 191 180
-20.366 28.333 0.815 203 195 184
-20.363 28.139 0.838 195 191 180
-20.364 28.258 0.885 200 195 189
-20.364 28.118 0.742 193 190 185
-20.367 28.355 0.796 203 197 181
-20.362 28.022 0.744 189 187 174
-20.367 28.351 0.756 204 199 179
-20.368 28.382 0.764 203 200 185
-20.364 28.161 0.745 166 162 161
-20.362 28.048 0.744 198 195 180
-20.361 27.992 0.753 179 175 163
-20.363 28.077 0.756 189 186 179
-20.364 28.293 0.988 216 213 204
-20.364 28.147 0.747 189 187 175
-20.364 28.312 1.014 221 217 208
-20.365 28.297 0.886 200 197 192
-20.366 28.271 0.786 189 176 168
-20.365 28.358 0.999 222 219 210
-20.366 28.318 0.803 205 197 186
-20.363 28.204 0.883 198 196 184
-20.367 28.362 0.749 196 191 169
-20.362 28.063 0.773 192 188 179
-20.364 28.155 0.766 181 177 165
-20.363 28.258 0.951 206 206 196
-20.364 28.207 0.862 198 194 182
-20.366 28.300 0.810 202 193 186
-20.366 28.302 0.812 202 193 186
-20.366 28.316 0.788 181 174 158
-20.365 28.254 0.797 203 193 181
-20.363 28.138 0.849 196 192 181
-20.364 28.172 0.795 199 191 180
-20.364 28.265 0.896 201 198 193
-20.365 28.330 0.955 209 209 201
-20.365 28.351 0.911 202 201 196
-20.365 28.357 0.957 208 209 201
-20.364 28.372 1.043 47 55 76
-20.364 28.179 0.752 184 184 182
-20.365 28.320 0.903 201 200 195
-20.364 28.146 0.743 202 196 182
-20.364 28.232 0.846 199 195 184
-20.365 28.261 0.859 200 196 185
-20.366 28.286 0.788 172 163 158
-20.367 28.385 0.806 196 197 183
-20.365 28.258 0.856 199 195 184
-20.364 28.317 1.007 228 221 211
-20.364 28.257 0.887 200 195 189
-20.362 28.041 0.785 180 177 168
-20.365 28.325 0.909 201 200 195
-20.366 28.270 0.776 203 196 177
-20.365 28.232 0.820 200 194 182
-20.364 28.133 0.763 122 123 118
-20.362 28.015 0.755 191 188 173
-20.364 28.241 0.857 199 195 184
-20.366 28.299 0.765 144 133 131
-20.363 28.134 0.833 195 191 182
-20.364 28.230 0.892 200 195 189
-20.364 28.228 0.826 200 194 182
-20.365 28.220 0.793 197 193 181
-20.367 28.382 0.795 204 201 186
-20.362 28.104 0.846 195 192 185
-20.365 28.197 0.759 173 172 168
-20.364 28.198 0.825 198 194 182
-20.365 28.302 0.901 202 199 194
-20.365 28.292 0.843 200 196 185
-20.365 28.361 1.008 225 223 211
-20.364 28.144 0.765 127 127 119
-20.365 28.291 0.851 200 196 187
-20.365 28.306 0.892 202 199 194
-20.364 28.339 1.033 93 104 110
-20.365 28.312 0.857 201 196 190
-20.364 28.283 0.934 204 204 196
-20.362 28.071 0.800 193 193 183
-20.367 28.362 0.831 199 195 186
-20.364 28.153 0.773 196 192 180
-20.364 28.143 0.774 193 190 181
-20.365 28.370 0.985 214 215 209
-20.368 28.376 0.751 204 199 180
-20.362 28.143 0.875 198 194 183
-20.366 28.384 0.901 202 201 197
-20.364 28.150 0.788 178 175 168
-20.366 28.302 0.775 204 198 174
-20.364 28.149 0.746 189 187 175
-20.365 28.266 0.786 182 169 160
-20.367 28.332 0.755 201 194 175
-20.362 28.033 0.779 189 185 174
-20.364 28.323 0.990 218 214 205
-20.363 28.143 0.789 176 176 168
-20.363 28.232 0.950 206 203 196
-20.364 28.289 0.972 215 212 205
-20.365 28.290 0.898 201 198 193
-20.366 28.291 0.815 201 195 183
-20.363 28.178 0.898 199 196 189
-20.364 28.207 0.858 200 193 183
-20.363 28.224 0.900 199 194 190
-20.363 28.066 0.745 199 195 184
-20.366 28.372 0.860 199 199 187
-20.365 28.288 0.842 200 196 184
-20.363 28.192 0.874 199 195 183
-20.363 28.203 0.934 203 200 191
-20.366 28.257 0.767 161 155 141
-20.363 28.101 0.738 186 179 169
-20.366 28.249 0.751 217 213 204
-20.365 28.315 0.855 201 198 189
-20.366 28.291 0.762 121 114 106
-20.363 28.132 0.848 196 192 181
-20.365 28.220 0.754 204 204 192
-20.367 28.316 0.735 201 198 181
-20.365 28.305 0.918 203 200 195
-20.362 28.047 0.792 193 193 185
-20.366 28.353 0.896 201 200 195
-20.362 28.091 0.838 195 192 187
-20.362 28.073 0.803 196 194 182
-20.366 28.373 0.929 205 204 199
-20.364 28.246 0.867 199 194 188
-20.364 28.143 0.737 179 170 153
-20.362 28.099 0.811 195 191 179
-20.365 28.248 0.846 198 194 183
-20.365 28.268 0.871 202 197 191
-20.367 28.386 0.796 201 197 185
-20.364 28.263 0.910 201 198 189
-20.365 28.212 0.777 199 195 183
-20.362 28.069 0.785 174 174 166
-20.366 28.372 0.862 199 199 187
-20.367 28.379 0.855 200 200 190
-20.366 28.350 0.864 201 198 191
-20.361 27.981 0.740 166 166 154
-20.367 28.304 0.735 200 193 174
-20.363 28.268 0.972 214 211 204
-20.365 28.326 0.937 204 204 196
-20.364 28.201 0.826 197 193 182
-20.367 28.333 0.773 200 193 175
-20.363 28.180 0.897 198 195 186
-20.365 28.218 0.742 207 200 182
-20.368 28.357 0.736 174 167 148
-20.364 28.330 1.006 227 225 212
-20.363 28.065 0.741 192 188 177
-20.364 28.316 1.006 228 221 211
-20.364 28.166 0.736 192 180 164
-20.363 28.182 0.892 198 195 186
-20.365 28.333 0.925 203 202 197
-20.364 28.321 0.999 221 217 205
-20.367 28.386 0.813 200 198 185
-20.365 28.200 0.757 176 175 170
-20.363 28.164 0.866 198 194 183
-20.363 28.144 0.844 195 191 180
-20.362 28.086 0.811 195 193 180
-20.366 28.279 0.787 182 171 165
-20.366 28.361 0.880 202 199 192
-20.364 28.234 0.834 199 193 181
-20.362 28.103 0.849 195 192 183
-20.363 28.229 0.934 204 200 191
-20.365 28.360 0.995 220 217 208
-20.365 28.340 0.933 204 203 198
-20.364 28.332 1.031 200 208 211
-20.366 28.310 0.836 199 195 183
-20.368 28.382 0.750 205 199 185
-20.363 28.084 0.744 197 194 185
-20.364 28.283 0.911 200 200 192
-20.363 28.247 0.950 205 205 197
-20.365 28.226 0.737 180 169 147
-20.363 28.185 0.914 200 197 190
-20.364 28.303 0.995 217 213 204
-20.363 28.233 0.943 205 202 195
-20.365 28.303 0.847 200 196 185
-20.365 28.238 0.781 194 188 174
-20.364 28.258 0.941 204 204 194
-20.363 28.066 0.747 204 200 189
-20.366 28.312 0.820 202 196 184
-20.365 28.222 0.794 196 192 180
-20.364 28.281 0.956 208 208 200
-20.367 28.329 0.754 204 197 178
-20.364 28.264 0.870 201 196 190
-20.366 28.360 0.839 200 198 186
-20.363 28.144 0.854 195 193 181
-20.366 28.331 0.795 204 196 183
-20.364 28.336 1.032 89 100 106
-20.364 28.212 0.878 199 195 184
-20.362 28.055 0.804 197 194 185
-20.365 28.373 1.005 216 219 212
-20.365 28.382 0.993 215 216 211
-20.362 28.018 0.745 189 187 174
-20.363 28.099 0.778 197 193 182
-20.364 28.284 0.943 205 205 197
-20.366 28.275 0.769 199 191 189
-20.363 28.208 0.886 199 196 187
-20.364 28.347 1.000 212 210 198
-20.366 28.355 0.852 200 197 188
-20.364 28.321 0.969 213 210 203
-20.366 28.316 0.803 205 197 186
-20.363 28.076 0.754 202 202 192
-20.366 28.357 0.861 202 199 192
-20.366 28.370 0.892 201 201 193
-20.364 28.260 0.917 202 199 190
-20.364 28.321 1.002 229 225 213
-20.367 28.347 0.777 203 198 179
-20.367 28.383 0.841 201 201 189
-20.362 28.114 0.846 194 191 182
-20.362 28.098 0.843 195 192 185
-20.363 28.134 0.849 196 192 181
-20.363 28.094 0.743 197 197 185
-20.362 28.077 0.827 196 193 186
-20.363 28.164 0.882 198 195 186
-20.367 28.365 0.820 200 197 182
-20.366 28.257 0.769 202 196 182
-20.367 28.355 0.814 199 195 183
-20.365 28.231 0.804 203 197 185
-20.366 28.366 0.858 200 198 186
-20.362 28.132 0.873 201 197 186
-20.367 28.374 0.838 200 197 188
-20.365 28.376 0.991 216 217 211
-20.363 28.161 0.878 199 195 184
-20.366 28.348 0.856 202 198 189
-20.363 28.146 0.817 197 191 179
-20.365 28.191 0.763 110 106 107
-20.363 28.095 0.794 195 191 180
-20.365 28.217 0.744 211 208 191
-20.363 28.110 0.817 197 190 180
-20.365 28.292 0.886 201 198 193
-20.362 28.083 0.819 196 192 183
-20.366 28.289 0.778 203 196 178
-20.365 28.226 0.784 172 168 156
-20.364 28.220 0.878 200 196 187
-20.364 28.169 0.765 108 103 110
-20.365 28.227 0.808 203 195 182
-20.363 28.164 0.901 200 197 188
-20.365 28.200 0.739 201 195 173
-20.366 28.275 0.778 205 198 179
-20.362 28.028 0.769 188 184 172
-20.366 28.340 0.882 203 200 193
-20.365 28.370 0.997 217 218 212
-20.363 28.280 0.981 217 214 205
-20.366 28.364 0.901 202 201 196
-20.363 28.088 0.773 194 191 182
-20.362 28.059 0.763 181 174 166
-20.364 28.124 0.744 202 198 187
-20.365 28.281 0.828 203 197 183
-20.364 28.273 0.954 208 208 200
-20.366 28.346 0.827 202 196 184
-20.364 28.184 0.832 196 194 181
-20.363 28.071 0.746 205 201 190
-20.363 28.110 0.743 199 200 192
-20.364 28.200 0.829 196 192 181
-20.362 28.124 0.855 195 193 181
-20.364 28.215 0.831 197 193 182
-20.365 28.372 0.961 209 208 204
-20.366 28.289 0.735 196 188 165
-20.367 28.357 0.785 189 183 167
-20.365 28.249 0.783 177 168 153
-20.364 28.170 0.741 199 191 180
-20.364 28.286 0.961 209 209 201
-20.366 28.306 0.761 161 152 137
-20.365 28.280 0.863 201 196 190
-20.364 28.253 0.865 200 195 189
-20.365 28.319 0.887 200 200 192
-20.364 28.281 0.971 211 211 203
-20.365 28.290 0.828 202 196 182
-20.365 28.377 0.961 209 208 204
-20.365 28.214 0.796 201 193 182
-20.365 28.322 0.896 202 201 196
-20.364 28.285 0.983 217 214 205
-20.367 28.380 0.806 201 199 184
-20.363 28.111 0.755 192 194 189
-20.366 28.363 0.876 200 200 188
-20.365 28.238 0.773 201 194 178
-20.363 28.163 0.869 198 194 183
-20.366 28.287 0.761 148 141 135
-20.366 28.335 0.832 202 195 185
-20.366 28.255 0.743 207 199 180
-20.365 28.207 0.743 205 203 180
-20.363 28.213 0.905 199 196 189
-20.366 28.307 0.761 161 152 137
-20.364 28.325 1.035 34 44 54
-20.366 28.349 0.893 201 200 195
-20.364 28.292 0.929 205 202 197
-20.363 28.075 0.774 191 188 179
-20.367 28.340 0.787 182 176 160
-20.364 28.250 0.872 200 195 189
-20.366 28.285 0.750 217 211 199
-20.365 28.225 0.787 188 184 172
-20.365 28.231 0.818 201 195 183
-20.367 28.347 0.739 203 196 177
-20.363 28.237 0.925 202 197 191
-20.365 28.279 0.888 201 198 193
-20.363 28.235 0.951 208 205 198
-20.363 28.108 0.737 182 178 169
-20.362 28.028 0.754 192 186 170
-20.363 28.268 0.988 217 214 205
-20.362 28.007 0.748 189 186 171
-20.365 28.261 0.834 199 195 184
-20.366 28.332 0.833 202 195 185
-20.366 28.317 0.829 200 196 184
-20.365 28.374 1.023 224 227 220
-20.363 28.151 0.876 198 194 183
-20.364 28.372 1.033 148 152 161
-20.365 28.379 1.023 220 222 217
-20.365 28.312 0.890 200 197 192
-20.363 28.185 0.884 197 195 183
-20.364 28.254 0.887 200 195 189
-20.365 28.376 0.964 210 209 205
-20.365 28.337 0.904 201 200 195
-20.366 28.369 0.899 202 201 196
-20.364 28.372 1.073 56 63 89
-20.367 28.326 0.767 194 187 168
-20.363 28.220 0.930 203 199 190
-20.363 28.234 0.941 205 202 195
-20.363 28.075 0.745 196 193 184
-20.367 28.391 0.792 190 188 176
-20.363 28.155 0.831 195 192 177
-20.364 28.312 0.965 210 210 202
-20.364 28.246 0.872 200 195 189
-20.365 28.276 0.839 200 196 184
-20.364 28.284 0.930 203 203 195
-20.364 28.165 0.781 194 187 177
-20.364 28.265 0.935 202 202 192
-20.364 28.346 1.009 227 228 212
-20.363 28.156 0.856 196 194 181
-20.363 28.126 0.806 196 190 176
-20.364 28.284 0.975 216 213 206
-20.365 28.372 0.993 216 217 211
-20.368 28.388 0.738 188 186 174
-20.365 28.288 0.896 200 197 192
-20.363 28.115 0.771 197 193 184
-20.363 28.148 0.814 198 192 180
-20.365 28.356 0.996 213 210 201
-20.363 28.274 0.981 216 213 204
-20.367 28.339 0.745 186 181 159
-20.365 28.355 0.919 203 202 197
-20.365 28.248 0.764 170 164 166
-20.364 28.278 0.972 214 211 204
-20.365 28.283 0.879 201 198 191
-20.364 28.160 0.760 148 147 145
-20.363 28.180 0.906 200 197 190
-20.364 28.291 0.928 205 202 197
-20.366 28.376 0.932 205 206 200
-20.363 28.155 0.805 195 191 182
-20.364 28.324 0.985 211 207 198
-20.364 28.165 0.745 177 171 173
-20.520 28.310 1.132 81 110 186
-20.524 28.342 1.108 78 111 208
-20.513 28.319 1.128 57 86 164
-20.526 28.330 1.116 74 109 193
-20.516 28.354 1.102 86 119 222
-20.518 28.316 1.128 55 87 162
-20.533 28.337 1.109 76 115 208
-20.532 28.339 1.107 74 115 207
-20.520 28.321 1.124 64 92 166
-20.523 28.320 1.124 60 88 162
-20.527 28.322 1.121 60 93 170
-20.525 28.320 1.123 57 90 169
-20.528 28.324 1.119 61 93 170
-20.535 28.294 1.138 140 172 233
-20.534 28.314 1.124 54 84 157
-20.533 28.298 1.136 137 169 230
-20.535 28.313 1.124 54 84 157
-20.532 28.288 1.143 141 175 236
-20.512 28.323 1.125 55 86 168
-20.521 28.320 1.124 60 88 162
-20.530 28.294 1.140 139 173 234
-20.534 28.346 1.102 82 119 225
-20.525 28.339 1.110 77 110 207
-20.533 28.357 1.094 123 150 229
-20.532 28.333 1.111 75 111 205
-20.524 28.336 1.112 77 108 199
-20.480 28.257 1.123 97 130 225
-20.498 28.214 1.141 107 134 203
-20.502 28.233 1.140 103 133 206
-20.504 28.235 1.141 123 153 226
-20.489 28.300 1.120 90 127 218
-20.495 28.337 1.115 79 115 201
-20.513 28.274 1.137 118 151 222
-20.496 28.307 1.122 93 129 217
-20.488 28.285 1.122 91 127 221
-20.505 28.285 1.131 57 92 174
-20.511 28.297 1.132 70 101 181
-20.509 28.288 1.133 71 104 183
-20.511 28.299 1.131 61 94 173
-20.475 28.240 1.124 96 125 217
-20.497 28.285 1.127 58 94 180
-20.499 28.243 1.136 71 96 176
-20.485 28.189 1.139 77 96 136
-20.525 28.286 1.141 148 184 244
-20.497 28.228 1.138 84 112 185
-20.475 28.172 1.138 80 102 143
-20.474 28.227 1.127 90 124 198
-20.504 28.327 1.122 81 115 204
-20.483 28.196 1.137 63 82 138
-20.472 28.184 1.134 73 93 152
-20.492 28.330 1.115 81 116 206
-20.499 28.311 1.122 86 122 208
-20.465 28.173 1.132 76 105 161
-20.473 28.230 1.125 96 127 207
-20.493 28.209 1.140 87 109 167
-20.494 28.305 1.121 95 132 221
-20.503 28.303 1.126 62 97 181
-20.495 28.289 1.125 75 111 199
-20.495 28.230 1.136 64 92 165
-20.464 28.184 1.130 83 108 172
-20.457 28.142 1.134 106 121 164
-20.487 28.233 1.132 61 89 162
-20.463 28.158 1.134 83 103 153
-20.499 28.306 1.124 77 113 199
-20.475 28.242 1.124 95 124 218
-20.491 28.209 1.139 63 88 152
-20.505 28.246 1.139 101 130 206
-20.496 28.211 1.141 112 137 201
-20.509 28.298 1.130 61 94 173
-20.503 28.310 1.125 67 102 186
-20.471 28.185 1.133 73 93 152
-20.466 28.185 1.130 81 106 172
-20.501 28.306 1.125 64 99 183
-20.473 28.192 1.132 74 95 162
-20.516 28.302 1.134 72 104 181
-20.483 28.258 1.125 101 132 223
-20.494 28.334 1.115 80 116 204
-20.486 28.291 1.120 91 128 219
-20.510 28.267 1.137 99 133 205
-20.485 28.192 1.139 71 90 133
-20.474 28.190 1.134 65 85 148
-20.495 28.233 1.136 64 92 165
-20.471 28.183 1.133 73 93 152
-20.491 28.273 1.126 69 106 197
-20.497 28.250 1.134 65 90 172
-20.493 28.298 1.122 92 129 218
-20.520 28.287 1.138 135 174 233
-20.491 28.331 1.115 82 117 207
-20.509 28.320 1.126 55 86 169
-20.473 28.237 1.124 98 128 216
-20.500 28.286 1.128 57 92 176
-20.488 28.218 1.135 58 86 159
-20.496 28.266 1.130 59 90 172
-20.477 28.202 1.133 61 84 152
-20.473 28.208 1.130 83 110 181
-20.506 28.325 1.124 65 97 184
-20.451 28.118 1.130 189 200 230
-20.409 27.989 1.097 212 212 212
-20.443 28.033 1.111 101 114 148
-20.422 28.011 1.103 211 219 230
-20.445 28.065 1.118 115 128 163
-20.400 28.006 1.099 215 218 223
-20.392 27.993 1.096 209 209 209
-20.400 28.053 1.110 98 113 156
-20.404 27.984 1.095 202 201 197
-20.407 28.052 1.110 100 117 160
-20.449 28.111 1.129 115 126 154
-20.420 28.014 1.104 216 225 240
-20.382 28.002 1.096 209 210 212
-20.400 28.031 1.105 138 150 174
-20.409 27.987 1.096 212 212 212
-20.438 28.038 1.111 107 119 157
-20.398 28.044 1.107 93 107 142
-20.398 28.033 1.105 95 107 131
-20.416 27.997 1.099 211 214 219
-20.378 28.004 1.096 212 213 208
-20.417 28.046 1.110 107 122 161
-20.445 28.006 1.105 213 225 239
-20.444 27.995 1.103 209 218 223
-20.409 28.007 1.101 208 213 219
-20.433 28.021 1.107 149 161 187
-20.409 27.999 1.099 211 214 219
-20.396 27.987 1.095 203 202 198
-20.409 28.012 1.102 212 219 227
-20.427 28.031 1.108 105 118 150
-20.388 28.042 1.106 68 78 105
-20.383 28.027 1.102 218 217 231
-20.394 27.993 1.096 209 209 209
-20.425 27.985 1.098 212 216 217
-20.399 28.045 1.108 93 107 142
-20.383 28.022 1.101 213 213 223
-20.442 28.086 1.122 114 125 170
-20.400 28.058 1.111 100 117 163
-20.397 28.002 1.098 209 213 216
-20.443 28.050 1.115 110 122 162
-20.404 28.034 1.106 79 93 119
-20.397 28.012 1.100 212 217 223
-20.441 28.112 1.128 110 125 158
-20.446 27.970 1.098 213 214 209
-20.439 27.983 1.099 215 217 216
-20.398 27.988 1.095 206 205 201
-20.422 28.063 1.115 105 120 161
-20.400 28.020 1.102 216 222 238
-20.426 28.059 1.114 112 124 162
-20.446 28.088 1.123 117 128 173
-20.439 28.014 1.106 193 205 227
-20.398 28.023 1.103 212 217 236
-20.394 28.034 1.104 133 144 166
-20.448 28.048 1.115 109 121 161
-20.438 28.091 1.123 116 127 172
-20.449 28.030 1.111 103 116 148
-20.422 28.067 1.115 106 120 159
-20.438 28.043 1.112 110 122 162
-20.391 28.036 1.105 130 141 163
-20.447 27.998 1.104 211 221 230
-20.439 27.983 1.099 215 217 216
-20.427 27.986 1.099 212 216 219
-20.441 27.996 1.103 209 216 222
-20.447 28.053 1.116 111 124 159
-20.427 28.084 1.120 112 124 166
-20.449 28.124 1.132 152 163 195
-20.415 28.005 1.101 215 220 226
-20.430 28.071 1.118 108 120 158
-20.397 28.031 1.104 166 176 201
-20.446 28.095 1.125 117 129 169
-20.424 28.042 1.110 107 121 156
-20.399 27.988 1.095 206 205 201
-20.437 28.086 1.122 113 125 167
-20.442 28.065 1.118 113 125 163
-20.433 28.047 1.113 112 124 166
-20.438 28.051 1.114 112 124 164
-20.438 27.985 1.100 215 217 216
-20.435 28.032 1.110 100 113 147
-20.437 28.076 1.119 110 122 164
-20.391 28.034 1.104 192 200 223
-20.406 28.041 1.108 84 99 130
-20.447 27.962 1.096 199 199 191
-20.433 28.196 1.122 87 110 177
-20.451 28.321 1.109 87 118 208
-20.397 28.292 1.103 81 99 149
-20.469 28.335 1.110 87 118 208
-20.477 28.329 1.112 85 118 211
-20.416 28.316 1.104 75 102 169
-20.432 28.219 1.119 84 111 188
-20.464 28.304 1.113 87 122 214
-20.453 28.140 1.133 102 119 165
-20.466 28.257 1.120 96 127 218
-20.455 28.207 1.125 86 113 184
-20.433 28.198 1.122 87 110 177
-20.452 28.342 1.106 81 115 213
-20.436 28.307 1.108 91 127 213
-20.427 28.350 1.101 76 102 177
-20.464 28.352 1.107 79 117 216
-20.438 28.270 1.113 88 124 202
-20.475 28.318 1.113 90 121 212
-20.471 28.253 1.121 93 123 219
-20.460 28.259 1.119 97 127 213
-20.474 28.245 1.123 95 124 218
-20.406 28.364 1.096 91 104 139
-20.405 28.266 1.108 119 122 175
-20.421 28.351 1.100 71 96 163
-20.408 28.264 1.109 111 120 179
-20.421 28.220 1.117 84 112 186
-20.393 28.334 1.097 81 91 127
-20.392 28.355 1.094 92 101 130
-20.461 28.278 1.116 90 125 217
-20.480 28.286 1.119 88 124 220
-20.430 28.249 1.115 81 114 191
-20.463 28.271 1.118 91 124 217
-20.438 28.217 1.120 86 113 190
-20.474 28.342 1.110 84 115 208
-20.466 28.334 1.110 88 119 209
-20.375 28.349 1.092 92 95 128
-20.438 28.205 1.122 88 112 182
-20.455 28.171 1.129 88 113 179
-20.417 28.285 1.108 88 120 193
-20.437 28.325 1.106 85 119 206
-20.439 28.171 1.126 94 114 177
-20.486 28.318 1.115 84 120 214
-20.462 28.278 1.116 90 125 217
-20.448 28.301 1.111 83 118 212
-20.447 28.244 1.118 89 117 201
-20.450 28.138 1.132 102 118 167
-20.416 28.291 1.107 85 123 196
-20.437 28.357 1.102 84 119 209
-20.394 28.340 1.097 83 91 128
-20.445 28.243 1.118 88 116 200
-20.415 28.240 1.113 73 103 167
-20.441 28.269 1.114 88 122 211
-20.444 28.191 1.125 89 112 180
-20.404 28.329 1.100 76 89 134
-20.431 28.293 1.109 90 128 211
-20.462 28.206 1.126 88 115 182
-20.421 28.226 1.116 87 109 184
-20.420 28.324 1.103 73 101 174
-20.447 28.179 1.127 89 115 174
-20.436 28.352 1.102 81 115 204
-20.448 28.180 1.127 89 115 176
-20.417 28.292 1.107 85 123 196
-20.471 28.344 1.109 83 116 209
-20.388 28.346 1.095 89 96 124
-20.461 28.248 1.120 96 126 212
-20.494 28.350 1.113 76 110 207
-20.459 28.304 1.112 85 120 214
-20.401 28.275 1.106 172 163 206
-20.453 28.256 1.118 94 125 208
-20.431 28.344 1.102 74 107 188
-20.477 28.311 1.115 88 124 220
-20.446 28.325 1.107 87 121 211
-20.406 28.342 1.099 76 89 133
-20.406 28.313 1.102 71 93 143
-20.429 28.307 1.107 88 124 208
-20.473 28.352 1.109 81 117 213
-20.450 28.322 1.109 87 118 208
-20.402 28.314 1.102 72 92 143
-20.386 28.355 1.093 96 104 127
-20.454 28.350 1.106 79 118 221
-20.451 28.148 1.131 93 113 166
-20.389 28.350 1.095 93 100 128
-20.420 28.357 1.099 72 94 154
-20.414 28.356 1.098 76 94 142
-20.439 28.282 1.112 116 153 233
-20.457 28.280 1.115 88 123 213
-20.412 28.284 1.107 90 112 185
-20.404 28.296 1.104 72 102 166
-20.419 28.336 1.101 70 94 158
-20.425 28.362 1.099 75 102 171
-20.461 28.283 1.115 89 124 216
-20.433 28.330 1.105 79 114 196
-20.460 28.254 1.119 98 128 214
-20.467 28.216 1.125 91 121 194
-20.441 28.201 1.123 87 112 179
-20.458 28.187 1.127 90 115 182
-20.437 28.291 1.110 91 129 214
-20.410 28.330 1.101 73 91 141
-20.452 28.267 1.116 96 127 210
-20.484 28.345 1.111 80 113 206
-20.422 28.360 1.099 72 97 163
-20.483 28.297 1.118 87 124 215
-20.383 28.329 1.096 82 95 129
-20.444 28.328 1.107 88 122 212
-20.450 28.294 1.112 87 124 215
-20.443 28.294 1.111 87 124 213
-20.430 28.217 1.119 80 107 184
-20.444 28.186 1.125 90 113 180
-20.410 28.257 1.110 94 114 177
-20.476 28.272 1.120 89 124 224
-20.432 28.188 1.123 85 109 171
-20.443 28.166 1.128 96 117 180
-20.442 28.313 1.108 91 125 215
-20.435 28.350 1.102 78 113 197
-20.408 28.332 1.100 73 91 141
-20.442 28.251 1.116 84 114 200
-20.444 28.329 1.107 87 121 211
-20.427 28.260 1.113 85 122 202
-20.396 28.305 1.102 71 91 144
-20.426 28.301 1.107 85 124 201
-20.455 28.282 1.115 85 120 210
-20.454 28.279 1.115 85 121 209
-20.488 28.350 1.112 80 115 209
-20.410 28.309 1.103 72 101 157
-20.451 28.253 1.118 94 122 206
-20.417 28.274 1.109 98 112 185
-20.468 28.224 1.124 91 122 204
-20.433 28.191 1.123 86 110 174
-20.454 28.249 1.119 96 124 208
-20.397 28.366 1.094 107 113 137
-20.395 28.307 1.101 72 92 143
-20.422 28.220 1.117 84 112 186
-20.463 28.217 1.125 90 120 193
-20.470 28.243 1.122 94 125 216
-20.461 28.231 1.122 94 122 205
-20.436 28.288 1.111 113 149 233
-20.458 28.238 1.121 93 121 204
-20.442 28.251 1.117 83 114 197
-20.415 28.277 1.108 100 118 192
-20.411 28.287 1.106 86 115 185
-20.390 28.367 1.092 105 111 137
-20.408 28.339 1.099 76 89 134
-20.440 28.350 1.103 81 116 210
-20.396 28.308 1.101 73 91 141
-20.400 28.364 1.095 99 108 141
-20.444 28.219 1.121 85 112 191
-20.420 28.270 1.110 96 122 196
-20.390 28.317 1.099 73 87 124
-20.386 28.321 1.098 77 90 125
-20.428 28.255 1.114 86 122 200
-20.455 28.277 1.115 88 122 211
-20.454 28.194 1.126 86 110 180
-20.396 28.061 1.109 94 108 153
-20.406 28.201 1.111 96 117 184
-20.367 28.248 1.091 70 79 108
-20.365 28.312 1.089 82 93 123
-20.434 28.109 1.126 114 128 165
-20.385 28.187 1.101 71 84 119
-20.401 28.167 1.109 119 131 147
-20.388 28.149 1.103 73 84 106
-20.394 28.254 1.103 77 93 145
-20.410 28.195 1.113 88 108 177
-20.443 28.143 1.129 105 125 178
-20.420 28.184 1.117 98 118 177
-20.369 28.035 1.097 221 219 224
-20.365 28.070 1.095 65 71 93
-20.388 28.078 1.105 76 85 126
-20.372 28.061 1.098 68 74 110
-20.400 28.113 1.110 95 112 155
-20.376 28.317 1.094 84 90 126
-20.385 28.179 1.101 61 69 108
-20.364 28.243 1.090 66 79 113
-20.372 28.140 1.096 68 71 104
-20.362 28.127 1.092 59 70 98
-20.435 28.154 1.125 99 120 177
-20.384 28.213 1.100 73 84 130
-20.364 28.348 1.087 82 91 120
-20.387 28.124 1.104 69 80 112
-20.424 28.170 1.120 98 113 168
-20.400 28.084 1.111 96 112 161
-20.375 28.045 1.100 62 70 93
-20.388 28.048 1.106 78 92 121
-20.363 28.024 1.095 207 211 214
-20.391 28.138 1.105 110 122 144
-20.393 28.242 1.103 79 92 147
-20.403 28.260 1.108 97 108 164
-20.379 28.185 1.098 68 79 109
-20.374 28.112 1.098 70 74 111
-20.399 28.204 1.107 63 81 143
-20.386 28.272 1.099 84 90 124
-20.395 28.123 1.107 111 125 160
-20.397 28.109 1.108 87 102 145
-20.379 28.141 1.099 70 82 106
-20.400 28.223 1.107 79 106 173
-20.404 28.093 1.112 101 119 167
-20.382 28.037 1.104 167 173 195
-20.403 28.247 1.108 83 105 165
-20.363 28.046 1.094 104 112 131
-20.382 28.223 1.099 67 80 124
-20.411 28.086 1.116 104 121 165
-20.402 28.172 1.109 119 130 148
-20.434 28.167 1.124 99 115 174
-20.370 28.275 1.092 79 84 114
-20.376 28.081 1.099 69 80 102
-20.388 28.110 1.104 77 86 125
-20.403 28.105 1.112 95 112 158
-20.378 28.305 1.095 78 84 120
-20.410 28.128 1.114 110 124 161
-20.391 28.065 1.107 79 92 136
-20.383 28.102 1.102 71 79 116
-20.423 28.177 1.119 89 112 156
-20.402 28.067 1.112 103 119 168
-20.380 28.162 1.099 64 73 106
-20.387 28.075 1.105 70 83 127
-20.370 28.049 1.097 65 67 88
-20.370 28.283 1.092 80 85 115
-20.375 28.065 1.100 64 77 112
-20.379 28.077 1.101 65 77 117
-20.403 28.080 1.112 97 114 160
-20.387 28.120 1.104 72 83 115
-20.375 28.334 1.092 90 94 131
-20.415 28.154 1.116 110 123 165
-20.414 28.209 1.114 73 102 162
-20.376 28.082 1.100 69 80 102
-20.423 28.139 1.120 101 118 172
-20.375 28.166 1.097 66 74 110
-20.368 28.083 1.096 66 70 97
-20.384 28.151 1.101 56 67 95
-20.395 28.093 1.108 88 102 149
-20.400 28.121 1.110 109 127 165
-20.413 28.128 1.116 108 121 165
-20.370 28.126 1.095 66 71 93
-20.387 28.254 1.100 70 86 135
-20.368 28.090 1.096 66 70 97
-20.373 28.348 1.091 92 96 123
-20.402 28.084 1.111 96 112 161
-20.366 28.271 1.090 74 88 117
-20.405 28.215 1.110 82 107 173
-20.401 28.227 1.108 77 102 168
-20.416 28.156 1.116 107 120 162
-20.390 28.252 1.102 72 88 139
-20.364 28.032 1.095 216 219 224
-20.365 28.120 1.094 64 71 99
-20.401 28.122 1.110 109 127 165
-20.410 28.087 1.115 104 121 165
-20.387 28.185 1.102 70 80 115
-20.386 28.221 1.101 72 83 129
-20.369 28.120 1.095 68 71 102
-20.366 28.065 1.095 64 72 93
-20.416 28.124 1.117 105 119 166
-20.388 28.046 1.106 73 84 112
-20.363 28.101 1.093 55 69 98
-20.365 28.161 1.092 53 68 97
-20.364 28.338 1.087 82 91 122
-20.380 28.172 1.099 69 77 114
-20.406 28.153 1.112 119 131 153
-20.364 28.029 1.095 208 212 215
-20.375 28.259 1.094 76 79 120
-20.390 28.087 1.106 79 90 135
-20.390 28.290 1.101 81 90 133
-20.367 28.055 1.096 71 75 102
-20.363 28.302 1.088 79 88 117
-20.368 28.133 1.094 63 74 92
-20.384 28.288 1.098 81 89 128
-20.425 28.186 1.119 84 108 168
-20.416 28.099 1.118 105 119 166
-20.428 28.111 1.123 110 125 168
-20.432 28.104 1.125 119 132 174
-20.369 28.148 1.095 64 70 96
-20.396 28.108 1.108 87 102 145
-20.365 28.330 1.088 81 95 124
-20.419 28.219 1.116 84 112 186
-20.366 28.060 1.096 65 73 96
-20.397 28.218 1.106 79 98 156
-20.364 28.148 1.092 60 74 101
-20.429 28.191 1.121 87 111 175
-20.365 28.364 1.087 89 96 122
-20.418 28.213 1.116 96 125 191
-20.361 28.022 1.094 207 211 214
-20.365 28.260 1.090 68 83 114
-20.405 28.115 1.112 109 128 171
-20.370 28.168 1.095 66 71 100
-20.396 28.101 1.109 87 101 146
-20.382 28.287 1.097 76 84 123
-20.373 28.199 1.095 63 75 113
-20.429 28.173 1.122 96 111 168
-20.397 28.219 1.106 79 98 156
-20.405 28.183 1.111 127 142 183
-20.416 28.111 1.118 105 119 166
-20.403 28.075 1.112 99 113 162
-20.365 28.216 1.091 65 75 111
-20.425 28.180 1.120 88 113 169
-20.422 28.180 1.118 90 111 164
-20.366 28.178 1.093 60 74 101
-20.422 28.187 1.118 86 107 174
-20.369 28.352 1.089 90 98 119
-20.370 28.085 1.096 66 70 97
-20.414 28.107 1.117 103 119 168
-20.393 28.217 1.104 82 95 148
-20.366 28.353 1.088 87 99 125
-20.365 28.174 1.092 61 71 106
-20.364 28.222 1.090 66 76 112
-20.375 28.316 1.093 87 89 127
-20.364 28.165 1.092 54 69 98
-20.391 28.266 1.102 80 89 128
-20.425 28.121 1.121 106 119 172
-20.387 28.296 1.099 84 93 134
-20.381 28.152 1.100 60 71 99
-20.381 28.098 1.101 70 78 115
-20.404 28.139 1.111 116 128 154
-20.389 28.245 1.101 73 86 138
-20.368 28.095 1.095 66 70 97
-20.367 28.257 1.091 70 81 109
-20.375 28.102 1.099 70 74 109
-20.364 28.264 1.089 70 85 116
-20.410 28.192 1.113 105 124 192
-20.365 28.312 1.088 82 93 123
-20.368 28.111 1.095 65 68 99
-20.437 28.170 1.126 95 115 176
-20.410 28.205 1.112 74 99 163
-20.365 28.107 1.094 62 69 95
-20.382 28.212 1.099 71 82 128
-20.369 28.152 1.094 65 71 97
-20.367 28.303 1.090 80 91 121
-20.394 28.131 1.107 111 123 145
-20.436 28.175 1.125 91 116 170
-20.429 28.194 1.121 88 112 176
-20.401 28.189 1.108 118 131 183
-20.382 28.273 1.097 77 89 127
-20.391 28.210 1.103 62 77 132
-20.423 28.179 1.119 89 112 156
-20.377 28.156 1.098 60 74 101
-20.367 28.367 1.088 103 101 140
-20.400 28.227 1.107 77 102 168
-20.397 28.075 1.109 87 101 150
-20.409 28.249 1.111 78 103 167
-20.363 28.095 1.093 54 68 95
-20.419 28.106 1.119 106 120 167
-20.407 28.176 1.112 98 116 138
-20.422 28.208 1.118 93 122 180
-20.408 27.980 1.058 199 199 187
-20.406 27.979 1.011 197 197 187
-20.397 27.986 1.080 207 208 202
-20.410 27.976 1.007 198 198 188
-20.422 27.973 1.089 206 205 203
-20.428 27.968 1.035 199 199 191
-20.428 27.969 1.056 199 199 189
-20.437 27.965 1.060 204 205 197
-20.414 27.974 0.995 198 198 188
-20.403 27.981 1.029 197 197 187
-20.408 27.980 1.057 199 199 187
-20.393 27.987 1.064 198 198 186
-20.434 27.967 1.071 209 210 204
-20.385 27.990 1.044 198 198 188
-20.419 27.971 0.987 196 196 186
-20.421 27.970 0.974 198 198 188
-20.418 27.974 1.044 198 198 188
-20.422 27.971 1.028 197 197 187
-20.424 27.971 1.036 199 199 191
-20.393 27.987 1.048 198 198 188
-20.400 27.984 1.073 205 206 198
-20.418 27.973 1.018 197 197 187
-20.391 27.988 1.063 198 198 186
-20.390 27.989 1.064 198 198 186
-20.382 27.993 1.074 202 202 192
-20.414 27.973 0.983 196 196 186
-20.412 27.977 1.045 198 198 188
-20.418 27.973 1.034 199 199 191
-20.398 27.985 1.057 198 198 186
-20.445 27.962 1.080 213 209 210
-20.420 27.970 0.972 198 198 188
-20.395 27.987 1.088 204 205 199
-20.420 27.972 1.034 198 198 190
-20.376 27.997 1.083 205 205 197
-20.437 27.966 1.092 201 202 197
-20.437 27.966 1.095 196 195 190
-20.387 27.991 1.084 205 206 200
-20.404 27.980 1.035 199 199 189
-20.419 27.974 1.054 199 199 187
-20.378 27.995 1.079 204 204 194
-20.437 27.966 1.091 206 206 204
-20.426 27.970 1.061 202 202 192
-20.407 27.980 1.069 203 205 194
-20.404 27.979 1.006 198 198 188
-20.409 27.980 1.090 207 203 200
-20.405 27.980 1.028 197 197 187
-20.426 27.968 1.002 198 198 188
-20.392 27.987 1.029 196 196 184
-20.425 27.969 1.015 197 197 187
-20.433 27.968 1.091 205 205 203
-20.380 27.995 1.090 201 200 195
-20.401 27.984 1.081 207 208 202
-20.426 27.971 1.065 203 205 194
-20.423 27.971 1.036 198 198 190
-20.396 27.986 1.068 199 201 190
-20.397 27.985 1.052 198 198 186
-20.394 27.987 1.061 198 198 186
-20.421 27.973 1.056 199 199 189
-20.406 27.979 1.011 197 197 187
-20.423 27.970 1.018 196 196 186
-20.395 27.987 1.091 203 204 198
-20.415 27.976 1.054 199 199 187
-20.436 27.966 1.079 209 210 204
-20.429 27.968 1.038 199 199 191
-20.418 27.975 1.075 209 210 202
-20.383 27.992 1.064 198 198 186
-20.409 27.977 1.016 197 197 187
-20.368 27.982 0.936 184 187 178
-20.403 27.976 0.969 195 195 183
-20.385 27.986 1.006 194 195 187
-20.380 27.988 1.008 192 194 183
-20.366 27.995 1.028 193 193 183
-20.385 27.983 0.979 193 193 181
-20.383 27.982 0.970 191 191 179
-20.363 27.986 0.954 186 189 180
-20.396 27.975 0.949 193 193 183
-20.388 27.981 0.976 193 193 181
-20.376 27.968 0.848 181 182 177
-20.380 27.971 0.880 184 185 180
-20.387 27.981 0.975 193 193 181
-20.380 27.964 0.828 181 182 177
-20.388 27.984 0.999 193 195 184
-20.383 27.962 0.824 182 183 178
-20.371 27.977 0.907 184 187 178
-20.392 27.967 0.877 184 183 178
-20.393 27.974 0.935 187 190 181
-20.368 27.973 0.871 182 184 183
-20.393 27.975 0.946 192 192 182
-20.378 27.989 1.017 194 194 186
-20.373 27.986 0.979 189 191 178
-20.370 27.967 0.830 178 180 175
-20.373 27.974 0.887 183 185 182
-20.389 27.969 0.887 184 185 179
-20.364 27.992 1.003 190 192 179
-20.364 27.964 0.795 169 174 170
-20.373 27.973 0.878 182 184 183
-20.389 27.987 1.025 196 196 186
-20.393 27.968 0.887 185 185 177
-20.361 27.972 0.843 176 178 175
-20.396 27.976 0.953 193 193 183
-20.405 27.977 0.987 196 196 184
-20.373 27.993 1.028 193 193 181
-20.418 27.970 0.961 197 197 185
-20.364 27.990 0.990 189 191 178
-20.387 27.987 1.019 196 196 188
-20.402 27.977 0.980 196 196 184
-20.396 27.973 0.932 190 192 181
-20.400 27.979 0.988 196 196 184
-20.364 27.979 0.901 182 184 179
-20.383 27.971 0.884 184 185 180
-20.374 27.992 1.029 195 195 185
-20.375 27.992 1.028 195 195 185
-20.373 27.995 1.047 200 198 186
-20.377 27.976 0.911 184 187 178
-20.411 27.972 0.958 195 195 183
-20.364 27.957 0.741 154 156 151
-20.360 27.999 1.045 194 195 179
-20.377 27.963 0.811 176 178 175
-20.394 27.975 0.941 192 192 182
-20.385 27.987 1.012 196 196 188
-20.362 27.997 1.038 192 193 179
-20.369 27.968 0.834 176 178 173
-20.361 27.973 0.849 177 179 176
-20.389 27.981 0.975 193 193 181
-20.372 27.978 0.915 184 187 178
-20.385 27.964 0.840 181 182 177
-20.394 27.977 0.959 192 192 182
-20.379 27.991 1.029 195 195 183
-20.391 27.972 0.913 186 188 177
-20.367 28.001 1.076 200 198 186
-20.396 27.972 0.929 190 192 181
-20.406 27.969 0.928 191 193 182
-20.368 27.994 1.025 193 193 183
-20.396 27.968 0.897 185 187 176
-20.374 27.982 0.952 187 188 180
-20.388 27.967 0.871 184 184 182
-20.414 27.969 0.942 195 195 183
-20.382 27.966 0.850 181 182 177
-20.390 27.962 0.841 182 183 177
-20.362 27.977 0.887 180 185 181
-20.370 27.969 0.844 177 179 174
-20.368 27.982 0.935 183 186 179
-20.376 27.986 0.984 191 191 179
-20.389 27.966 0.862 185 184 180
-20.377 27.967 0.845 179 180 175
-20.369 27.968 0.834 176 178 173
-20.390 27.976 0.946 192 192 182
-20.395 27.969 0.898 186 188 177
-20.406 27.971 0.939 193 193 181
-20.368 27.989 0.988 189 191 178
-20.379 27.977 0.922 184 187 178
-20.377 27.985 0.979 191 191 179
-20.369 27.990 1.000 190 192 181
-20.369 27.984 0.956 187 188 180
-20.378 27.982 0.961 189 191 180
-20.374 27.990 1.009 192 194 183
-20.362 27.983 0.927 183 186 179
-20.369 27.994 1.030 193 193 181
-20.379 27.967 0.851 181 182 177
-20.383 27.982 0.972 192 192 180
-20.368 27.986 0.970 188 190 179
-20.369 27.981 0.931 183 186 179
-20.393 27.981 0.990 195 196 182
-20.394 27.978 0.967 194 194 182
-20.367 27.991 1.006 190 192 181
-20.365 27.976 0.883 180 184 183
-20.364 28.000 1.064 199 197 184
-20.363 27.975 0.876 178 182 183
-20.389 27.978 0.954 192 192 182
-20.414 27.972 0.966 197 197 187
-20.382 27.982 0.972 192 192 180
-20.365 27.982 0.931 183 186 179
-20.389 27.979 0.965 192 192 180
-20.364 27.980 0.912 184 187 180
-20.412 27.969 0.938 194 195 181
-20.403 27.977 0.983 196 196 184
-20.363 28.001 1.066 198 196 183
-20.375 27.984 0.967 189 191 180
-20.394 27.975 0.942 192 192 182
-20.377 27.976 0.915 184 187 178
-20.375 27.992 1.031 195 195 183
-20.361 27.988 0.963 186 189 180
-20.361 27.978 0.893 179 184 180
-20.385 27.973 0.909 184 187 178
-20.387 27.963 0.841 182 183 178
-20.407 27.977 0.989 196 196 186
