-20.485 28.413 0.737 152 120 73
-20.496 28.408 0.754 149 150 145
-20.476 28.412 0.734 171 135 85
-20.540 28.424 0.737 47 44 39
-20.501 28.419 0.731 135 108 63
-20.539 28.415 0.759 68 59 54
-20.453 28.404 0.744 156 148 135
-20.474 28.414 0.730 174 137 85
-20.522 28.402 0.780 94 94 82
-20.460 28.411 0.729 171 138 87
-20.541 28.404 0.786 72 53 39
-20.536 28.409 0.771 66 67 53
-20.472 28.405 0.750 179 178 173
-20.457 28.407 0.737 171 136 96
-20.479 28.418 0.723 187 145 87
-20.534 28.415 0.757 79 70 65
-20.522 28.422 0.733 96 80 57
-20.503 28.415 0.741 90 78 56
-20.482 28.415 0.730 171 134 82
-20.511 28.423 0.726 149 119 67
-20.511 28.422 0.727 149 119 67
-20.474 28.405 0.750 176 175 170
-20.491 28.413 0.739 100 79 50
-20.514 28.413 0.750 34 31 22
-20.529 28.408 0.770 71 69 56
-20.537 28.425 0.735 53 46 40
-20.450 28.405 0.739 76 64 48
-20.482 28.417 0.727 174 133 79
-20.482 28.413 0.735 171 135 85
-20.528 28.417 0.747 42 37 34
-20.513 28.412 0.752 46 46 34
-20.531 28.427 0.726 108 86 62
-20.507 28.421 0.728 134 110 66
-20.522 28.408 0.766 79 75 63
-20.538 28.418 0.750 38 32 32
-20.520 28.404 0.776 91 89 76
-20.496 28.402 0.768 173 173 161
-20.529 28.419 0.744 44 40 39
-20.503 28.419 0.732 135 108 63
-20.464 28.405 0.745 102 100 77
-20.531 28.423 0.735 61 51 42
-20.517 28.407 0.766 98 92 78
-20.508 28.418 0.736 95 78 58
-20.530 28.409 0.768 69 67 54
-20.534 28.430 0.722 126 97 63
-20.529 28.418 0.746 40 35 32
-20.475 28.409 0.741 75 59 26
-20.541 28.419 0.749 40 34 34
-20.543 28.407 0.778 50 37 21
-20.528 28.411 0.762 66 62 51
-20.496 28.404 0.763 169 162 146
-20.485 28.410 0.744 62 49 30
-20.503 28.403 0.769 157 157 145
-20.509 28.402 0.774 150 146 135
-20.105 28.601 0.733 80 88 109
-20.104 28.628 0.733 110 112 125
-20.109 28.637 0.733 105 112 130
-20.851 28.690 0.809 106 126 185
-20.896 28.689 0.805 98 128 188
-20.878 28.682 0.807 135 162 217
-20.881 28.668 0.807 107 130 180
-20.848 28.671 0.809 114 131 185
-20.882 28.676 0.807 97 122 176
-20.843 28.685 0.809 95 114 172
-20.881 28.631 0.807 92 124 185
-20.888 28.694 0.806 100 130 190
-20.893 28.643 0.806 151 179 226
-20.872 28.652 0.808 128 150 200
-20.839 28.684 0.810 102 116 165
-20.859 28.686 0.808 110 130 189
-20.857 28.678 0.808 107 128 185
-20.837 28.685 0.810 96 110 159
-20.876 28.654 0.807 147 169 219
-20.877 28.693 0.807 108 138 200
-20.876 28.653 0.807 139 163 211
-20.870 28.657 0.808 133 154 207
-20.859 28.671 0.808 119 138 194
-20.890 28.639 0.807 110 138 186
-20.877 28.658 0.807 154 176 225
-20.854 28.665 0.809 116 136 189
-20.878 28.658 0.807 154 176 225
-20.882 28.663 0.807 146 168 217
-20.869 28.671 0.808 99 120 175
-20.867 28.648 0.808 129 150 203
-20.875 28.681 0.807 130 155 212
-20.884 28.691 0.806 111 140 196
-20.893 28.682 0.806 137 163 220
-20.824 28.704 0.811 48 67 107
-20.866 28.650 0.808 129 150 203
-20.867 28.671 0.808 102 123 178
-20.842 28.700 0.809 100 123 173
-20.883 28.758 0.784 195 198 215
-20.862 28.726 0.799 122 146 182
-20.825 28.715 0.808 83 106 140
-20.860 28.727 0.799 133 156 187
-20.878 28.716 0.801 89 123 186
-20.875 28.704 0.805 89 117 182
-20.895 28.788 0.772 136 135 143
-20.873 28.731 0.796 158 177 210
-20.866 28.752 0.789 200 203 220
-20.861 28.746 0.792 199 205 219
-20.881 28.747 0.789 196 204 217
-20.882 28.763 0.783 185 191 207
-20.890 28.754 0.785 197 200 217
-20.822 28.711 0.809 51 73 110
-20.865 28.719 0.801 82 111 167
-20.885 28.708 0.803 92 123 187
-20.890 28.699 0.805 91 122 186
-20.893 28.788 0.772 133 132 140
-20.894 28.708 0.801 88 123 181
-20.894 28.745 0.788 196 206 216
-20.848 28.740 0.796 206 209 224
-20.854 28.716 0.803 72 99 154
-20.874 28.735 0.794 183 200 220
-20.882 28.769 0.781 130 137 153
-20.894 28.711 0.800 92 127 185
-20.876 28.755 0.786 196 199 216
-20.896 28.763 0.781 189 194 216
-20.864 28.745 0.791 197 203 219
-20.892 28.713 0.800 93 127 188
-20.894 28.730 0.793 114 140 189
-20.896 28.703 0.803 91 123 184
-20.876 28.736 0.794 181 197 220
-20.884 28.775 0.778 132 138 152
-20.878 28.728 0.796 119 142 196
-20.869 28.721 0.800 82 111 171
-20.888 28.778 0.776 145 151 165
-20.874 28.741 0.792 196 206 218
-20.855 28.736 0.796 197 206 221
-20.889 28.735 0.792 164 185 206
-20.858 28.708 0.806 102 127 184
-20.852 28.715 0.804 75 99 159
-20.859 28.745 0.792 199 207 220
-20.873 28.708 0.804 95 125 187
-20.893 28.785 0.773 136 135 143
-20.871 28.601 0.811 94 123 191
-20.872 28.531 0.805 110 127 119
-20.851 28.550 0.807 127 138 130
-20.816 28.645 0.818 112 136 182
-20.894 28.520 0.803 128 143 138
-20.873 28.582 0.809 95 123 186
-20.855 28.546 0.807 122 139 129
-20.858 28.490 0.801 130 141 133
-20.818 28.615 0.815 86 101 142
-20.873 28.522 0.804 112 127 120
-20.886 28.481 0.799 111 123 119
-20.830 28.572 0.810 96 116 125
-20.875 28.523 0.804 112 127 120
-20.869 28.575 0.809 100 123 175
-20.788 28.655 0.820 31 44 63
-20.889 28.489 0.800 117 129 125
-20.831 28.605 0.813 111 128 180
-20.811 28.648 0.818 102 120 170
-20.892 28.444 0.795 112 128 125
-20.871 28.410 0.793 115 135 126
-20.878 28.572 0.808 96 122 173
-20.813 28.589 0.813 48 69 88
-20.872 28.408 0.793 115 135 126
-20.856 28.588 0.811 99 124 188
-20.887 28.474 0.799 114 126 122
-20.862 28.502 0.802 129 144 137
-20.846 28.569 0.809 114 133 150
-20.871 28.543 0.806 116 133 125
-20.878 28.601 0.811 94 125 189
-20.863 28.475 0.800 129 142 135
-20.876 28.438 0.795 121 138 132
-20.886 28.423 0.794 117 134 128
-20.893 28.520 0.803 130 145 140
-20.859 28.573 0.809 102 124 171
-20.855 28.601 0.812 98 122 192
-20.854 28.501 0.802 130 146 135
-20.872 28.421 0.794 115 137 125
-20.800 28.655 0.819 98 116 152
-20.848 28.603 0.812 100 123 190
-20.874 28.500 0.802 115 130 125
-20.854 28.455 0.798 122 138 128
-20.876 28.461 0.798 121 136 131
-20.866 28.520 0.804 120 135 128
-20.879 28.458 0.797 119 134 129
-20.824 28.606 0.814 92 109 152
-20.850 28.575 0.810 107 130 164
-20.862 28.517 0.804 124 139 132
-20.876 28.466 0.798 121 133 129
-20.818 28.634 0.817 100 122 169
-20.841 28.613 0.814 101 126 193
-20.864 28.476 0.800 129 142 135
-20.874 28.554 0.807 114 132 132
-20.874 28.451 0.797 122 139 133
-20.845 28.490 0.802 130 143 133
-20.888 28.469 0.798 115 127 123
-20.802 28.649 0.819 82 101 141
-20.865 28.552 0.807 115 132 126
-20.867 28.544 0.806 116 133 125
-20.895 28.578 0.808 97 125 175
-20.827 28.590 0.812 95 117 158
-20.865 28.430 0.795 117 137 125
-20.892 28.562 0.807 107 127 160
-20.868 28.438 0.796 119 139 130
-20.863 28.469 0.799 125 140 133
-20.869 28.470 0.799 125 138 131
-20.822 28.566 0.810 121 133 131
-20.863 28.538 0.806 116 133 125
-20.835 28.532 0.806 127 148 133
-20.796 28.650 0.819 66 84 120
-20.858 28.524 0.804 124 141 133
-20.833 28.523 0.805 129 147 133
-20.869 28.478 0.800 126 139 132
-20.860 28.548 0.807 122 135 128
-20.834 28.564 0.809 121 135 136
-20.784 28.669 0.821 30 47 67
-20.827 28.564 0.810 118 132 132
-20.844 28.535 0.806 126 144 132
-20.862 28.525 0.804 119 136 128
-20.884 28.485 0.800 105 122 116
-20.884 28.462 0.798 113 125 121
-20.849 28.580 0.810 105 129 175
-20.889 28.435 0.795 113 130 124
-20.886 28.592 0.810 93 125 182
-20.854 28.554 0.808 120 135 132
-20.846 28.496 0.802 132 144 134
-20.860 28.483 0.800 130 143 134
-20.865 28.592 0.811 94 121 190
-20.828 28.614 0.814 111 131 184
-20.840 28.592 0.812 104 129 185
-20.850 28.480 0.801 125 141 130
-20.888 28.490 0.800 119 131 127
-20.831 28.623 0.815 105 127 187
-20.805 28.623 0.816 63 72 103
-20.807 28.604 0.814 47 59 81
-20.882 28.599 0.811 94 126 187
-20.879 28.577 0.809 96 122 179
-20.866 28.482 0.800 129 142 135
-20.812 28.619 0.815 77 89 127
-20.873 28.521 0.804 112 127 120
-20.819 28.582 0.812 51 77 90
-20.887 28.427 0.794 116 133 127
-20.875 28.556 0.807 112 131 138
-20.827 28.638 0.817 101 127 178
-20.833 28.597 0.812 108 125 177
-20.881 28.443 0.796 119 134 131
-20.889 28.511 0.802 125 140 133
-20.836 28.545 0.807 127 148 133
-20.851 28.571 0.809 110 131 162
-20.841 28.547 0.807 126 144 132
-20.828 28.580 0.811 83 109 132
-20.875 28.571 0.808 101 125 171
-20.878 28.556 0.807 111 131 138
-20.814 28.610 0.815 71 85 120
-20.833 28.523 0.805 129 147 133
-20.891 28.437 0.795 114 130 127
-20.826 28.553 0.809 128 141 131
-20.853 28.518 0.804 129 145 135
-20.862 28.495 0.802 131 142 134
-20.875 28.445 0.796 122 137 134
-20.878 28.422 0.794 117 138 129
-20.856 28.494 0.802 132 143 135
-20.872 28.550 0.806 117 134 126
-20.847 28.584 0.811 104 128 176
-20.829 28.543 0.807 125 146 131
-20.837 28.545 0.807 127 148 133
-20.870 28.592 0.811 94 123 189
-20.893 28.483 0.799 121 136 131
-20.872 28.464 0.798 122 137 132
-20.827 28.595 0.812 90 109 151
-20.881 28.479 0.799 114 126 122
-20.876 28.434 0.795 119 139 130
-20.847 28.611 0.813 99 124 191
-20.853 28.601 0.812 99 124 191
-20.833 28.587 0.812 105 128 172
-20.882 28.588 0.810 92 124 183
-20.882 28.487 0.800 107 124 118
-20.850 28.605 0.813 99 124 191
-20.869 28.577 0.809 98 123 180
-20.825 28.592 0.812 88 107 147
-20.814 28.653 0.818 99 117 167
-20.874 28.621 0.810 91 124 191
-20.856 28.624 0.813 94 123 191
-20.819 28.693 0.812 53 67 102
-20.792 28.674 0.820 49 61 83
-20.877 28.610 0.811 89 123 187
-20.817 28.672 0.815 92 109 153
-20.814 28.670 0.816 91 108 151
-20.890 28.617 0.807 91 126 192
-20.841 28.640 0.814 96 125 183
-20.828 28.690 0.811 74 89 132
-20.785 28.673 0.822 41 56 75
-20.840 28.667 0.811 108 125 177
-20.894 28.613 0.807 91 125 188
-20.846 28.654 0.812 112 133 186
-20.837 28.641 0.815 100 126 183
-20.894 28.616 0.807 90 125 189
-20.852 28.646 0.811 96 117 172
-20.848 28.636 0.814 94 123 183
-20.842 28.633 0.815 94 122 185
-20.872 28.636 0.809 106 137 194
-20.832 28.662 0.814 106 126 177
-20.803 28.665 0.819 78 94 128
-20.801 28.663 0.820 83 99 133
-20.795 28.677 0.819 47 63 89
-20.837 28.668 0.812 106 124 174
-20.890 28.601 0.809 96 126 188
-20.823 28.684 0.813 76 89 131
-20.823 28.687 0.812 71 85 124
-20.815 28.700 0.812 54 69 100
-20.797 28.677 0.819 50 66 92
-20.873 28.622 0.810 91 124 191
-20.850 28.648 0.812 106 127 182
-20.860 28.654 0.809 124 145 198
-20.864 28.632 0.811 88 118 180
-20.815 28.655 0.818 99 117 167
-20.835 28.665 0.813 107 124 176
-20.810 28.676 0.816 73 87 122
-20.873 28.631 0.809 90 122 183
-20.797 28.668 0.820 61 76 107
-20.794 28.685 0.818 39 53 79
-20.846 28.656 0.811 107 127 180
-20.810 28.697 0.814 45 59 88
-20.743 28.803 0.754 124 119 116
-20.778 28.802 0.754 103 93 84
-20.760 28.784 0.750 156 154 165
-20.780 28.789 0.751 161 155 157
-20.746 28.804 0.754 130 125 122
-20.790 28.806 0.755 157 144 135
-20.761 28.785 0.750 156 154 165
-20.805 28.799 0.753 112 103 96
-20.829 28.802 0.754 174 170 169
-20.784 28.799 0.753 122 113 108
-20.818 28.809 0.756 183 174 167
-20.770 28.787 0.750 157 152 158
-20.815 28.807 0.755 189 180 173
-20.766 28.809 0.756 132 123 106
-20.782 28.804 0.754 111 99 87
-20.742 28.801 0.754 125 119 119
-20.798 28.802 0.754 132 119 111
-20.821 28.797 0.753 112 107 104
-20.744 28.782 0.749 147 145 148
-20.739 28.796 0.753 142 136 138
-20.759 28.798 0.753 110 105 102
-20.853 28.807 0.755 215 214 219
-20.731 28.796 0.752 134 129 126
-20.820 28.799 0.753 105 100 97
-20.807 28.805 0.755 176 163 154
-20.744 28.806 0.755 162 154 151
-20.683 28.424 0.819 139 134 131
-20.763 28.421 0.804 126 113 107
-20.678 28.538 0.783 205 213 232
-20.778 28.418 0.802 126 117 112
-20.708 28.500 0.789 210 215 234
-20.665 28.510 0.794 202 217 236
-20.747 28.486 0.786 203 215 237
-20.829 28.416 0.793 174 175 167
-20.785 28.430 0.797 140 121 107
-20.696 28.490 0.795 211 217 239
-20.733 28.449 0.801 134 128 140
-20.707 28.526 0.781 205 212 230
-20.662 28.524 0.790 202 214 236
-20.679 28.502 0.794 210 216 238
-20.762 28.453 0.794 125 127 139
-20.655 28.491 0.802 211 222 240
-20.680 28.403 0.826 175 183 194
-20.791 28.427 0.796 142 125 115
-20.715 28.408 0.817 140 143 150
-20.671 28.528 0.787 203 214 234
-20.748 28.468 0.791 210 223 242
-20.687 28.453 0.808 216 224 237
-20.758 28.470 0.789 215 226 246
-20.715 28.505 0.786 210 216 232
-20.680 28.489 0.798 210 218 237
-20.708 28.433 0.811 125 115 106
-20.794 28.439 0.792 125 107 97
-20.740 28.483 0.788 201 216 237
-20.809 28.424 0.794 147 134 126
-20.677 28.516 0.790 202 215 232
-20.690 28.435 0.814 102 95 89
-20.683 28.460 0.807 206 222 245
-20.724 28.414 0.814 140 138 143
-20.781 28.452 0.790 110 109 115
-20.755 28.441 0.799 103 89 88
-20.726 28.456 0.800 195 202 221
-20.779 28.456 0.789 135 134 142
-20.750 28.430 0.803 116 98 84
-20.745 28.409 0.811 121 122 126
-20.658 28.534 0.788 205 216 236
-20.724 28.427 0.810 127 114 108
-20.771 28.414 0.805 140 135 132
-20.700 28.423 0.815 130 124 124
-20.841 28.420 0.789 172 172 164
-20.676 28.513 0.791 203 216 233
-20.743 28.486 0.787 204 216 238
-20.748 28.480 0.788 198 214 237
-20.677 28.484 0.800 209 220 242
-20.704 28.536 0.778 203 210 229
-20.679 28.426 0.819 144 140 137
-20.689 28.444 0.811 100 103 108
-20.674 28.566 0.774 202 214 230
-20.842 28.417 0.790 175 176 168
-20.774 28.480 0.783 211 219 242
-20.736 28.442 0.802 96 87 88
-20.665 28.535 0.786 204 215 235
-20.676 28.555 0.778 203 214 232
-20.675 28.434 0.817 118 114 105
-20.680 28.544 0.780 205 213 232
-20.663 28.576 0.773 207 215 228
-20.664 28.474 0.806 204 218 247
-20.757 28.435 0.800 123 107 94
-20.673 28.546 0.781 206 214 233
-20.740 28.485 0.788 201 216 237
-20.765 28.475 0.786 209 221 245
-20.682 28.402 0.826 179 187 198
-20.773 28.433 0.798 134 115 101
-20.693 28.470 0.802 201 215 241
-20.685 28.431 0.816 129 122 116
-20.655 28.525 0.791 203 215 237
-20.691 28.506 0.790 207 219 233
-20.668 28.472 0.806 203 217 246
-20.695 28.489 0.795 208 216 239
-20.673 28.460 0.809 206 224 246
-20.719 28.527 0.778 207 210 227
-20.662 28.536 0.787 205 216 236
-20.711 28.445 0.806 96 94 97
-20.759 28.436 0.800 123 107 94
-20.754 28.494 0.782 206 212 236
-20.753 28.413 0.809 130 128 129
-20.716 28.486 0.792 197 209 231
-20.755 28.488 0.784 202 212 237
-20.698 28.476 0.799 200 214 240
-20.658 28.568 0.777 207 216 231
-20.657 28.462 0.811 210 225 248
-20.763 28.451 0.794 109 98 106
-20.799 28.421 0.797 133 124 117
-20.677 28.452 0.811 183 191 202
-20.657 28.500 0.799 210 218 239
-20.775 28.413 0.804 150 149 145
-20.706 28.446 0.807 134 137 144
-20.786 28.447 0.791 115 101 100
-20.728 28.415 0.812 139 137 142
-20.677 28.422 0.820 153 151 152
-20.697 28.419 0.818 166 165 171
-20.669 28.467 0.808 209 225 251
-20.687 28.428 0.816 139 131 128
-20.675 28.537 0.784 203 214 234
-20.692 28.506 0.790 207 219 233
-20.773 28.461 0.789 192 196 208
-20.725 28.496 0.787 209 214 234
-20.672 28.463 0.808 205 223 247
-20.783 28.472 0.783 212 220 239
-20.694 28.472 0.801 202 216 242
-20.691 28.520 0.786 202 213 231
-20.653 28.545 0.785 209 217 236
-20.779 28.454 0.790 107 106 112
-20.742 28.454 0.797 162 168 184
-20.816 28.416 0.795 157 154 149
-20.676 28.435 0.816 111 104 96
-20.775 28.423 0.801 130 113 105
-20.793 28.460 0.785 147 147 155
-20.704 28.540 0.777 203 210 229
-20.824 28.425 0.791 155 146 139
-20.658 28.473 0.808 207 218 248
-20.793 28.441 0.791 122 105 97
-20.756 28.490 0.783 204 211 237
-20.660 28.568 0.777 207 216 231
-20.665 28.524 0.790 202 214 236
-20.672 28.537 0.784 203 214 234
-20.775 28.456 0.790 137 137 145
-20.758 28.462 0.792 202 209 225
-20.711 28.484 0.794 195 210 233
-20.717 28.432 0.809 131 118 109
-20.722 28.444 0.805 98 92 94
-20.730 28.501 0.784 208 214 230
-20.699 28.490 0.794 207 215 238
-20.812 28.431 0.791 138 124 115
-20.683 28.508 0.792 206 219 235
-20.721 28.526 0.778 207 210 227
-20.830 28.419 0.791 174 171 164
-20.774 28.431 0.799 143 124 110
-20.812 28.418 0.795 153 146 140
-20.674 28.449 0.812 137 144 152
-20.732 28.407 0.815 119 120 125
-20.743 28.436 0.803 110 93 83
-20.687 28.445 0.811 102 105 110
-20.664 28.455 0.812 210 222 234
-20.785 28.456 0.788 133 132 138
-20.761 28.449 0.795 106 95 101
-20.706 28.513 0.785 208 215 233
-20.656 28.538 0.787 205 216 236
-20.676 28.541 0.782 205 213 232
-20.729 28.490 0.788 207 215 236
-20.664 28.570 0.775 204 216 232
-20.778 28.428 0.799 138 118 107
-20.685 28.541 0.780 204 212 231
-20.684 28.451 0.810 187 195 206
-20.673 28.461 0.809 207 225 247
-20.740 28.482 0.789 197 214 234
-20.699 28.475 0.799 199 213 239
-20.666 28.572 0.774 203 212 229
-20.701 28.539 0.778 203 210 229
-20.691 28.518 0.787 203 214 232
-20.750 28.447 0.798 123 113 122
-20.746 28.409 0.811 121 122 126
-20.680 28.431 0.817 152 145 139
-20.664 28.559 0.779 204 216 232
-20.740 28.465 0.794 208 219 237
-20.736 28.471 0.793 198 216 236
-20.797 28.441 0.791 121 104 96
-20.808 28.443 0.788 121 109 97
-20.721 28.467 0.797 198 213 234
-20.716 28.439 0.807 89 80 73
-20.795 28.457 0.786 139 138 143
-20.654 28.572 0.776 207 215 228
-20.779 28.452 0.791 107 106 112
-20.795 28.452 0.787 112 112 110
-20.703 28.472 0.799 195 209 235
-20.679 28.554 0.777 203 214 232
-20.706 28.432 0.812 125 115 106
-20.818 28.402 0.799 187 189 184
-20.665 28.537 0.786 204 215 235
-20.725 28.435 0.807 100 87 78
-20.748 28.488 0.785 204 215 237
-20.734 28.503 0.783 207 213 229
-20.699 28.472 0.800 198 212 238
-20.837 28.415 0.791 179 180 172
-20.660 28.428 0.822 169 165 162
-20.740 28.453 0.798 147 139 154
-20.686 28.446 0.811 102 105 110
-20.771 28.459 0.790 175 177 189
-20.731 28.497 0.785 213 215 236
-20.747 28.445 0.799 109 98 104
-20.708 28.497 0.790 211 216 235
-20.684 28.414 0.821 157 161 173
-20.758 28.437 0.800 123 107 94
-20.672 28.531 0.786 203 214 234
-20.727 28.432 0.807 113 99 88
-20.713 28.478 0.795 190 206 229
-20.741 28.447 0.800 110 101 106
-20.801 28.450 0.787 117 104 95
-20.685 28.436 0.814 102 97 93
-20.769 28.405 0.808 125 127 126
-20.740 28.436 0.804 102 86 73
-20.687 28.529 0.784 202 213 233
-20.726 28.488 0.789 202 214 236
-20.714 28.476 0.796 191 207 232
-20.757 28.626 0.807 184 169 140
-20.697 28.568 0.780 202 206 209
-20.787 28.591 0.808 151 151 141
-20.741 28.625 0.803 138 119 79
-20.719 28.609 0.794 147 138 123
-20.775 28.598 0.806 189 175 162
-20.714 28.574 0.785 200 203 212
-20.781 28.500 0.788 150 144 148
-20.842 28.425 0.789 175 172 165
-20.842 28.489 0.802 125 139 126
-20.824 28.466 0.793 188 184 183
-20.827 28.434 0.787 133 122 116
-20.755 28.618 0.805 153 130 96
-20.769 28.583 0.802 162 146 121
-20.732 28.584 0.792 209 205 206
-20.822 28.482 0.795 199 196 187
-20.721 28.606 0.794 132 125 109
-20.763 28.512 0.786 206 212 228
-20.698 28.548 0.776 203 211 232
-20.839 28.461 0.795 138 150 138
-20.825 28.499 0.799 174 176 173
-20.772 28.632 0.812 117 119 114
-20.746 28.655 0.809 199 203 204
-20.765 28.558 0.795 148 134 121
-20.784 28.549 0.799 173 166 137
-20.738 28.551 0.787 196 209 218
-20.809 28.582 0.812 31 49 59
-20.801 28.529 0.799 144 129 122
-20.662 28.591 0.775 204 208 220
-20.796 28.540 0.800 188 175 166
-20.758 28.652 0.812 214 207 223
-20.732 28.556 0.786 199 208 217
-20.752 28.585 0.797 159 144 123
-20.771 28.601 0.806 176 169 143
-20.728 28.534 0.781 204 207 222
-20.702 28.597 0.787 201 204 209
-20.744 28.568 0.792 214 211 220
-20.755 28.507 0.783 205 213 232
-20.728 28.619 0.798 197 171 134
-20.719 28.624 0.797 195 172 140
-20.760 28.602 0.803 189 173 140
-20.703 28.576 0.783 199 203 206
-20.705 28.568 0.782 201 205 208
-20.806 28.521 0.799 173 160 154
-20.829 28.467 0.794 195 195 193
-20.718 28.625 0.797 195 172 140
-20.775 28.550 0.797 159 147 125
-20.836 28.462 0.795 156 166 155
-20.792 28.510 0.793 128 114 105
-20.849 28.453 0.797 125 137 127
-20.724 28.538 0.781 206 208 223
-20.793 28.482 0.788 124 123 129
-20.760 28.587 0.800 154 134 109
-20.773 28.667 0.819 43 63 87
-20.790 28.544 0.799 191 177 168
-20.748 28.504 0.780 208 213 232
-20.750 28.539 0.788 203 209 221
-20.787 28.535 0.797 133 113 102
-20.811 28.524 0.801 181 178 171
-20.796 28.589 0.810 50 59 58
-20.839 28.480 0.799 122 138 125
-20.707 28.577 0.784 201 204 211
-20.793 28.484 0.788 114 112 115
-20.783 28.658 0.820 23 42 59
-20.784 28.552 0.799 178 171 142
-20.820 28.514 0.801 185 186 178
-20.841 28.428 0.790 165 162 155
-20.812 28.524 0.801 199 194 188
-20.786 28.537 0.797 133 114 100
-20.777 28.533 0.794 129 111 107
-20.694 28.574 0.780 200 204 205
-20.835 28.504 0.803 131 145 132
-20.838 28.494 0.802 125 139 126
-20.812 28.570 0.810 97 107 109
-20.743 28.563 0.791 203 205 217
-20.724 28.585 0.790 202 201 209
-20.726 28.547 0.783 204 206 221
-20.792 28.571 0.805 159 154 148
-20.788 28.477 0.785 216 217 235
-20.781 28.591 0.806 197 191 179
-20.788 28.474 0.785 201 203 224
-20.735 28.544 0.785 204 208 220
-20.802 28.570 0.807 145 145 147
-20.830 28.441 0.789 143 134 127
-20.715 28.543 0.780 204 207 226
-20.815 28.452 0.787 120 108 110
-20.851 28.419 0.790 177 185 172
-20.749 28.632 0.806 182 165 135
-20.839 28.478 0.799 122 138 125
-20.677 28.581 0.777 199 207 220
-20.652 28.594 0.773 195 194 192
-20.727 28.592 0.792 192 189 182
-20.851 28.430 0.792 148 156 145
-20.756 28.660 0.813 202 207 226
-20.711 28.585 0.787 200 202 214
-20.763 28.597 0.803 178 156 133
-20.747 28.628 0.805 172 152 117
-20.777 28.491 0.785 214 217 232
-20.854 28.413 0.790 165 179 166
-20.841 28.433 0.790 170 170 162
-20.756 28.599 0.801 182 166 132
-20.759 28.538 0.790 201 196 203
-20.786 28.490 0.787 172 176 188
-20.759 28.616 0.805 163 144 114
-20.764 28.595 0.802 179 158 137
-20.740 28.641 0.805 154 144 134
-20.821 28.461 0.791 150 141 142
-20.764 28.638 0.811 168 167 165
-20.730 28.633 0.801 147 133 107
-20.798 28.609 0.814 31 40 47
-20.845 28.453 0.795 131 143 133
-20.692 28.569 0.779 196 209 218
-20.671 28.584 0.776 201 208 224
-20.777 28.536 0.794 127 109 105
-20.747 28.591 0.797 149 133 107
-20.739 28.651 0.807 204 207 216
-20.802 28.474 0.789 115 111 112
-20.702 28.577 0.783 200 204 207
-20.783 28.595 0.807 151 148 139
-20.740 28.580 0.793 207 203 204
-20.766 28.488 0.782 206 212 236
-20.742 28.648 0.807 174 177 184
-20.770 28.602 0.805 182 170 144
-20.818 28.492 0.796 197 187 185
-20.765 28.597 0.803 179 158 137
-20.726 28.553 0.785 199 208 215
-20.702 28.626 0.793 158 152 138
-20.742 28.601 0.798 150 131 91
-20.810 28.492 0.794 146 133 125
-20.759 28.590 0.800 164 144 119
-20.760 28.572 0.797 154 141 124
-20.703 28.573 0.782 201 205 208
-20.824 28.509 0.801 156 162 152
-20.782 28.609 0.810 134 136 125
-20.711 28.581 0.786 201 203 215
-20.782 28.547 0.798 167 147 136
-20.822 28.511 0.801 156 162 152
-20.754 28.529 0.787 206 210 222
-20.780 28.610 0.809 134 136 125
-20.725 28.549 0.783 202 209 217
-20.743 28.518 0.782 203 212 227
-20.747 28.654 0.810 199 203 204
-20.716 28.541 0.779 205 208 227
-20.829 28.510 0.802 127 139 127
-20.706 28.591 0.786 200 203 210
-20.765 28.590 0.802 175 155 131
-20.792 28.610 0.813 35 44 43
-20.717 28.626 0.797 154 133 102
-20.823 28.450 0.789 143 136 126
-20.782 28.536 0.796 140 120 111
-20.737 28.619 0.800 199 176 135
-20.833 28.480 0.798 130 135 128
-20.823 28.518 0.802 138 146 135
-20.718 28.631 0.798 129 112 86
-20.754 28.568 0.795 190 182 179
-20.809 28.462 0.788 125 113 113
-20.784 28.558 0.800 180 173 144
-20.792 28.561 0.803 181 171 161
-20.784 28.527 0.794 133 113 106
-20.778 28.582 0.803 167 156 134
-20.740 28.546 0.787 203 207 219
-20.731 28.526 0.780 207 210 225
-20.796 28.526 0.797 137 118 111
-20.849 28.418 0.790 177 185 172
-20.716 28.537 0.778 205 208 227
-20.719 28.597 0.791 204 204 206
-20.733 28.619 0.799 204 179 139
-20.741 28.592 0.796 151 145 123
-20.811 28.524 0.801 181 178 171
-20.775 28.575 0.801 157 146 118
-20.696 28.624 0.791 157 153 142
-20.849 28.434 0.793 134 144 133
-20.800 28.513 0.796 125 108 101
-20.807 28.565 0.808 168 168 170
-20.735 28.555 0.787 199 209 218
-20.722 28.563 0.785 201 206 212
-20.780 28.540 0.796 166 148 138
-20.694 28.600 0.785 201 203 200
-20.792 28.623 0.815 31 37 49
-20.713 28.629 0.796 157 144 125
-20.791 28.592 0.809 68 77 74
-20.760 28.539 0.790 198 191 198
-20.783 28.664 0.821 30 51 70
-20.753 28.513 0.783 205 212 230
-20.762 28.558 0.795 166 155 151
-20.768 28.535 0.792 153 141 143
-20.666 28.590 0.776 203 206 221
-20.740 28.556 0.789 199 209 219
-20.824 28.522 0.804 125 135 124
-20.770 28.507 0.787 211 214 229
-20.686 28.611 0.785 199 201 214
-20.777 28.616 0.810 152 152 142
-20.847 28.446 0.795 132 145 136
-20.761 28.616 0.806 163 144 114
-20.712 28.557 0.782 204 206 218
-20.718 28.576 0.787 200 202 214
-20.755 28.595 0.800 164 144 117
-20.783 28.473 0.784 212 220 239
-20.683 28.580 0.779 198 205 215
-20.714 28.615 0.793 182 165 145
-20.764 28.649 0.813 194 191 210
-20.757 28.580 0.798 154 137 117
-20.796 28.574 0.807 149 148 144
-20.854 28.431 0.793 126 138 126
-20.737 28.567 0.790 203 207 219
-20.863 28.423 0.794 115 133 119
-20.801 28.542 0.802 201 192 183
-20.773 28.572 0.800 186 175 147
-20.751 28.544 0.789 209 211 223
-20.719 28.602 0.792 161 158 143
-20.816 28.453 0.788 120 108 110
-20.834 28.459 0.794 191 191 183
-20.757 28.515 0.785 203 210 226
-20.847 28.446 0.795 132 145 136
-20.709 28.602 0.790 203 207 210
-20.688 28.567 0.777 197 210 219
-20.768 28.560 0.797 146 130 114
-20.807 28.511 0.797 174 161 155
-20.683 28.566 0.776 201 213 227
-20.841 28.463 0.796 131 143 131
-20.695 28.606 0.787 199 204 210
-20.769 28.513 0.788 205 205 217
-20.771 28.548 0.795 144 128 128
-20.814 28.476 0.792 131 123 112
-20.700 28.563 0.780 202 205 214
-20.770 28.535 0.792 153 141 143
-20.819 28.504 0.799 203 203 195
-20.838 28.462 0.795 156 166 155
-20.848 28.463 0.798 124 137 127
-20.719 28.614 0.795 192 172 148
-20.680 28.588 0.779 198 202 214
-20.758 28.518 0.786 203 210 226
-20.802 28.587 0.811 32 43 49
-20.816 28.517 0.801 193 193 185
-20.828 28.441 0.789 125 116 109
-20.820 28.456 0.790 120 110 111
-20.689 28.591 0.782 201 201 209
-20.733 28.633 0.802 149 135 109
-20.840 28.477 0.799 122 138 125
-20.795 28.704 0.812 105 121 147
-20.756 28.729 0.801 190 198 219
-20.776 28.732 0.801 198 204 220
-20.790 28.721 0.805 200 210 220
-20.775 28.699 0.814 195 207 221
-20.738 28.760 0.788 203 206 223
-20.809 28.714 0.809 83 99 122
-20.760 28.716 0.806 200 206 218
-20.729 28.769 0.784 138 136 147
-20.711 28.807 0.768 121 113 110
-20.793 28.726 0.803 196 204 215
-20.784 28.733 0.800 198 204 218
-20.733 28.777 0.781 103 101 106
-20.813 28.708 0.811 44 63 95
-20.775 28.729 0.801 199 205 221
-20.779 28.731 0.801 199 205 221
-20.764 28.710 0.809 201 207 219
-20.715 28.795 0.773 151 143 141
-20.763 28.708 0.810 201 207 219
-20.781 28.708 0.810 202 214 228
-20.785 28.686 0.819 36 51 72
-20.743 28.746 0.794 188 198 225
-20.737 28.785 0.778 157 155 158
-20.753 28.756 0.790 193 200 219
-20.797 28.715 0.808 191 204 223
-20.804 28.701 0.814 44 59 88
-20.762 28.754 0.791 174 182 201
-20.742 28.758 0.789 200 205 224
-20.732 28.766 0.785 202 202 214
-20.714 28.806 0.769 122 115 109
-20.731 28.790 0.775 164 158 158
-20.750 28.755 0.790 191 198 217
-20.761 28.720 0.805 198 204 218
-20.727 28.779 0.780 103 100 107
-20.784 28.714 0.808 198 208 220
-20.781 28.687 0.819 45 57 79
-20.780 28.688 0.818 32 47 70
-20.755 28.753 0.791 177 188 208
-20.736 28.770 0.784 134 132 143
-20.730 28.773 0.783 77 76 84
-20.730 28.779 0.780 105 103 108
-20.723 28.781 0.779 123 121 126
-20.815 28.776 0.766 132 129 136
-20.854 28.773 0.776 116 119 134
-20.855 28.787 0.766 144 142 153
-20.849 28.778 0.771 138 134 148
-20.840 28.755 0.785 190 198 211
-20.816 28.759 0.777 201 204 219
-20.821 28.760 0.778 202 205 220
-20.896 28.805 0.762 208 212 224
-20.879 28.780 0.775 129 131 146
-20.775 28.783 0.753 159 154 160
-20.850 28.790 0.763 151 148 157
-20.792 28.764 0.769 175 174 188
-20.849 28.800 0.757 167 165 168
-20.838 28.788 0.763 160 159 164
-20.809 28.739 0.790 200 210 220
-20.796 28.757 0.775 204 206 221
-20.820 28.746 0.787 193 202 217
-20.816 28.717 0.806 122 139 165
-20.807 28.745 0.785 190 201 219
-20.787 28.777 0.759 152 147 153
-20.829 28.733 0.798 197 206 215
-20.804 28.725 0.798 200 206 218
-20.890 28.793 0.769 131 134 143
-20.764 28.781 0.753 153 152 160
-20.794 28.746 0.782 174 181 197
-20.821 28.727 0.801 199 208 223
-20.804 28.757 0.777 200 206 222
-20.850 28.798 0.758 134 132 137
-20.752 28.781 0.750 156 156 166
-20.879 28.790 0.769 138 140 152
-20.830 28.787 0.761 151 149 152
-20.799 28.779 0.761 147 145 150
-20.846 28.776 0.772 126 125 139
-20.802 28.754 0.778 197 204 222
-20.789 28.767 0.767 93 93 105
-20.852 28.772 0.776 114 118 130
-20.822 28.766 0.774 124 124 136
-20.776 28.756 0.772 199 205 221
-20.794 28.788 0.754 163 154 157
-20.815 28.730 0.797 199 208 217
-20.853 28.778 0.772 128 126 140
-20.809 28.716 0.805 188 203 222
-20.838 28.749 0.788 198 206 217
-20.835 28.792 0.759 133 131 134
-20.792 28.756 0.775 200 206 220
-20.833 28.796 0.756 120 118 121
-20.837 28.775 0.771 119 116 125
-20.866 28.767 0.782 156 163 181
-20.811 28.769 0.770 79 77 88
-20.845 28.759 0.783 193 199 211
-20.820 28.786 0.760 147 145 146
-20.827 28.760 0.779 200 203 218
-20.797 28.780 0.760 136 134 139
-20.808 28.786 0.758 142 141 139
-20.833 28.790 0.760 149 148 153
-20.843 28.787 0.764 152 151 156
-20.879 28.802 0.761 173 175 187
-20.841 28.789 0.762 157 156 161
-20.827 28.769 0.773 88 88 100
-20.827 28.755 0.782 196 204 217
-20.871 28.801 0.760 178 178 188
-20.795 28.734 0.790 200 208 221
-20.839 28.783 0.766 153 146 153
-20.879 28.777 0.777 137 140 155
-20.756 28.782 0.750 157 155 166
-20.840 28.787 0.763 160 159 164
-20.814 28.780 0.763 126 121 127
-20.796 28.772 0.765 115 112 121
-20.792 28.770 0.765 77 76 84
-20.837 28.734 0.799 197 205 216
-20.831 28.770 0.773 88 88 100
-20.812 28.783 0.760 146 144 149
-20.874 28.781 0.774 126 128 143
-20.779 28.762 0.768 203 205 218
-20.825 28.758 0.780 198 204 218
-20.788 28.745 0.782 196 205 220
-20.816 28.770 0.770 80 78 89
-20.858 28.770 0.778 130 136 150
-20.808 28.770 0.768 81 79 90
-20.799 28.748 0.781 168 179 199
-20.837 28.755 0.784 195 203 216
-20.824 28.728 0.800 196 208 224
-20.831 28.783 0.764 152 145 152
-20.895 28.804 0.763 207 209 222
-20.762 28.777 0.755 159 157 168
-20.861 28.768 0.780 131 138 154
-20.851 28.764 0.781 188 196 209
-20.886 28.791 0.770 135 138 147
-20.827 28.747 0.788 195 205 217
-20.651 28.806 0.774 147 140 132
-20.654 28.788 0.782 164 166 181
-20.662 28.785 0.783 151 153 166
-20.714 28.719 0.809 199 206 224
-20.659 28.768 0.791 213 216 233
-20.681 28.756 0.795 199 207 228
-20.676 28.763 0.792 211 214 231
-20.615 28.808 0.776 162 138 112
-20.682 28.751 0.797 199 210 230
-20.716 28.722 0.807 198 206 225
-20.689 28.793 0.777 160 153 161
-20.691 28.750 0.797 191 202 224
-20.706 28.785 0.779 156 153 160
-20.712 28.739 0.800 191 203 225
-20.701 28.804 0.770 113 104 105
-20.727 28.740 0.798 185 200 223
-20.695 28.738 0.802 192 204 228
-20.679 28.741 0.802 195 206 226
-20.739 28.735 0.799 181 196 219
-20.716 28.787 0.777 155 152 159
-20.674 28.742 0.802 182 193 213
-20.623 28.797 0.781 178 165 157
-20.750 28.709 0.810 196 202 218
-20.669 28.789 0.780 158 157 171
-20.698 28.751 0.795 198 209 229
-20.693 28.766 0.789 206 208 223
-20.620 28.775 0.791 133 141 164
-20.671 28.764 0.792 207 210 227
-20.603 28.793 0.785 153 141 145
-20.573 28.804 0.782 123 101 80
-20.712 28.800 0.771 136 128 126
-20.759 28.693 0.817 179 200 221
-20.634 28.801 0.778 172 164 162
-20.702 28.789 0.777 155 152 159
-20.690 28.770 0.787 123 121 134
-20.657 28.794 0.779 153 145 158
-20.680 28.762 0.792 210 213 230
-20.733 28.750 0.792 172 179 205
-20.708 28.803 0.770 103 94 95
-20.661 28.761 0.794 206 211 230
-20.588 28.806 0.780 143 113 87
-20.652 28.761 0.795 207 212 231
-20.725 28.712 0.811 201 206 225
-20.705 28.765 0.788 202 204 217
-20.758 28.707 0.810 203 209 223
-20.692 28.769 0.787 200 199 213
-20.730 28.711 0.811 199 205 221
-20.751 28.698 0.815 206 211 230
-20.655 28.772 0.789 155 157 172
-20.667 28.749 0.799 195 206 228
-20.745 28.719 0.806 201 204 223
-20.718 28.779 0.780 92 89 96
-20.683 28.797 0.775 155 150 157
-20.661 28.786 0.782 151 153 166
-20.613 28.782 0.789 132 131 147
-20.653 28.777 0.787 80 82 97
-20.727 28.758 0.790 202 207 226
-20.732 28.735 0.800 184 196 220
-20.700 28.773 0.785 69 68 76
-20.687 28.801 0.773 142 135 142
-20.701 28.808 0.768 159 151 148
-20.730 28.723 0.805 182 189 208
-20.667 28.802 0.774 136 131 137
-20.736 28.713 0.810 199 205 221
-20.703 28.782 0.780 138 135 142
-20.669 28.758 0.795 200 207 226
-20.670 28.779 0.785 142 141 155
-20.631 28.784 0.786 140 137 156
-20.719 28.748 0.795 185 195 220
-20.667 28.778 0.786 80 79 93
-20.706 28.752 0.794 194 202 225
-20.716 28.772 0.784 136 134 145
-20.665 28.747 0.800 201 212 234
-20.647 28.784 0.784 157 160 179
-20.711 28.789 0.776 153 150 157
-20.616 28.801 0.779 168 150 130
-20.711 28.762 0.789 205 208 223
-20.665 28.791 0.780 158 157 171
-20.744 28.741 0.796 183 199 224
-20.674 28.794 0.778 165 159 171
-20.669 28.778 0.785 80 79 93
-20.612 28.797 0.782 158 141 125
-20.723 28.739 0.799 186 201 224
-20.716 28.767 0.786 190 190 202
-20.711 28.761 0.790 199 204 223
-20.728 28.761 0.788 205 208 225
-20.638 28.805 0.776 129 119 109
-20.730 28.712 0.811 199 204 223
-20.613 28.784 0.788 149 147 160
-20.654 28.797 0.778 162 154 167
-20.708 28.756 0.792 192 199 218
-20.662 28.808 0.772 147 142 139
-20.690 28.796 0.775 156 149 157
-20.668 28.785 0.782 159 158 172
-20.687 28.763 0.791 206 209 226
-20.702 28.749 0.796 191 202 224
-20.659 28.799 0.777 157 150 158
-20.725 28.745 0.796 191 201 228
-20.704 28.802 0.771 107 98 99
-20.698 28.758 0.792 192 199 218
-20.666 28.776 0.787 73 75 88
-20.722 28.761 0.788 206 209 226
-20.708 28.765 0.788 202 204 217
-20.662 28.796 0.778 166 160 172
-20.699 28.807 0.769 134 124 125
-20.722 28.773 0.783 74 73 81
-20.641 28.799 0.778 174 168 170
-20.621 28.738 0.787 224 234 255
-20.681 28.668 0.793 196 200 209
-20.666 28.695 0.793 137 146 155
-20.721 28.652 0.802 195 201 215
-20.609 28.743 0.784 202 193 198
-20.728 28.655 0.804 201 205 217
-20.608 28.772 0.788 208 209 227
-20.640 28.619 0.774 174 165 160
-20.699 28.656 0.796 193 203 215
-20.600 28.735 0.780 208 182 159
-20.700 28.647 0.795 192 202 214
-20.750 28.683 0.815 196 200 212
-20.739 28.685 0.812 198 206 219
-20.660 28.643 0.783 184 193 208
-20.743 28.655 0.809 199 203 212
-20.725 28.652 0.803 196 202 214
-20.654 28.614 0.777 206 209 214
-20.623 28.769 0.792 217 228 250
-20.645 28.598 0.772 173 169 170
-20.721 28.710 0.811 200 205 224
-20.653 28.666 0.785 201 210 215
-20.687 28.652 0.792 193 199 213
-20.692 28.692 0.800 201 206 225
-20.660 28.635 0.782 195 203 222
-20.670 28.658 0.788 194 197 206
-20.644 28.651 0.780 207 209 222
-20.670 28.706 0.796 202 210 221
-20.643 28.699 0.787 159 174 193
-20.623 28.716 0.784 229 234 253
-20.664 28.651 0.785 201 203 216
-20.618 28.669 0.775 153 128 108
-20.612 28.740 0.784 217 211 223
-20.649 28.712 0.791 207 216 225
-20.647 28.724 0.792 180 188 209
-20.734 28.677 0.809 197 204 222
-20.659 28.742 0.798 195 204 221
-20.611 28.693 0.777 166 142 130
-20.689 28.727 0.804 157 170 189
-20.640 28.707 0.787 212 226 239
-20.729 28.685 0.810 199 204 223
-20.653 28.656 0.783 203 210 218
-20.725 28.660 0.804 195 201 217
-20.634 28.727 0.789 181 195 222
-20.763 28.670 0.817 114 130 156
-20.619 28.679 0.777 169 154 151
-20.595 28.752 0.781 199 173 160
-20.648 28.747 0.796 198 211 246
-20.657 28.705 0.792 201 209 220
-20.677 28.719 0.800 205 215 227
-20.679 28.727 0.801 163 175 191
-20.710 28.680 0.803 201 204 223
-20.705 28.651 0.797 194 204 216
-20.636 28.645 0.777 219 214 221
-20.708 28.671 0.801 201 204 221
-20.672 28.689 0.794 185 192 202
-20.729 28.686 0.810 199 204 223
-20.624 28.711 0.783 229 234 253
-20.662 28.685 0.790 130 138 151
-20.631 28.739 0.790 200 217 247
-20.681 28.649 0.790 196 199 214
-20.720 28.706 0.810 200 205 224
-20.624 28.707 0.783 222 227 247
-20.636 28.621 0.773 169 160 153
-20.696 28.637 0.793 201 200 198
-20.679 28.635 0.787 189 196 206
-20.609 28.694 0.777 172 144 130
-20.590 28.745 0.779 173 141 118
-20.634 28.752 0.793 197 211 237
-20.635 28.716 0.787 174 186 200
-20.636 28.635 0.775 157 151 155
-20.578 28.790 0.782 181 151 127
-20.663 28.641 0.784 184 193 210
-20.659 28.682 0.789 129 136 152
-20.649 28.697 0.788 156 166 178
-20.576 28.788 0.782 131 103 81
-20.718 28.670 0.804 198 203 223
-20.699 28.652 0.796 191 201 213
-20.673 28.676 0.792 177 181 192
-20.611 28.724 0.782 184 175 180
-20.594 28.732 0.778 118 90 68
-20.636 28.749 0.793 193 207 234
-20.647 28.690 0.787 158 176 198
-20.652 28.730 0.794 193 201 212
-20.612 28.701 0.779 147 128 122
-20.625 28.700 0.782 191 198 226
-20.702 28.631 0.793 166 160 148
-20.659 28.630 0.781 201 207 229
-20.665 28.639 0.784 184 193 210
-20.621 28.725 0.785 229 234 255
-20.658 28.700 0.791 158 166 179
-20.729 28.695 0.811 199 205 221
-20.736 28.695 0.813 198 204 218
-20.639 28.641 0.777 209 205 219
-20.618 28.713 0.782 201 195 205
-20.662 28.687 0.791 132 140 151
-20.665 28.669 0.789 206 210 219
-20.595 28.763 0.783 195 173 162
-20.636 28.691 0.784 142 157 196
-20.668 28.623 0.782 197 203 219
-20.725 28.670 0.806 200 205 225
-20.665 28.651 0.786 201 203 216
-20.655 28.722 0.794 181 188 196
-20.612 28.724 0.782 184 175 180
-20.610 28.704 0.778 162 141 124
-20.710 28.719 0.809 200 209 226
-20.609 28.713 0.779 158 141 125
-20.712 28.702 0.807 200 205 225
-20.598 28.778 0.786 173 159 159
-20.716 28.659 0.801 196 202 218
-20.629 28.672 0.779 216 213 224
-20.655 28.687 0.789 139 148 163
-20.690 28.675 0.797 198 204 220
-20.694 28.652 0.794 193 199 213
-20.772 28.673 0.820 51 67 92
-20.633 28.655 0.777 150 140 141
-20.707 28.685 0.803 200 205 224
-20.698 28.699 0.803 202 204 225
-20.640 28.687 0.784 149 165 198
-20.621 28.754 0.789 215 226 246
-20.680 28.700 0.798 205 211 225
-20.667 28.673 0.790 180 184 193
-20.749 28.668 0.812 204 214 226
-20.677 28.734 0.802 173 184 202
-20.721 28.667 0.804 193 198 217
-20.658 28.656 0.785 200 204 215
-20.698 28.635 0.793 201 200 198
-20.641 28.704 0.787 176 189 205
-20.702 28.677 0.801 201 204 221
-20.714 28.691 0.806 200 205 225
-20.630 28.758 0.792 215 228 247
-20.646 28.667 0.783 206 213 223
-20.587 28.744 0.778 176 144 121
-20.768 28.671 0.819 81 97 123
-20.648 28.744 0.795 196 211 242
-20.686 28.679 0.796 201 204 221
-20.650 28.657 0.783 205 212 218
-20.757 28.672 0.815 167 179 201
-20.620 28.737 0.786 227 232 254
-20.583 28.779 0.782 133 103 77
-20.691 28.686 0.799 200 205 225
-20.613 28.752 0.786 222 221 235
-20.653 28.686 0.788 147 156 173
-20.614 28.776 0.791 89 91 114
-20.589 28.740 0.778 170 140 116
-20.659 28.634 0.782 198 204 226
-20.619 28.678 0.777 169 154 151
-20.691 28.648 0.793 192 198 212
-20.634 28.703 0.785 170 182 204
-20.687 28.675 0.796 199 202 217
-20.645 28.683 0.785 149 164 183
-20.732 28.706 0.813 199 205 221
-20.694 28.691 0.800 201 206 225
-20.769 28.676 0.819 59 75 100
-20.658 28.749 0.799 203 214 236
-20.738 28.690 0.813 198 204 218
-20.620 28.720 0.783 207 205 218
-20.676 28.665 0.791 194 199 205
-20.747 28.680 0.814 208 212 223
-20.729 28.665 0.806 198 204 220
-20.714 28.656 0.801 194 202 215
-20.587 28.784 0.784 158 130 108
-20.652 28.609 0.776 210 211 215
-20.693 28.675 0.798 199 205 221
-20.646 28.680 0.785 143 155 171
-20.629 28.736 0.789 206 221 250
-20.611 28.764 0.788 227 230 245
-20.740 28.678 0.811 197 204 220
-20.701 28.653 0.796 192 202 214
-20.630 28.686 0.781 168 175 204
-20.681 28.688 0.796 206 209 224
-20.643 28.749 0.795 191 204 236
-20.736 28.696 0.813 198 204 218
-20.634 28.753 0.793 197 211 237
-20.623 28.668 0.776 152 134 122
-20.682 28.678 0.795 199 202 219
-20.638 28.760 0.795 214 223 240
-20.642 28.728 0.791 176 186 211
-20.673 28.732 0.801 176 185 202
-20.591 28.740 0.778 176 145 124
-20.644 28.718 0.790 184 192 205
-20.622 28.674 0.777 149 135 132
-20.598 28.736 0.780 159 131 109
-20.657 28.727 0.795 193 200 210
-20.685 28.623 0.787 195 200 206
-20.632 28.681 0.781 144 153 182
-20.702 28.690 0.803 201 206 226
-20.686 28.683 0.797 202 205 224
-20.681 28.660 0.792 196 200 209
-20.620 28.676 0.777 163 146 139
-20.623 28.770 0.792 196 207 229
-20.646 28.488 0.802 210 223 242
-20.600 28.492 0.792 197 202 208
-20.620 28.423 0.816 134 132 135
-20.572 28.419 0.808 162 162 172
-20.635 28.520 0.790 212 220 243
-20.596 28.406 0.816 156 159 166
-20.580 28.439 0.803 141 135 135
-20.569 28.429 0.804 138 129 130
-20.645 28.498 0.799 209 222 241
-20.626 28.537 0.784 217 229 243
-20.628 28.433 0.815 136 136 138
-20.609 28.482 0.796 222 230 243
-20.638 28.515 0.792 207 220 239
-20.588 28.471 0.795 163 166 171
-20.644 28.561 0.780 210 222 238
-20.647 28.498 0.799 208 221 240
-20.631 28.496 0.796 209 224 243
-20.594 28.432 0.808 150 142 140
-20.648 28.531 0.790 205 216 238
-20.604 28.439 0.808 209 208 213
-20.608 28.508 0.788 217 226 231
-20.595 28.473 0.796 159 160 162
-20.644 28.489 0.801 210 223 242
-20.611 28.503 0.791 221 231 241
-20.650 28.530 0.790 204 216 238
-20.652 28.493 0.802 210 221 239
-20.582 28.431 0.806 137 129 127
-20.645 28.587 0.772 210 208 211
-20.616 28.453 0.806 222 238 255
-20.639 28.406 0.825 185 190 196
-20.559 28.408 0.808 141 143 155
-20.642 28.436 0.816 127 128 132
-20.639 28.562 0.779 219 225 237
-20.655 28.414 0.825 194 202 215
-20.568 28.408 0.810 147 149 162
-20.640 28.536 0.787 211 219 242
-20.650 28.471 0.808 209 220 250
-20.603 28.487 0.794 220 224 235
-20.576 28.418 0.809 147 145 156
-20.627 28.458 0.807 215 227 249
-20.613 28.412 0.818 132 132 140
-20.648 28.576 0.776 209 216 226
-20.644 28.449 0.813 182 192 204
-20.643 28.502 0.797 209 221 237
-20.650 28.550 0.784 210 219 236
-20.646 28.589 0.772 210 208 211
-20.645 28.515 0.794 201 218 238
-20.648 28.460 0.810 213 225 249
-20.590 28.452 0.802 123 128 147
-20.658 28.426 0.822 148 147 145
-20.611 28.468 0.801 225 239 252
-20.643 28.487 0.802 209 224 243
-20.581 28.419 0.810 145 143 154
-20.623 28.413 0.819 128 131 138
-20.636 28.496 0.797 209 222 239
-20.570 28.425 0.806 160 155 161
-20.647 28.559 0.781 212 221 238
-20.568 28.408 0.810 147 149 162
-20.625 28.457 0.807 214 232 255
-20.596 28.434 0.808 142 138 139
-20.614 28.457 0.805 219 237 255
-20.590 28.411 0.814 151 150 166
-20.612 28.480 0.797 222 234 248
-20.560 28.402 0.811 141 147 147
-20.651 28.464 0.810 210 222 248
-20.640 28.515 0.793 204 219 238
-20.624 28.486 0.798 211 228 246
-20.644 28.552 0.783 205 218 237
-20.642 28.511 0.794 202 219 235
-20.579 28.407 0.813 149 154 160
-20.634 28.435 0.815 137 138 142
-20.649 28.419 0.823 137 141 152
-20.645 28.540 0.786 209 217 236
-20.643 28.457 0.810 218 223 252
-20.595 28.463 0.799 148 152 163
-20.616 28.471 0.801 217 230 246
-20.605 28.498 0.791 217 226 235
-20.621 28.470 0.802 214 230 246
-20.640 28.407 0.824 185 190 196
-20.621 28.403 0.822 178 183 186
-20.644 28.545 0.785 211 219 242
-20.631 28.429 0.816 131 131 133
-20.624 28.461 0.806 214 229 248
-20.643 28.576 0.775 212 217 221
-20.652 28.432 0.819 155 151 148
-20.594 28.479 0.795 148 149 144
-20.591 28.478 0.794 146 148 145
-20.631 28.492 0.798 210 225 244
-20.601 28.403 0.818 170 174 175
-20.623 28.511 0.791 214 225 247
-20.573 28.412 0.810 146 148 161
-20.646 28.514 0.794 201 218 238
-20.626 28.435 0.814 117 117 119
-20.622 28.409 0.820 139 141 153
-20.617 28.499 0.793 213 229 244
-20.636 28.460 0.808 219 226 254
-20.599 28.472 0.798 184 190 204
-20.589 28.450 0.802 86 89 104
-20.573 28.417 0.809 155 155 165
-20.600 28.488 0.793 203 207 216
-20.636 28.406 0.824 176 181 187
-20.647 28.508 0.796 201 219 239
-20.629 28.518 0.790 214 222 245
-20.604 28.467 0.800 207 215 228
-20.641 28.496 0.799 209 222 238
-20.609 28.501 0.791 219 229 239
-20.603 28.426 0.812 158 154 155
-20.612 28.407 0.819 131 133 145
-20.639 28.500 0.797 208 221 237
-20.628 28.441 0.812 119 123 132
-20.635 28.464 0.807 216 226 253
-20.602 28.510 0.789 202 200 205
-20.595 28.521 0.790 232 232 240
-20.592 28.490 0.793 160 159 157
-20.571 28.773 0.780 108 85 69
-20.568 28.701 0.786 187 157 131
-20.574 28.577 0.792 200 192 181
-20.580 28.755 0.779 132 97 75
-20.614 28.653 0.776 154 129 99
-20.574 28.603 0.790 167 152 131
-20.567 28.654 0.789 184 161 130
-20.563 28.637 0.791 196 182 155
-20.572 28.583 0.792 207 197 185
-20.556 28.591 0.796 168 150 130
-20.575 28.665 0.786 166 141 110
-20.613 28.542 0.784 159 157 168
-20.615 28.605 0.779 172 158 155
-20.579 28.500 0.796 190 188 189
-20.620 28.612 0.777 164 154 145
-20.574 28.461 0.800 233 241 254
-20.626 28.565 0.779 192 188 189
-20.589 28.606 0.786 172 159 143
-20.583 28.685 0.783 178 148 122
-20.566 28.638 0.790 205 191 165
-20.607 28.543 0.785 197 198 203
-20.553 28.461 0.806 230 237 255
-20.571 28.527 0.796 212 207 211
-20.625 28.589 0.778 174 166 163
-20.605 28.609 0.782 162 150 138
-20.580 28.562 0.792 191 187 176
-20.633 28.576 0.776 166 162 161
-20.596 28.494 0.792 177 175 176
-20.579 28.633 0.787 185 173 151
-20.568 28.544 0.796 146 136 135
-20.597 28.611 0.784 165 149 136
-20.553 28.440 0.807 137 126 130
-20.588 28.528 0.792 222 220 233
-20.596 28.691 0.779 175 144 123
-20.584 28.691 0.782 171 139 116
-20.571 28.595 0.792 174 157 139
-20.610 28.631 0.779 162 150 134
-20.595 28.535 0.789 185 183 197
-20.579 28.538 0.794 159 154 161
-20.593 28.525 0.790 229 227 238
-20.580 28.492 0.796 156 155 151
-20.612 28.661 0.776 159 133 106
-20.605 28.651 0.779 190 173 155
-20.586 28.737 0.778 154 122 99
-20.600 28.507 0.790 201 199 202
-20.570 28.667 0.787 167 142 111
-20.568 28.518 0.798 189 181 178
-20.570 28.540 0.796 151 142 143
-20.562 28.501 0.800 183 173 171
-20.584 28.654 0.784 181 157 129
-20.602 28.598 0.783 174 162 150
-20.561 28.491 0.801 152 145 139
-20.580 28.702 0.782 157 131 104
-20.598 28.703 0.777 147 119 97
-20.577 28.726 0.782 149 123 98
-20.585 28.521 0.793 226 225 231
-20.562 28.718 0.786 153 131 110
-20.565 28.628 0.791 165 149 124
-20.591 28.583 0.787 166 156 146
-20.568 28.480 0.800 177 178 173
-20.562 28.456 0.803 229 228 242
-20.617 28.608 0.779 168 154 151
-20.591 28.592 0.787 171 161 151
-20.612 28.628 0.779 169 157 143
-20.557 28.483 0.803 195 192 187
-20.591 28.668 0.782 137 112 82
-20.566 28.665 0.788 169 142 112
-20.567 28.719 0.785 174 152 129
-20.570 28.662 0.788 165 140 109
-20.571 28.646 0.788 162 146 121
-20.581 28.642 0.786 159 144 121
-20.583 28.577 0.790 207 199 188
-20.584 28.695 0.782 181 149 126
-20.606 28.557 0.785 204 204 204
-20.558 28.458 0.804 224 222 235
-20.623 28.571 0.779 219 215 214
-20.632 28.597 0.775 181 171 169
-20.565 28.562 0.796 194 187 171
-20.620 28.646 0.775 199 183 170
-20.589 28.561 0.789 196 193 186
-20.562 28.490 0.801 154 147 139
-20.614 28.620 0.779 164 152 140
-20.591 28.551 0.789 211 212 206
-20.612 28.620 0.779 164 152 140
-20.570 28.451 0.802 213 213 225
-20.622 28.653 0.774 151 129 108
-20.575 28.488 0.798 152 151 146
-20.579 28.582 0.791 198 188 176
-20.612 28.644 0.777 198 182 169
-20.589 28.696 0.780 181 149 128
-20.597 28.553 0.787 208 207 202
-20.581 28.510 0.795 190 188 189
-20.625 28.642 0.774 189 175 164
-20.597 28.527 0.789 231 227 242
-20.603 28.647 0.780 198 185 169
-20.551 28.431 0.808 153 144 147
-20.621 28.548 0.781 199 204 210
-20.561 28.530 0.799 196 188 185
-20.617 28.659 0.775 169 142 115
-20.591 28.508 0.792 209 210 214
-20.585 28.645 0.785 167 150 130
-20.588 28.522 0.792 229 228 236
-20.574 28.759 0.780 134 105 89
-20.606 28.525 0.787 229 231 246
-20.595 28.554 0.788 208 207 202
-20.572 28.707 0.784 125 99 74
-20.575 28.654 0.787 181 158 127
-20.595 28.570 0.787 198 194 185
-20.562 28.666 0.790 169 143 110
-20.580 28.460 0.798 234 241 255
-20.582 28.612 0.788 173 156 140
-20.634 28.615 0.773 173 164 155
-20.601 28.675 0.779 162 136 111
-20.553 28.482 0.804 199 196 191
-20.608 28.600 0.781 178 163 156
-20.598 28.707 0.777 157 129 107
-20.628 28.575 0.778 204 199 196
-20.553 28.408 0.809 149 152 157
-20.627 28.637 0.774 162 149 140
-20.590 28.673 0.781 142 115 88
-20.607 28.619 0.780 156 147 132
-20.555 28.562 0.798 199 187 171
-20.602 28.678 0.778 162 136 111
-20.588 28.570 0.789 197 193 184
-20.564 28.773 0.782 110 88 74
-20.580 28.603 0.789 167 154 135
-20.578 28.665 0.785 161 136 106
-20.586 28.689 0.782 171 139 116
-20.559 28.549 0.798 129 115 106
-20.577 28.564 0.792 192 185 175
-20.591 28.481 0.794 152 153 148
-20.582 28.598 0.789 166 152 139
-20.559 28.462 0.804 233 240 255
-20.604 28.645 0.780 199 186 170
-20.603 28.613 0.782 156 144 128
-20.612 28.609 0.780 162 149 141
-20.560 28.577 0.796 205 195 183
-20.592 28.655 0.782 138 114 86
-20.582 28.602 0.788 167 154 137
-20.583 28.486 0.796 152 151 146
-20.569 28.494 0.799 150 147 142
-20.568 28.651 0.789 183 160 129
-20.606 28.525 0.787 194 193 209
-20.581 28.750 0.779 151 117 92
-20.607 28.641 0.779 166 153 137
-20.606 28.635 0.780 149 137 121
-20.609 28.573 0.783 204 200 201
-20.612 28.570 0.782 204 202 203
-20.589 28.730 0.778 124 96 72
-20.611 28.680 0.775 176 151 131
-20.619 28.648 0.775 192 166 139
-20.564 28.554 0.796 181 172 155
-20.620 28.652 0.775 146 120 95
-20.566 28.745 0.783 147 113 88
-20.609 28.556 0.784 206 206 206
-20.577 28.684 0.784 172 142 116
-20.588 28.510 0.793 205 206 210
-20.566 28.780 0.781 137 118 101
-20.563 28.481 0.802 185 184 180
-20.594 28.578 0.787 200 191 182
-20.592 28.650 0.782 200 179 152
-20.585 28.588 0.788 157 147 135
-20.598 28.713 0.777 180 152 130
-20.598 28.659 0.780 166 142 114
-20.635 28.599 0.774 183 175 173
-20.575 28.620 0.789 148 130 108
-20.579 28.670 0.785 130 105 74
-20.603 28.687 0.777 177 149 128
-20.579 28.469 0.798 216 223 231
-20.626 28.625 0.775 167 155 141
-20.582 28.717 0.781 186 162 136
-20.619 28.621 0.777 180 168 156
-20.588 28.579 0.788 205 196 187
-20.617 28.538 0.783 193 195 208
-20.571 28.778 0.780 119 96 78
-20.631 28.578 0.777 165 160 157
-20.576 28.755 0.780 128 97 79
-20.566 28.547 0.796 137 126 120
-20.567 28.474 0.801 200 204 205
-20.593 28.597 0.786 167 157 147
-20.565 28.734 0.784 155 125 101
-20.570 28.575 0.793 204 196 185
-20.615 28.573 0.781 203 201 202
-20.581 28.481 0.796 151 152 147
-20.572 28.532 0.796 222 217 223
-20.580 28.624 0.787 149 132 112
-20.574 28.662 0.787 167 142 112
-20.568 28.450 0.802 213 213 225
-20.567 28.503 0.799 187 178 179
-20.562 28.675 0.789 148 119 87
-20.566 28.540 0.797 150 140 141
-20.567 28.688 0.787 148 117 89
-20.583 28.514 0.794 224 224 226
-20.561 28.668 0.790 149 123 90
-20.555 28.410 0.808 162 165 174
-20.556 28.460 0.788 112 85 64
-20.549 28.463 0.743 48 44 35
-20.550 28.442 0.764 69 56 39
-20.557 28.491 0.762 80 61 47
-20.553 28.458 0.773 106 84 63
-20.540 28.434 0.715 152 118 80
-20.567 28.561 0.761 143 107 85
-20.563 28.534 0.763 53 43 33
-20.550 28.499 0.716 144 110 64
-20.551 28.484 0.736 60 50 41
-20.563 28.574 0.726 64 61 52
-20.552 28.433 0.788 106 80 57
-20.553 28.475 0.758 78 60 48
-20.559 28.499 0.771 92 77 58
-20.555 28.474 0.771 101 76 54
-20.573 28.624 0.740 98 77 58
-20.545 28.447 0.733 80 78 79
-20.555 28.480 0.760 78 60 46
-20.565 28.591 0.723 61 44 36
-20.575 28.640 0.741 105 84 63
-20.551 28.468 0.746 54 48 36
-20.564 28.581 0.726 61 59 47
-20.551 28.443 0.774 89 72 54
-20.554 28.457 0.778 86 61 39
-20.564 28.590 0.719 79 60 46
-20.560 28.523 0.754 69 56 48
-20.556 28.537 0.718 94 74 47
-20.561 28.537 0.745 58 49 40
-20.568 28.622 0.713 113 87 50
-20.553 28.445 0.786 123 97 74
-20.547 28.464 0.731 42 35 27
-20.548 28.438 0.756 48 39 30
-20.563 28.587 0.712 135 103 64
-20.550 28.495 0.718 115 92 61
-20.565 28.587 0.724 68 59 50
-20.556 28.477 0.771 95 73 50
-20.559 28.480 0.787 153 119 92
-20.570 28.592 0.751 126 101 70
-20.554 28.448 0.787 123 97 74
-20.580 28.696 0.713 119 99 74
-20.581 28.704 0.713 122 102 75
-20.563 28.529 0.766 76 60 47
-20.579 28.686 0.720 64 55 50
-20.566 28.568 0.748 116 89 70
-20.567 28.558 0.766 136 108 84
-20.571 28.644 0.712 136 106 68
-20.550 28.493 0.722 81 68 52
-20.544 28.423 0.750 38 37 32
-20.557 28.521 0.737 55 45 43
-20.573 28.637 0.727 81 69 57
-20.546 28.415 0.770 47 43 32
-20.544 28.437 0.733 83 81 82
-20.575 28.669 0.710 141 115 78
-20.549 28.469 0.733 37 31 31
-20.554 28.465 0.771 143 118 96
-20.560 28.492 0.782 128 101 72
-20.554 28.464 0.769 100 75 55
-20.545 28.420 0.756 37 33 24
-20.555 28.447 0.795 162 139 123
-20.551 28.482 0.737 57 47 38
-20.563 28.582 0.719 71 57 44
-20.584 28.730 0.708 144 115 73
-20.570 28.589 0.753 126 101 70
-20.566 28.549 0.766 76 59 43
-20.580 28.691 0.724 48 42 44
-20.552 28.489 0.735 49 39 37
-20.559 28.546 0.723 51 47 46
-20.555 28.524 0.722 63 49 38
-20.544 28.451 0.719 131 106 75
-20.578 28.681 0.721 57 50 44
-20.574 28.662 0.712 140 115 75
-20.545 28.456 0.721 115 94 67
-20.552 28.440 0.783 102 77 55
-20.567 28.559 0.766 136 108 84
-20.559 28.488 0.781 117 91 64
-20.569 28.593 0.743 109 80 64
-20.560 28.564 0.717 117 94 76
-20.562 28.571 0.721 73 60 51
-20.579 28.667 0.736 48 43 37
-20.553 28.472 0.761 76 57 43
-20.546 28.416 0.768 47 43 32
-20.572 28.651 0.710 145 108 56
-20.559 28.559 0.715 131 107 63
-20.588 28.757 0.711 130 104 71
-20.545 28.460 0.717 128 102 67
-20.548 28.437 0.762 50 41 34
-20.563 28.520 0.777 110 90 63
-20.572 28.624 0.735 102 85 67
-20.551 28.467 0.750 69 58 40
-20.544 28.434 0.735 77 73 74
-20.554 28.463 0.771 100 75 55
-20.556 28.450 0.795 153 130 114
-20.557 28.514 0.742 58 51 41
-20.549 28.473 0.734 44 35 30
-20.562 28.568 0.722 53 46 40
-20.555 28.489 0.753 62 54 41
-20.577 28.670 0.722 50 45 42
-20.568 28.566 0.762 133 111 72
-20.575 28.638 0.738 95 74 53
-20.571 28.589 0.759 124 94 66
-20.564 28.581 0.725 61 59 47
-20.549 28.402 0.798 105 91 82
-20.549 28.437 0.763 50 41 34
-20.557 28.492 0.766 86 69 53
-20.549 28.481 0.725 38 34 31
-20.550 28.444 0.769 76 60 44
-20.542 28.449 0.713 166 138 88
-20.555 28.494 0.752 64 56 43
-20.560 28.565 0.712 148 112 62
-20.555 28.501 0.744 58 54 42
-20.558 28.538 0.726 56 51 47
-20.547 28.442 0.750 62 55 47
-20.565 28.562 0.748 108 90 70
-20.555 28.529 0.719 93 73 46
-20.578 28.684 0.714 112 92 68
-20.583 28.725 0.710 140 116 88
-20.552 28.480 0.742 60 50 38
-20.564 28.590 0.717 114 88 63
-20.576 28.671 0.715 96 79 53
-20.545 28.447 0.731 90 85 82
-20.547 28.427 0.764 64 50 37
-20.586 28.736 0.719 78 69 64
-20.553 28.476 0.754 74 62 50
-20.565 28.567 0.743 107 85 72
-20.550 28.448 0.761 70 53 43
-20.567 28.555 0.767 124 99 77
-20.566 28.559 0.759 130 95 75
-20.555 28.527 0.721 63 49 36
-20.563 28.531 0.765 62 48 35
-20.566 28.595 0.723 61 42 35
-20.556 28.538 0.717 130 102 63
-20.562 28.560 0.733 61 60 58
-20.555 28.461 0.779 77 53 29
-20.559 28.539 0.734 44 44 46
-20.574 28.628 0.743 113 88 66
-20.564 28.581 0.723 52 45 35
-20.552 28.415 0.803 161 153 151
-20.556 28.490 0.757 73 57 42
-20.553 28.492 0.742 60 52 41
-20.573 28.621 0.742 99 77 56
-20.555 28.456 0.782 89 65 41
-20.570 28.599 0.744 117 90 73
-20.566 28.608 0.713 113 91 67
-20.562 28.559 0.734 61 60 58
-20.553 28.423 0.803 157 149 147
-20.550 28.414 0.794 140 118 104
-20.558 28.483 0.780 108 81 54
-20.548 28.421 0.773 53 45 32
-20.545 28.456 0.724 102 87 68
-20.562 28.524 0.766 88 69 55
-20.553 28.472 0.755 72 60 48
-20.590 28.775 0.708 158 119 78
-20.548 28.414 0.780 74 58 42
-20.552 28.482 0.745 67 59 46
-20.551 28.481 0.736 47 38 33
-20.562 28.563 0.730 64 64 62
-20.549 28.467 0.737 42 39 34
-20.556 28.484 0.768 85 64 45
-20.560 28.551 0.726 48 44 41
-20.571 28.633 0.721 65 49 33
-20.552 28.465 0.758 67 51 35
-20.547 28.473 0.716 128 101 58
-20.562 28.522 0.765 88 69 55
-20.569 28.624 0.717 83 63 38
-20.547 28.423 0.764 50 47 42
-20.558 28.529 0.738 52 47 41
-20.562 28.557 0.733 50 48 49
-20.549 28.413 0.791 112 90 69
-20.544 28.440 0.731 93 88 85
-20.558 28.514 0.749 63 54 45
-20.585 28.735 0.723 62 58 57
-20.573 28.698 0.752 69 58 56
-20.558 28.549 0.790 152 127 105
-20.577 28.798 0.743 95 83 83
-20.583 28.799 0.727 124 106 102
-20.566 28.802 0.767 102 94 91
-20.569 28.791 0.760 74 66 64
-20.569 28.672 0.762 63 59 50
-20.565 28.715 0.770 75 66 67
-20.578 28.781 0.739 72 71 69
-20.574 28.678 0.749 67 57 56
-20.578 28.797 0.740 96 84 84
-20.555 28.522 0.798 146 132 123
-20.569 28.758 0.761 78 69 62
-20.577 28.804 0.741 135 120 123
-20.574 28.626 0.750 113 90 72
-20.565 28.693 0.770 90 72 62
-20.577 28.707 0.742 63 59 48
-20.564 28.661 0.775 69 57 45
-20.557 28.501 0.792 164 134 108
-20.570 28.798 0.757 96 89 83
-20.566 28.762 0.769 89 76 67
-20.559 28.500 0.787 151 122 92
-20.591 28.789 0.707 151 122 92
-20.569 28.618 0.762 107 83 49
-20.578 28.751 0.740 62 52 51
-20.566 28.780 0.769 78 66 66
-20.560 28.728 0.783 109 86 68
-20.577 28.671 0.743 55 55 45
-20.584 28.725 0.727 63 58 55
-20.558 28.569 0.788 211 193 169
-20.568 28.668 0.765 58 52 40
-20.560 28.792 0.782 114 99 80
-20.577 28.700 0.743 68 64 55
-20.574 28.697 0.749 67 53 52
-20.575 28.796 0.747 84 73 69
-20.588 28.780 0.715 120 98 75
-20.591 28.802 0.708 241 244 237
-20.590 28.782 0.710 149 115 80
-20.570 28.666 0.760 55 47 36
-20.556 28.488 0.795 195 168 149
-20.572 28.614 0.754 110 80 52
-20.562 28.570 0.780 156 135 104
-20.570 28.747 0.758 73 64 57
-20.585 28.786 0.722 103 90 74
-20.570 28.781 0.759 51 43 41
-20.560 28.517 0.785 143 118 88
-20.582 28.798 0.731 120 102 98
-20.578 28.724 0.740 66 62 53
-20.569 28.780 0.762 58 49 50
-20.561 28.744 0.782 124 98 81
-20.561 28.523 0.783 136 113 82
-20.581 28.768 0.731 69 60 55
-20.581 28.718 0.733 69 62 54
-20.584 28.769 0.724 71 66 62
-20.559 28.697 0.786 149 122 95
-20.581 28.774 0.732 69 60 55
-20.585 28.729 0.724 63 57 57
-20.561 28.722 0.782 108 90 76
-20.562 28.654 0.778 119 98 77
-20.588 28.773 0.717 107 86 67
-20.567 28.585 0.769 125 99 62
-20.580 28.739 0.736 55 51 50
-20.578 28.700 0.739 68 64 55
-20.580 28.785 0.734 74 64 54
-20.562 28.673 0.778 73 59 50
-20.577 28.666 0.744 69 69 57
-20.560 28.691 0.784 158 133 113
-20.580 28.698 0.735 69 62 56
-20.586 28.775 0.720 97 83 70
-20.575 28.787 0.748 73 64 55
-20.557 28.617 0.792 153 132 101
-20.565 28.723 0.770 81 71 72
-20.560 28.590 0.785 171 144 99
-20.561 28.647 0.781 125 100 70
-20.562 28.528 0.781 106 82 54
-20.558 28.488 0.790 149 118 90
-20.573 28.743 0.753 71 64 58
-20.567 28.561 0.768 147 120 93
-20.585 28.766 0.723 64 63 61
-20.566 28.618 0.770 124 100 62
-20.572 28.745 0.755 71 64 58
-20.556 28.596 0.793 172 152 127
-20.556 28.486 0.795 181 154 135
-20.569 28.699 0.763 81 68 60
-20.556 28.559 0.794 176 158 134
-20.552 28.435 0.806 146 136 134
-20.560 28.550 0.785 191 164 135
-20.579 28.699 0.739 68 64 55
-20.558 28.614 0.790 149 123 90
-20.562 28.586 0.779 166 140 91
-20.570 28.787 0.759 63 55 53
-20.561 28.637 0.781 174 146 107
-20.553 28.475 0.802 209 200 193
-20.579 28.673 0.737 53 48 42
-20.566 28.598 0.770 136 107 63
-20.567 28.754 0.765 78 69 62
-20.583 28.784 0.727 89 73 58
-20.558 28.674 0.788 131 109 88
-20.554 28.452 0.799 220 209 205
-20.566 28.564 0.770 129 102 73
-20.569 28.715 0.762 71 60 58
-20.566 28.733 0.770 90 79 77
-20.556 28.466 0.796 184 171 162
-20.566 28.634 0.770 157 132 92
-20.573 28.702 0.753 72 62 60
-20.556 28.548 0.795 149 131 111
-20.570 28.667 0.761 54 48 36
-20.557 28.576 0.791 197 181 158
-20.582 28.787 0.731 88 74 61
-20.557 28.562 0.792 172 156 130
-20.567 28.671 0.767 60 53 45
-20.564 28.757 0.774 90 80 71
-20.561 28.793 0.780 117 101 86
-20.586 28.752 0.720 52 51 49
-20.569 28.799 0.760 95 88 82
-20.560 28.673 0.784 100 79 62
-20.564 28.579 0.774 142 119 78
-20.560 28.638 0.785 162 138 104
-20.573 28.689 0.751 68 54 53
-20.560 28.575 0.784 179 159 126
-20.558 28.590 0.790 186 163 132
-20.577 28.752 0.743 62 52 51
-20.564 28.789 0.773 91 77 74
-20.561 28.650 0.782 138 112 85
-20.588 28.771 0.715 96 79 63
-20.587 28.795 0.718 108 97 93
-20.558 28.501 0.791 164 134 108
-20.561 28.623 0.781 187 158 118
-20.578 28.679 0.740 61 56 50
-20.556 28.593 0.793 177 159 135
-20.559 28.690 0.785 158 133 113
-20.562 28.565 0.779 149 127 90
-20.573 28.684 0.753 65 53 53
-20.572 28.743 0.755 72 63 58
-20.571 28.769 0.755 68 61 53
-20.569 28.682 0.761 67 59 56
-20.584 28.757 0.724 48 54 52
-20.573 28.695 0.753 69 55 54
-20.570 28.808 0.759 147 135 135
-20.577 28.709 0.742 59 55 44
-20.559 28.527 0.788 141 117 89
-20.560 28.505 0.785 112 85 55
-20.574 28.773 0.748 50 43 33
-20.556 28.498 0.795 169 141 120
-20.559 28.595 0.786 169 141 101
-20.562 28.519 0.780 133 110 79
-20.564 28.759 0.774 89 79 70
-20.572 28.735 0.755 67 59 56
-20.569 28.747 0.761 76 67 60
-20.578 28.805 0.740 145 136 141
-20.561 28.729 0.781 100 81 67
-20.577 28.749 0.743 67 57 56
-20.572 28.672 0.754 55 46 41
-20.561 28.711 0.782 114 95 80
-20.575 28.675 0.748 65 55 53
-20.562 28.637 0.780 174 146 107
-20.568 28.663 0.765 60 52 41
-20.586 28.764 0.720 72 69 64
-20.565 28.809 0.770 138 127 121
-20.565 28.775 0.771 91 77 74
-20.582 28.798 0.730 125 106 100
-20.573 28.773 0.752 56 49 41
-20.558 28.610 0.788 154 128 95
-20.570 28.790 0.758 74 66 64
-20.561 28.529 0.782 102 76 49
-20.559 28.511 0.786 107 77 49
-20.564 28.730 0.773 88 74 73
-20.580 28.680 0.735 57 49 46
-20.562 28.704 0.779 100 78 64
-20.567 28.582 0.768 127 103 65
-20.559 28.610 0.788 150 120 82
-20.579 28.674 0.738 53 48 42
-20.580 28.753 0.735 43 41 44
-20.576 28.650 0.746 96 80 67
-20.565 28.647 0.773 92 72 47
-20.568 28.755 0.763 78 69 62
-20.563 28.638 0.777 198 169 129
-20.560 28.749 0.783 114 91 73
-20.586 28.804 0.721 183 179 193
-20.564 28.747 0.774 98 85 77
-20.758 28.767 0.776 202 196 210
-20.749 28.776 0.775 94 94 96
-20.734 28.791 0.768 156 152 149
-20.750 28.776 0.762 134 131 150
-20.785 28.740 0.791 181 193 205
-20.801 28.723 0.804 191 207 222
-20.740 28.786 0.751 147 146 154
-20.742 28.783 0.773 153 151 152
-20.783 28.741 0.793 192 205 221
-20.720 28.805 0.765 114 104 105
-20.742 28.782 0.774 141 141 143
-20.762 28.763 0.777 206 202 216
-20.758 28.767 0.778 202 196 210
-20.740 28.786 0.752 153 149 163
-20.742 28.783 0.766 156 154 165
-20.729 28.795 0.763 128 122 122
-20.741 28.784 0.769 157 155 158
-20.763 28.762 0.769 200 202 215
-20.795 28.729 0.797 204 206 219
-20.794 28.730 0.799 195 207 219
-20.747 28.778 0.768 99 97 108
-20.715 28.809 0.761 177 170 164
-20.773 28.751 0.793 184 192 215
-20.782 28.743 0.782 187 198 226
-20.788 28.737 0.798 193 211 215
-20.101 28.611 0.733 81 87 103
