-20.551 29.967 1.237 25 25 27
-20.571 29.963 1.232 24 28 29
-20.604 29.949 1.226 32 30 33
-20.605 29.951 1.225 30 30 32
-20.592 29.958 1.228 27 28 30
-20.540 29.964 1.240 29 25 24
-20.542 29.960 1.239 22 27 31
-20.589 29.957 1.228 27 28 30
-20.577 29.998 1.227 25 26 30
-20.599 29.967 1.225 28 28 30
-20.589 29.974 1.227 26 27 29
-20.556 29.938 1.239 28 28 30
-20.580 29.980 1.228 26 27 29
-20.561 29.938 1.237 29 29 31
-20.575 29.956 1.232 27 28 30
-20.580 29.970 1.229 25 26 28
-20.547 29.998 1.234 27 23 22
-20.547 29.994 1.235 29 23 23
-20.551 30.004 1.233 24 23 28
-20.597 29.951 1.227 29 29 31
-20.545 29.984 1.236 25 23 26
-20.584 29.980 1.227 26 27 29
-20.577 29.951 1.232 27 28 30
-20.562 29.973 1.233 22 26 27
-20.604 29.965 1.224 29 29 31
-20.546 29.939 1.241 27 29 26
-20.573 30.005 1.227 24 25 29
-20.615 29.955 1.222 30 30 32
-20.593 29.963 1.227 27 28 30
-20.543 29.928 1.243 28 27 32
-20.577 29.952 1.232 27 28 30
-20.583 29.939 1.232 29 29 31
-20.608 29.950 1.225 30 30 32
-20.587 29.987 1.226 25 26 28
-20.597 29.966 1.226 27 28 30
-20.575 29.944 1.233 28 28 30
-20.547 29.991 1.235 26 24 25
-20.565 29.969 1.233 23 27 28
-20.569 29.986 1.230 21 25 26
-20.554 29.989 1.234 21 26 29
-20.601 29.961 1.225 29 29 31
-20.553 29.974 1.235 25 25 27
-20.565 29.992 1.231 21 25 26
-20.600 29.970 1.224 28 28 30
-20.581 29.966 1.230 26 27 29
-20.601 29.958 1.226 29 29 31
-20.558 29.969 1.235 21 26 32
-20.548 29.968 1.237 21 26 32
-20.547 29.965 1.238 23 26 31
-20.619 29.954 1.222 31 31 33
-20.553 30.001 1.233 18 25 35
-20.545 29.940 1.241 27 28 30
-20.638 30.186 0.716 50 54 53
-20.493 30.262 0.722 98 103 99
-20.517 30.263 0.726 26 30 29
-20.526 30.268 0.727 21 25 24
-20.533 30.281 0.725 35 36 28
-20.517 30.280 0.723 65 65 55
-20.495 30.271 0.720 99 99 89
-20.541 30.280 0.727 37 36 31
-20.545 30.276 0.729 42 42 44
-20.496 30.268 0.721 89 91 86
-20.520 30.263 0.727 24 28 27
-20.519 30.270 0.725 31 33 30
-20.576 30.114 0.723 97 90 84
-20.615 30.154 0.729 138 143 146
-20.568 30.119 0.724 92 88 85
-20.516 30.106 0.721 65 66 71
-20.517 30.113 0.722 59 60 65
-20.612 30.146 0.728 83 87 88
-20.538 30.127 0.724 51 52 54
-20.543 30.134 0.725 45 46 48
-20.577 30.112 0.723 98 93 87
-20.601 30.144 0.728 95 92 85
-20.532 30.131 0.724 51 54 59
-20.564 30.137 0.726 44 48 49
-20.595 30.162 0.730 32 31 27
-20.570 30.134 0.726 97 94 89
-20.589 30.158 0.729 53 48 42
-20.508 30.106 0.721 64 65 69
-20.545 30.108 0.722 88 89 91
-20.606 30.163 0.730 59 64 67
-20.510 30.107 0.721 64 65 69
-20.550 30.141 0.726 40 42 39
-20.544 30.118 0.723 73 75 74
-20.486 30.105 0.720 56 60 63
-20.566 30.120 0.724 89 88 84
-20.603 30.126 0.725 121 115 103
-20.542 30.107 0.721 88 89 91
-20.547 30.134 0.725 44 45 47
-20.524 30.112 0.722 62 63 67
-20.548 30.147 0.727 46 48 47
-20.519 30.129 0.724 53 56 63
-20.613 30.134 0.726 103 102 98
-20.561 30.138 0.726 34 40 40
-20.479 30.121 0.722 59 60 62
-20.601 30.156 0.729 97 94 89
-20.523 30.128 0.724 54 55 59
-20.599 30.123 0.725 122 114 103
-20.596 30.125 0.725 122 114 101
-20.573 30.136 0.726 109 104 98
-20.496 30.119 0.722 59 64 67
-20.533 30.142 0.726 46 47 52
-20.548 30.119 0.723 75 77 76
-20.612 30.143 0.728 76 81 84
-20.550 30.117 0.723 82 84 83
-20.520 30.124 0.723 55 56 60
-20.593 30.162 0.730 40 37 32
-20.562 30.145 0.727 36 40 41
-20.544 30.133 0.725 45 46 48
-20.540 30.119 0.723 67 68 70
-20.541 30.144 0.726 44 45 47
-20.553 30.114 0.723 86 88 87
-20.564 30.128 0.725 87 87 85
-20.510 30.114 0.722 61 60 65
-20.485 30.126 0.723 63 64 69
-20.552 30.110 0.722 89 91 90
-20.614 30.133 0.726 103 102 98
-20.533 30.123 0.723 56 57 61
-20.516 30.114 0.722 59 60 65
-20.594 30.125 0.725 124 114 102
-20.594 30.138 0.727 116 110 98
-20.565 30.133 0.725 75 75 75
-20.612 30.139 0.727 90 94 95
-20.570 30.133 0.725 99 96 91
-20.600 30.162 0.730 47 46 41
-20.515 30.109 0.721 62 61 66
-20.494 30.117 0.722 58 63 66
-20.496 30.122 0.722 59 64 67
-20.571 30.148 0.727 43 44 39
-20.501 30.216 0.724 49 50 55
-20.498 30.132 0.724 59 62 67
-20.506 30.212 0.724 52 53 58
-20.547 30.178 0.727 88 86 89
-20.477 30.227 0.722 50 55 61
-20.499 30.211 0.724 47 48 53
-20.528 30.165 0.726 46 45 51
-20.467 30.203 0.722 47 52 58
-20.514 30.215 0.725 63 64 69
-20.560 30.176 0.728 62 63 65
-20.468 30.162 0.722 59 60 62
-20.480 30.158 0.722 59 60 65
-20.543 30.201 0.727 59 58 63
-20.469 30.228 0.722 58 62 71
-20.492 30.172 0.723 56 57 62
-20.562 30.171 0.728 63 64 66
-20.491 30.202 0.723 45 48 57
-20.569 30.171 0.728 45 46 50
-20.529 30.192 0.726 54 55 59
-20.493 30.231 0.723 46 49 54
-20.579 30.163 0.729 44 42 43
-20.506 30.208 0.724 50 51 56
-20.481 30.209 0.722 43 47 56
-20.494 30.181 0.723 53 53 61
-20.522 30.145 0.725 48 51 56
-20.547 30.163 0.727 66 66 68
-20.497 30.173 0.724 52 55 60
-20.514 30.151 0.725 58 59 64
-20.495 30.235 0.723 45 46 51
-20.533 30.152 0.726 42 43 48
-20.470 30.159 0.722 58 59 61
-20.518 30.204 0.725 66 67 72
-20.538 30.160 0.726 51 50 55
-20.492 30.154 0.723 56 59 64
-20.560 30.176 0.728 62 63 65
-20.523 30.155 0.725 52 53 58
-20.513 30.158 0.725 55 56 60
-20.502 30.201 0.724 52 53 58
-20.497 30.152 0.724 56 59 64
-20.516 30.195 0.725 53 54 59
-20.556 30.184 0.727 69 70 74
-20.471 30.133 0.722 60 62 61
-20.475 30.156 0.722 59 60 64
-20.504 30.149 0.724 55 59 62
-20.493 30.148 0.723 57 60 65
-20.536 30.206 0.726 71 70 75
-20.545 30.183 0.727 88 87 92
-20.524 30.165 0.725 48 49 54
-20.498 30.148 0.724 56 59 64
-20.547 30.152 0.727 47 47 47
-20.523 30.200 0.725 62 63 68
-20.566 30.196 0.728 39 40 44
-20.558 30.159 0.728 74 78 79
-20.561 30.159 0.728 57 61 62
-20.473 30.153 0.722 58 59 61
-20.514 30.158 0.725 54 55 59
-20.528 30.158 0.726 50 51 56
-20.492 30.158 0.723 55 58 63
-20.498 30.134 0.724 59 62 67
-20.504 30.180 0.724 52 53 58
-20.544 30.199 0.727 63 62 67
-20.531 30.208 0.726 95 94 99
-20.575 30.183 0.729 37 37 45
-20.578 30.164 0.729 44 42 43
-20.530 30.188 0.726 51 52 56
-20.500 30.144 0.724 56 59 64
-20.513 30.219 0.725 58 59 64
-20.509 30.166 0.724 53 54 58
-20.472 30.131 0.722 60 62 61
-20.493 30.200 0.723 45 48 57
-20.497 30.218 0.723 55 56 61
-20.566 30.171 0.728 50 51 55
-20.494 30.181 0.723 53 53 61
-20.499 30.183 0.724 53 53 61
-20.561 30.199 0.728 42 43 45
-20.504 30.221 0.724 52 53 58
-20.530 30.172 0.726 51 50 56
-20.503 30.161 0.724 53 57 60
-20.489 30.198 0.723 46 49 56
-20.492 30.151 0.723 59 60 65
-20.490 30.176 0.723 55 55 63
-20.514 30.162 0.725 54 55 59
-20.476 30.167 0.722 60 61 65
-20.487 30.233 0.723 46 49 54
-20.489 30.201 0.723 45 48 57
-20.536 30.151 0.726 42 43 47
-20.534 30.187 0.726 58 57 62
-20.522 30.190 0.725 47 48 53
-20.545 30.171 0.727 80 80 82
-20.519 30.196 0.725 57 58 63
-20.543 30.179 0.727 87 85 88
-20.492 30.206 0.723 44 47 56
-20.486 30.169 0.723 58 59 64
-20.467 30.164 0.722 59 60 62
-20.514 30.229 0.725 56 55 60
-20.477 30.250 0.722 68 71 76
-20.467 30.248 0.722 58 61 70
-20.481 30.249 0.723 61 64 69
-20.472 30.248 0.722 60 63 70
-20.478 30.246 0.722 58 61 66
-20.472 30.248 0.722 61 64 71
-20.472 30.247 0.722 60 63 70
-20.577 29.893 0.968 139 139 137
-20.592 29.889 0.935 159 169 178
-20.572 29.902 1.107 36 35 41
-20.554 29.905 1.099 28 29 33
-20.590 29.896 1.056 167 168 172
-20.586 29.891 0.955 165 166 171
-20.581 29.893 0.984 120 121 123
-20.578 29.894 0.984 78 78 80
-20.580 29.892 0.958 168 168 168
-20.606 29.890 1.009 159 164 170
-20.578 29.895 1.002 97 97 95
-20.593 29.889 0.940 163 172 181
-20.570 29.897 1.018 27 27 29
-20.592 29.891 0.985 158 161 168
-20.589 29.894 1.027 169 169 167
-20.541 29.911 1.172 29 30 32
-20.602 29.890 0.997 155 162 172
-20.600 29.892 1.030 160 159 164
-20.597 29.893 1.033 154 159 163
-20.589 29.892 0.993 164 168 171
-20.561 29.901 1.058 27 31 34
-20.572 29.899 1.050 27 31 32
-20.586 29.892 0.971 168 172 171
-20.579 29.899 1.081 35 38 43
-20.563 29.902 1.075 30 33 38
-20.563 29.902 1.082 31 32 34
-20.554 29.903 1.078 27 28 30
-20.561 29.905 1.127 33 34 36
-20.562 29.901 1.067 30 33 38
-20.573 29.896 1.000 34 34 36
-20.600 29.891 1.011 160 164 165
-20.577 29.893 0.965 135 135 133
-20.570 29.896 1.007 28 28 30
-20.600 29.890 0.996 157 161 170
-20.552 29.908 1.148 29 30 32
-20.577 29.900 1.095 36 37 42
-20.579 29.893 0.967 135 135 133
-20.604 29.890 1.001 158 165 173
-20.593 29.890 0.969 152 155 162
-20.535 29.915 1.223 29 29 31
-20.569 29.901 1.089 35 36 40
-20.577 29.895 1.010 54 54 52
-20.564 29.904 1.126 33 34 36
-20.593 29.889 0.957 161 161 169
-20.577 29.892 0.950 151 153 152
-20.585 29.890 0.945 163 168 172
-20.560 29.901 1.063 28 32 35
-20.563 29.902 1.075 30 33 38
-20.592 29.889 0.938 159 169 178
-20.561 29.905 1.131 32 33 35
-20.586 29.895 1.033 138 139 141
-20.554 29.905 1.102 27 28 32
-20.575 29.898 1.044 26 27 29
-20.599 29.890 0.977 161 168 176
-20.607 29.890 1.007 158 165 171
-20.596 29.891 0.988 159 161 173
-20.592 29.889 0.937 159 169 178
-20.592 29.893 1.011 163 167 166
-20.541 29.912 1.188 28 29 31
-20.593 29.892 0.996 165 169 170
-20.545 29.911 1.176 29 30 32
-20.582 29.889 0.919 168 167 173
-20.573 29.895 0.999 34 34 36
-20.582 29.898 1.069 33 34 38
-20.576 29.900 1.093 36 37 42
-20.577 29.898 1.065 31 35 38
-20.589 29.896 1.050 166 167 171
-20.596 29.893 1.031 157 162 166
-20.568 29.900 1.071 26 30 33
-20.567 29.902 1.095 32 31 36
-20.585 29.890 0.935 159 170 176
-20.582 29.894 0.993 137 139 138
-20.547 29.909 1.160 30 31 33
-20.557 29.907 1.146 29 30 32
-20.572 29.898 1.032 30 31 33
-20.563 29.903 1.100 31 32 36
-20.544 29.910 1.167 29 30 32
-20.579 29.894 0.996 90 90 90
-20.565 29.904 1.122 32 33 35
-20.543 29.974 0.836 207 196 174
-20.544 29.964 0.847 200 185 152
-20.522 29.953 0.877 203 187 153
-20.579 29.909 0.878 196 181 148
-20.529 29.948 0.877 199 181 145
-20.572 29.903 0.890 193 180 146
-20.572 29.920 0.872 199 179 142
-20.533 29.953 0.868 195 177 141
-20.550 29.960 0.846 196 181 148
-20.535 29.967 0.851 202 189 157
-20.506 29.982 0.857 200 186 151
-20.507 29.966 0.874 199 183 150
-20.556 29.919 0.886 197 177 153
-20.568 29.905 0.891 197 181 145
-20.544 29.960 0.851 200 185 152
-20.541 29.945 0.869 197 177 140
-20.566 29.908 0.889 195 179 143
-20.576 29.906 0.884 195 182 148
-20.552 29.923 0.885 199 179 142
-20.522 29.971 0.857 201 185 151
-20.536 29.964 0.853 202 187 154
-20.552 29.924 0.883 203 181 142
-20.532 29.962 0.859 199 184 151
-20.505 29.985 0.855 203 189 154
-20.525 29.951 0.876 203 185 149
-20.525 29.979 0.846 216 197 167
-20.546 29.950 0.860 193 175 139
-20.546 29.980 0.827 43 40 23
-20.531 29.942 0.881 197 179 143
-20.549 29.963 0.843 196 184 162
-20.552 29.957 0.848 193 178 145
-20.578 29.902 0.887 193 182 154
-20.555 29.924 0.881 203 181 142
-20.555 29.968 0.833 157 150 132
-20.562 29.966 0.830 43 39 28
-20.523 29.985 0.841 210 196 170
-20.562 29.933 0.866 201 179 140
-20.573 29.953 0.835 191 179 157
-20.541 29.957 0.856 196 181 148
-20.542 29.930 0.885 197 177 140
-20.572 29.902 0.892 193 180 146
-20.553 29.950 0.855 194 176 140
-20.550 29.965 0.840 191 179 157
-20.572 29.927 0.865 200 178 141
-20.535 29.983 0.833 78 72 60
-20.572 29.916 0.876 200 182 146
-20.538 29.948 0.868 196 178 142
-20.574 29.950 0.838 199 185 156
-20.487 29.989 0.865 190 177 142
-20.524 29.982 0.843 214 197 169
-20.532 29.946 0.875 197 179 143
-20.529 29.948 0.877 199 181 145
-20.559 29.941 0.860 198 178 141
-20.514 29.980 0.853 200 186 151
-20.558 29.964 0.836 77 69 50
-20.518 29.962 0.870 197 180 150
-20.565 29.937 0.860 202 180 141
-20.531 29.958 0.863 197 181 147
-20.578 29.910 0.877 196 181 148
-20.578 29.909 0.879 195 182 148
-20.519 29.988 0.840 178 167 147
-20.520 29.959 0.871 199 182 152
-20.540 29.938 0.879 201 181 144
-20.550 29.974 0.831 121 116 97
-20.527 29.965 0.859 200 184 150
-20.525 29.991 0.832 104 100 88
-20.549 29.956 0.851 193 178 145
-20.571 29.909 0.885 196 180 146
-20.519 29.989 0.839 178 167 147
-20.561 29.950 0.848 196 180 146
-20.513 29.952 0.963 23 23 23
-20.538 29.931 0.915 198 179 146
-20.519 29.944 1.001 23 23 25
-20.488 29.984 0.873 194 180 143
-20.544 29.923 0.943 25 25 27
-20.503 29.967 0.901 196 186 150
-20.525 29.945 0.909 204 186 150
-20.524 29.924 1.196 27 28 30
-20.526 29.943 0.909 204 186 150
-20.528 29.924 1.147 28 29 31
-20.544 29.912 1.100 28 29 33
-20.512 29.954 0.946 22 22 22
-20.507 29.963 0.906 198 183 152
-20.551 29.907 1.058 27 28 30
-20.503 29.956 1.051 25 26 28
-20.550 29.912 1.013 25 26 28
-20.529 29.922 1.159 26 27 29
-20.545 29.914 1.046 25 26 28
-20.559 29.901 1.042 26 30 31
-20.504 29.959 0.994 23 23 25
-20.551 29.914 0.969 27 25 26
-20.554 29.907 1.026 27 28 30
-20.515 29.937 1.139 26 27 29
-20.534 29.914 1.199 28 29 31
-20.539 29.931 0.897 191 177 140
-20.552 29.912 0.986 25 25 27
-20.490 29.978 0.921 187 172 139
-20.491 29.974 0.958 22 22 22
-20.518 29.944 1.015 25 25 27
-20.534 29.924 1.067 26 27 29
-20.550 29.910 1.040 27 28 30
-20.500 29.968 0.934 105 102 111
-20.529 29.931 1.029 26 27 29
-20.528 29.932 1.026 25 26 28
-20.520 29.949 0.906 201 185 151
-20.505 29.955 1.034 24 24 26
-20.530 29.936 0.943 23 23 23
-20.482 29.989 0.884 201 188 154
-20.527 29.938 0.975 22 23 25
-20.524 29.932 1.092 26 27 29
-20.529 29.939 0.927 183 175 162
-20.516 29.946 1.002 23 23 25
-20.494 29.970 0.981 23 23 23
-20.549 29.921 0.894 192 177 144
-20.535 29.929 0.988 24 24 26
-20.504 29.953 1.073 25 26 28
-20.518 29.949 0.947 23 23 23
-20.524 29.937 1.030 26 27 29
-20.533 29.919 1.142 28 29 31
-20.509 29.951 1.031 25 25 27
-20.514 29.939 1.130 25 26 28
-20.542 29.914 1.082 27 28 30
-20.519 29.940 1.048 26 27 29
-20.569 29.901 0.896 194 179 146
-20.507 29.957 0.972 23 23 23
-20.499 29.972 0.887 200 185 152
-20.494 29.975 0.913 200 184 151
-20.547 29.911 1.064 28 29 31
-20.543 29.920 1.004 27 27 29
-20.508 29.962 0.895 197 181 147
-20.518 29.948 0.965 24 24 24
-20.535 29.914 1.188 28 29 31
-20.512 29.958 0.899 195 185 150
-20.539 29.917 1.093 28 29 33
-20.525 29.925 1.173 27 28 30
-20.513 29.941 1.109 25 26 28
-20.533 29.927 1.029 25 26 28
-20.575 29.895 0.903 186 174 158
-20.497 29.972 0.907 201 186 157
-20.558 29.902 1.043 25 29 32
-20.489 29.977 0.947 25 25 25
-20.508 29.954 1.012 24 24 26
-20.550 29.914 0.993 26 26 28
-20.538 29.913 1.146 28 29 31
-20.553 29.907 1.043 27 28 30
-20.539 29.916 1.108 27 28 30
-20.538 29.918 1.092 28 29 33
-20.517 29.945 1.010 24 24 26
-20.527 29.927 1.122 26 28 27
-20.543 29.927 0.896 194 180 145
-20.502 29.968 0.895 195 180 147
-20.534 29.928 1.021 24 25 27
-20.520 29.943 1.000 23 23 25
-20.539 29.923 1.012 25 26 28
-20.517 29.948 0.964 24 24 24
-20.540 29.916 1.089 28 29 33
-20.510 29.960 0.894 197 181 147
-20.540 29.917 1.079 27 28 30
-20.534 29.918 1.150 28 29 31
-20.491 29.979 0.898 197 187 151
-20.545 29.926 0.894 193 179 144
-20.520 29.931 1.153 27 28 30
-20.549 29.912 1.016 26 27 29
-20.519 29.935 1.120 26 27 29
-20.542 29.925 0.946 25 25 27
-20.518 29.951 0.909 201 182 149
-20.533 29.915 1.192 28 29 31
-20.569 29.899 0.926 143 144 149
-20.540 29.918 1.069 26 27 29
-20.511 29.958 0.921 185 170 139
-20.557 29.905 1.001 27 27 27
-20.536 29.928 0.977 23 23 23
-20.541 29.926 0.942 24 24 26
-20.530 29.936 0.967 22 24 23
-20.533 29.919 1.145 28 29 31
-20.545 29.909 1.117 30 31 33
-20.533 29.928 1.028 25 26 28
-20.514 29.943 1.071 25 26 28
-20.536 29.923 1.046 26 27 29
-20.573 29.894 0.945 71 75 74
-20.565 29.901 0.953 30 29 34
-20.518 29.933 1.155 26 27 29
-20.548 29.913 1.021 25 26 28
-20.564 29.898 0.999 32 32 34
-20.570 29.897 0.947 26 27 29
-20.514 29.944 1.064 26 27 29
-20.515 29.948 0.994 23 23 25
-20.523 29.940 1.000 24 24 26
-20.562 29.908 0.906 206 187 154
-20.525 29.946 0.883 197 181 147
-20.545 29.910 1.098 29 30 34
-20.541 29.916 1.067 26 27 29
-20.537 29.927 0.977 24 24 24
-20.521 29.939 1.039 25 26 28
-20.535 29.925 1.034 26 27 29
-20.519 29.939 1.061 27 28 30
-20.517 29.951 0.921 183 168 137
-20.535 29.927 1.007 24 25 27
-20.531 29.938 0.916 196 177 144
-20.519 29.929 1.193 26 27 29
-20.525 29.942 0.943 22 22 22
-20.550 29.913 0.989 24 24 26
-20.572 29.896 0.923 210 204 204
-20.524 29.924 1.194 27 28 30
-20.524 29.933 1.081 27 28 30
-20.521 29.942 0.985 24 24 26
-20.532 29.935 0.937 31 31 31
-20.500 29.963 0.985 23 23 23
-20.537 29.916 1.122 27 29 28
-20.500 29.962 1.014 24 24 26
-20.534 29.929 0.985 24 24 26
-20.536 29.919 1.105 28 29 31
-20.548 29.914 1.008 26 27 29
-20.541 29.916 1.075 28 29 31
-20.532 29.931 0.998 24 24 26
-20.534 29.937 0.895 190 178 140
-20.558 29.910 0.924 209 203 191
-20.521 29.927 1.198 26 27 29
-20.517 29.948 0.972 23 23 23
-20.523 29.941 0.987 25 23 26
-20.529 29.922 1.163 26 27 29
-20.503 29.961 0.981 23 23 23
-20.535 29.931 0.944 23 23 23
-20.558 29.904 1.003 27 27 27
-20.551 29.919 0.904 201 182 149
-20.544 29.912 1.088 28 29 33
-20.549 29.914 0.993 26 26 28
-20.501 29.966 0.929 174 168 172
-20.560 29.901 1.023 28 32 35
-20.557 29.907 0.987 25 29 30
-20.542 29.920 1.010 23 24 26
-20.518 29.937 1.105 26 27 29
-20.531 29.932 0.998 24 24 26
-20.535 29.919 1.125 27 29 28
-20.504 29.957 1.013 24 24 26
-20.514 29.950 0.991 23 23 25
-20.543 29.910 1.132 29 30 32
-20.518 29.949 0.946 23 23 23
-20.564 29.900 0.985 27 28 33
-20.514 29.939 1.133 25 26 28
-20.515 29.945 1.037 28 28 30
-20.566 29.900 0.947 28 29 33
-20.501 29.965 0.958 22 22 22
-20.499 29.963 1.012 24 24 26
-20.538 29.926 0.976 24 24 24
-20.554 29.911 0.972 27 25 26
-20.519 29.937 1.096 26 27 29
-20.513 29.959 0.883 203 187 154
-20.531 29.920 1.157 27 28 30
-20.538 29.922 1.042 26 27 29
-20.514 29.939 1.132 25 26 28
-20.574 29.896 0.903 186 174 158
-20.546 29.919 0.962 24 20 21
-20.547 29.912 1.039 25 26 28
-20.519 29.940 1.040 25 26 28
-20.510 29.945 1.100 25 26 28
-20.548 29.908 1.085 28 29 33
-20.517 29.946 0.985 23 23 23
-20.531 29.928 1.055 25 26 28
-20.509 29.954 1.000 22 22 24
-20.529 29.918 1.200 28 29 31
-20.544 29.927 0.891 190 177 142
-20.542 29.919 1.025 24 25 27
-20.489 29.982 0.884 198 183 150
-20.503 29.959 0.996 23 23 25
-20.522 29.944 0.959 22 24 23
-20.560 29.905 0.958 34 33 38
-20.556 29.906 1.021 21 25 26
-20.541 29.925 0.954 26 24 27
-20.551 29.914 0.978 24 24 24
-20.537 29.919 1.087 28 29 33
-20.550 29.914 0.979 24 24 24
-20.535 29.916 1.154 27 28 30
-20.521 29.941 1.002 24 24 26
-20.540 29.926 0.953 24 24 26
-20.548 29.923 0.889 197 177 140
-20.549 29.921 0.898 193 179 144
-20.516 29.939 1.100 26 27 29
-20.555 29.916 0.895 193 178 149
-20.522 29.948 0.902 197 183 148
-20.534 29.926 1.043 26 27 29
-20.507 29.959 0.954 22 22 22
-20.543 29.928 0.900 194 178 142
-20.555 29.907 1.004 25 25 23
-20.534 29.918 1.149 28 29 31
-20.539 29.927 0.953 24 24 26
-20.525 29.940 0.962 20 24 23
-20.482 29.987 0.906 199 184 153
-20.503 29.967 0.902 196 186 150
-20.516 29.954 0.900 195 184 152
-20.554 29.906 1.036 26 27 29
-20.547 29.914 1.021 25 26 28
-20.521 29.926 1.208 27 28 30
-20.557 29.902 1.048 23 27 30
-20.556 29.908 0.980 27 27 27
-20.528 29.942 0.911 201 182 149
-20.491 29.978 0.911 197 182 153
-20.558 29.912 0.897 194 178 145
-20.523 29.938 1.014 24 25 27
-20.523 29.932 1.098 26 27 29
-20.547 29.914 1.028 25 26 28
-20.540 29.929 0.914 198 179 147
-20.549 29.916 0.971 25 23 24
-20.531 29.920 1.161 27 28 30
-20.558 29.902 1.036 24 28 29
-20.545 29.920 0.970 25 23 24
-20.565 29.899 0.985 27 28 33
-20.547 29.923 0.901 196 180 146
-20.500 29.960 1.037 25 25 27
-20.507 29.955 1.012 24 24 26
-20.513 29.948 1.016 25 25 27
-20.558 29.902 1.042 25 29 32
-20.549 29.913 1.007 24 25 27
-20.539 29.921 1.034 26 27 29
-20.510 29.954 0.977 24 24 24
-20.522 29.929 1.155 27 28 30
-20.510 29.954 0.987 22 22 22
-20.508 29.963 0.891 198 182 149
-20.534 29.917 1.152 28 29 31
-20.516 29.946 1.010 24 24 26
-20.523 29.927 1.175 27 28 30
-20.554 29.904 1.066 28 29 31
-20.554 29.907 1.020 27 28 30
-20.502 29.959 1.028 24 24 26
-20.514 29.956 0.899 195 184 152
-20.548 29.916 0.982 23 23 23
-20.529 29.919 1.193 28 29 31
-20.558 29.906 0.982 28 26 27
-20.539 29.916 1.097 28 29 31
-20.531 29.919 1.166 27 28 30
-20.532 29.935 0.940 23 23 23
-20.560 29.901 1.030 31 36 39
-20.488 29.982 0.905 199 185 158
-20.560 29.901 1.016 30 31 33
-20.530 29.936 0.950 24 24 24
-20.547 29.913 1.032 25 26 28
-20.553 29.917 0.911 198 182 149
-20.527 29.925 1.154 26 27 29
-20.519 29.948 0.945 23 23 23
-20.526 29.922 1.195 27 28 30
-20.538 29.926 0.979 24 24 24
-20.560 29.905 0.975 25 25 27
-20.553 29.904 1.074 29 30 32
-20.422 30.080 1.008 20 20 20
-20.486 29.980 1.078 23 23 25
-20.517 29.932 1.206 26 27 29
-20.277 30.301 1.282 147 155 142
-20.396 30.119 1.058 20 20 20
-20.406 30.104 1.031 21 21 21
-20.429 30.069 1.186 20 20 20
-20.430 30.066 1.240 22 22 22
-20.460 30.020 1.068 21 21 23
-20.477 29.994 1.149 23 23 25
-20.423 30.077 1.207 21 21 21
-20.456 30.026 1.133 20 21 23
-20.424 30.077 0.979 23 23 23
-20.443 30.047 0.990 20 22 21
-20.513 29.939 1.155 25 26 28
-20.444 30.045 1.196 19 19 19
-20.403 30.108 1.067 21 21 21
-20.410 30.098 1.211 22 22 22
-20.507 29.948 1.111 25 26 28
-20.488 29.978 1.010 22 22 24
-20.466 30.011 1.198 21 21 23
-20.488 29.978 0.990 23 23 23
-20.465 30.012 1.244 23 23 21
-20.476 29.997 0.997 22 22 22
-20.453 30.031 1.062 21 21 23
-20.437 30.056 1.157 20 20 20
-20.404 30.107 1.029 22 22 22
-20.381 30.142 1.164 21 21 21
-20.367 30.163 1.173 19 19 19
-20.343 30.200 1.243 21 19 20
-20.470 30.005 1.122 22 23 25
-20.473 30.001 0.965 21 23 22
-20.442 30.048 1.167 20 20 20
-20.389 30.129 1.262 164 160 161
-20.442 30.048 1.153 21 21 21
-20.301 30.265 1.262 165 164 160
-20.476 29.996 1.017 22 22 22
-20.435 30.059 1.077 21 21 21
-20.377 30.148 1.169 21 21 21
-20.463 30.016 1.023 23 23 23
-20.476 29.995 1.165 22 22 24
-20.422 30.079 1.004 21 21 23
-20.330 30.219 1.209 20 20 20
-20.413 30.092 1.164 21 21 21
-20.437 30.055 1.225 22 22 22
-20.364 30.167 1.269 156 157 159
-20.463 30.016 1.157 21 20 25
-20.403 30.109 1.025 22 22 22
-20.374 30.153 1.125 21 23 22
-20.471 30.003 0.955 23 25 24
-20.303 30.262 1.250 23 22 20
-20.480 29.990 0.928 214 204 192
-20.446 30.043 0.954 18 24 24
-20.423 30.077 1.043 21 21 21
-20.467 30.010 1.010 23 23 21
-20.447 30.040 1.071 21 21 21
-20.277 30.301 1.282 147 155 142
-20.352 30.187 1.197 20 20 20
-20.469 30.006 1.232 23 23 25
-20.443 30.047 1.234 23 23 23
-20.473 30.000 1.199 22 22 24
-20.399 30.114 1.056 21 21 21
-20.461 30.019 1.147 22 22 24
-20.327 30.225 1.203 20 20 20
-20.490 29.975 0.985 23 23 23
-20.430 30.066 1.208 21 21 21
-20.372 30.156 1.135 21 23 22
-20.272 30.309 1.295 139 153 128
-20.448 30.039 1.027 21 21 21
-20.475 29.997 1.223 22 22 24
-20.384 30.137 1.121 20 22 21
-20.458 30.024 1.222 21 21 21
-20.361 30.172 1.258 67 65 66
-20.433 30.062 0.980 22 22 22
-20.330 30.221 1.194 20 20 20
-20.424 30.076 1.144 20 20 20
-20.412 30.095 1.214 20 20 20
-20.403 30.109 1.164 19 19 19
-20.448 30.038 1.148 22 22 24
-20.491 29.972 1.162 23 24 26
-20.409 30.098 1.253 23 22 20
-20.377 30.148 1.180 19 19 19
-20.380 30.143 1.174 20 20 20
-20.419 30.083 1.183 21 21 21
-20.401 30.112 1.024 22 22 22
-20.450 30.035 1.165 19 19 21
-20.375 30.151 1.156 21 23 22
-20.342 30.202 1.169 20 22 21
-20.490 29.974 1.023 23 23 25
-20.475 29.998 1.169 21 21 23
-20.304 30.260 1.244 21 21 19
-20.445 30.043 1.254 28 26 29
-20.477 29.994 0.921 204 185 152
-20.439 30.052 1.198 19 19 19
-20.495 29.966 1.015 24 24 26
-20.347 30.194 1.230 18 18 18
-20.416 30.089 1.160 22 22 22
-20.373 30.154 1.169 21 21 21
-20.395 30.121 1.214 21 21 21
-20.467 30.010 1.088 22 22 24
-20.444 30.045 1.187 18 18 18
-20.456 30.028 1.027 22 22 22
-20.479 29.991 1.226 23 23 25
-20.451 30.033 1.257 66 64 69
-20.508 29.946 1.166 26 27 29
-20.431 30.065 1.180 20 20 20
-20.346 30.196 1.209 19 19 19
-20.372 30.156 1.141 20 22 21
-20.486 29.981 1.104 21 22 24
-20.397 30.117 1.039 21 21 21
-20.399 30.114 1.031 22 22 22
-20.388 30.131 1.072 21 21 21
-20.318 30.239 1.214 20 20 20
-20.426 30.073 1.069 20 20 20
-20.355 30.182 1.239 17 17 17
-20.430 30.067 1.189 20 20 20
-20.497 29.963 1.172 24 25 27
-20.291 30.280 1.257 21 20 16
-20.443 30.046 1.125 20 20 22
-20.295 30.274 1.266 161 160 156
-20.421 30.081 1.089 21 21 21
-20.458 30.024 1.145 21 21 23
-20.445 30.043 1.263 165 163 164
-20.456 30.027 1.158 21 21 23
-20.463 30.015 1.228 23 23 25
-20.458 30.025 1.016 22 22 22
-20.505 29.951 1.229 24 25 27
-20.467 30.010 1.025 23 23 23
-20.377 30.148 1.275 165 165 163
-20.446 30.043 1.001 22 20 21
-20.451 30.034 1.244 25 24 22
-20.455 30.029 0.994 22 22 22
-20.345 30.197 1.196 19 19 19
-20.297 30.271 1.254 22 21 17
-20.385 30.136 1.079 20 20 20
-20.439 30.053 1.081 20 20 20
-20.282 30.294 1.273 160 156 157
-20.426 30.073 1.148 20 20 20
-20.348 30.192 1.281 149 157 160
-20.450 30.036 1.177 19 19 21
-20.376 30.150 1.188 19 19 19
-20.480 29.989 1.248 22 22 22
-20.404 30.106 1.226 20 20 20
-20.366 30.165 1.170 19 19 19
-20.486 29.980 1.109 22 23 25
-20.377 30.147 1.181 19 19 19
-20.380 30.144 1.073 21 21 21
-20.479 29.992 0.960 19 21 20
-20.507 29.948 1.120 25 26 28
-20.365 30.165 1.270 156 157 159
-20.363 30.169 1.270 158 159 161
-20.356 30.179 1.251 21 19 20
-20.485 29.981 1.238 23 24 26
-20.415 30.090 1.253 23 23 21
-20.432 30.063 1.237 22 22 22
-20.393 30.123 1.230 20 20 20
-20.419 30.083 1.195 20 20 20
-20.449 30.037 0.969 24 19 23
-20.489 29.975 1.011 22 22 24
-20.498 29.962 1.189 22 23 25
-20.401 30.111 1.186 20 20 20
-20.483 29.986 0.996 21 21 21
-20.391 30.126 1.231 20 20 20
-20.479 29.990 1.206 22 22 24
-20.446 30.042 1.236 23 23 23
-20.459 30.023 0.937 30 35 41
-20.294 30.276 1.262 135 134 130
-20.375 30.151 1.108 22 24 23
-20.444 30.044 1.195 19 19 19
-20.459 30.022 1.108 21 21 23
-20.319 30.236 1.256 34 34 26
-20.454 30.030 1.112 23 23 25
-20.434 30.060 1.091 20 20 20
-20.451 30.034 0.974 22 20 21
-20.422 30.080 1.008 20 20 20
-20.453 30.031 1.093 20 20 20
-20.439 30.054 1.029 21 21 21
-20.416 30.087 1.176 22 22 22
-20.433 30.062 1.248 23 22 20
-20.460 30.021 1.129 21 22 24
-20.361 30.172 1.244 23 21 22
-20.478 29.992 1.150 23 23 25
-20.361 30.172 1.260 145 140 136
-20.485 29.982 1.142 24 24 26
-20.444 30.045 1.004 21 21 21
-20.286 30.287 1.292 142 158 132
-20.435 30.059 0.961 19 23 24
-20.444 30.045 1.091 21 21 21
-20.451 30.034 1.043 20 20 20
-20.441 30.049 1.098 21 21 21
-20.488 29.978 1.003 23 23 23
-20.436 30.058 1.076 20 20 20
-20.483 29.985 1.001 22 22 22
-20.476 29.997 0.966 20 22 21
-20.362 30.171 1.237 18 18 18
-20.489 29.976 0.979 22 22 22
-20.471 30.003 1.189 21 20 25
-20.497 29.964 1.099 25 26 28
-20.293 30.277 1.274 154 155 147
-20.440 30.051 1.026 21 21 21
-20.475 29.999 0.893 198 188 153
-20.414 30.091 1.155 20 20 20
-20.448 30.040 0.930 215 217 214
-20.450 30.035 1.260 131 129 134
-20.457 30.025 1.190 20 20 22
-20.353 30.185 1.273 154 154 154
-20.459 30.022 1.027 22 22 22
-20.462 30.017 1.222 23 23 25
-20.397 30.117 1.082 20 20 20
-20.461 30.020 1.074 23 23 25
-20.296 30.272 1.287 141 156 135
-20.466 30.011 1.252 22 22 24
-20.484 29.983 1.147 23 23 25
-20.452 30.034 0.965 21 19 22
-20.449 30.037 1.176 19 19 21
-20.325 30.228 1.185 20 22 21
-20.431 30.066 1.162 20 20 20
-20.322 30.232 1.223 21 21 19
-20.439 30.052 1.159 21 21 21
-20.406 30.103 1.166 20 20 20
-20.447 30.040 0.987 18 20 19
-20.407 30.102 1.111 20 20 20
-20.338 30.208 1.213 20 20 20
-20.373 30.155 1.086 22 22 22
-20.449 30.037 1.191 20 20 22
-20.414 30.091 1.147 20 20 20
-20.499 29.959 1.250 21 21 21
-20.444 30.046 1.038 20 20 20
-20.416 30.088 1.051 22 22 22
-20.306 30.257 1.244 21 21 21
-20.387 30.133 1.209 19 19 19
-20.387 30.133 1.104 20 22 21
-20.409 30.100 1.022 21 21 21
-20.454 30.029 1.019 22 22 22
-20.477 29.996 0.986 23 23 23
-20.426 30.073 1.079 19 19 19
-20.470 30.005 1.080 21 21 23
-20.395 30.120 1.235 21 21 21
-20.332 30.217 1.281 138 154 153
-20.471 30.005 0.966 22 24 23
-20.394 30.122 1.272 168 166 167
-20.421 30.081 1.036 21 21 21
-20.365 30.166 1.180 19 21 20
-20.406 30.104 1.144 20 20 20
-20.423 30.077 1.059 20 20 20
-20.492 29.971 1.004 24 24 26
-20.452 30.034 1.017 21 21 21
-20.425 30.074 1.150 20 20 20
-20.500 29.959 1.107 23 24 26
-20.487 29.978 1.149 22 23 25
-20.458 30.024 1.031 22 22 22
-20.471 30.004 1.088 20 20 22
-20.438 30.054 1.219 23 23 23
-20.489 29.976 1.056 23 23 25
-20.353 30.185 1.275 157 161 164
-20.440 30.052 0.959 19 23 24
-20.464 30.014 1.126 20 24 25
-20.349 30.190 1.206 19 19 19
-20.347 30.194 1.272 157 156 162
-20.405 30.104 1.141 20 20 20
-20.407 30.102 1.133 20 20 20
-20.335 30.212 1.237 18 20 19
-20.386 30.134 1.239 22 22 22
-20.396 30.119 1.039 22 22 22
-20.492 29.971 1.151 24 25 27
-20.503 29.954 1.178 24 25 27
-20.423 30.078 1.068 20 20 20
-20.416 30.088 1.248 21 21 21
-20.486 29.980 1.115 23 24 26
-20.408 30.100 1.063 21 21 21
-20.430 30.067 1.111 20 20 20
-20.498 29.961 1.244 24 25 27
-20.405 30.104 1.263 178 174 173
-20.497 29.964 1.185 20 24 25
-20.488 29.978 1.001 23 23 25
-20.499 29.960 1.168 24 25 27
-20.357 30.179 1.181 20 22 21
-20.462 30.019 0.997 22 22 22
-20.430 30.067 1.130 21 21 21
-20.472 30.003 0.994 22 22 22
-20.337 30.209 1.230 19 19 19
-20.439 30.053 1.249 21 21 21
-20.518 29.931 1.203 26 27 29
-20.377 30.149 1.169 21 21 21
-20.416 30.087 1.249 21 21 21
-20.296 30.273 1.253 21 20 16
-20.494 29.968 1.090 23 24 26
-20.462 30.018 0.908 196 192 167
-20.333 30.216 1.221 20 20 20
-20.488 29.977 1.234 23 23 25
-20.526 29.918 1.247 27 25 26
-20.450 30.036 1.002 21 21 21
-20.495 29.966 1.199 22 23 25
-20.377 30.148 1.261 154 150 149
-20.429 30.068 1.088 21 21 21
-20.364 30.169 1.102 19 21 20
-20.428 30.069 0.988 21 21 21
-20.425 30.074 1.191 21 21 21
-20.324 30.230 1.249 21 21 19
-20.351 30.189 1.138 20 22 21
-20.443 30.047 1.112 21 21 23
-20.469 30.007 1.120 22 23 25
-20.448 30.040 0.977 22 20 21
-20.367 30.164 1.113 22 24 23
-20.391 30.127 1.118 21 21 21
-20.480 29.989 1.135 22 23 25
-20.431 30.066 1.105 20 20 20
-20.463 30.016 0.929 215 216 211
-20.451 30.034 1.241 21 21 21
-20.398 30.115 1.232 21 21 21
-20.392 30.125 1.167 19 19 19
-20.368 30.162 1.131 21 23 22
-20.491 29.973 1.100 24 25 27
-20.466 30.010 1.221 22 22 24
-20.299 30.267 1.289 142 155 137
-20.472 30.003 0.902 189 182 156
-20.346 30.196 1.234 19 19 19
-20.507 29.948 1.202 24 25 27
-20.458 30.024 1.052 22 22 24
-20.480 29.989 1.064 22 22 24
-20.466 30.012 0.942 22 26 29
-20.480 29.990 1.077 23 23 25
-20.424 30.076 1.022 21 21 21
-20.405 30.106 1.063 21 21 21
-20.465 30.014 0.973 23 23 23
-20.443 30.046 1.109 20 20 22
-20.364 30.168 1.205 19 19 19
-20.477 29.995 1.248 24 22 23
-20.468 30.008 0.909 156 149 121
-20.305 30.259 1.281 150 158 143
-20.492 29.971 1.012 23 23 25
-20.474 30.000 0.939 38 39 43
-20.353 30.184 1.243 20 18 19
-20.465 30.014 0.944 19 23 26
-20.419 30.083 1.039 22 22 22
-20.476 29.995 1.166 22 22 24
-20.467 30.010 1.141 18 24 24
-20.412 30.095 1.033 20 20 20
-20.436 30.058 1.093 20 20 20
-20.433 30.062 1.138 20 20 20
-20.327 30.225 1.236 19 20 22
-20.390 30.128 1.193 20 20 20
-20.441 30.050 1.094 21 21 21
-20.425 30.075 1.016 22 22 22
-20.470 30.005 1.235 23 23 25
-20.335 30.212 1.282 140 158 158
-20.354 30.183 1.126 21 23 22
-20.470 30.006 1.044 22 22 24
-20.440 30.052 1.116 21 21 21
-20.453 30.031 1.094 20 20 20
-20.459 30.022 1.253 24 22 25
-20.430 30.067 1.156 20 20 20
-20.418 30.085 1.119 21 21 21
-20.464 30.015 0.911 198 192 166
-20.370 30.159 1.161 20 22 21
-20.493 29.970 1.206 22 23 25
-20.402 30.109 1.100 21 21 21
-20.505 29.951 1.203 24 25 27
-20.420 30.082 1.219 22 22 22
-20.500 29.958 1.150 24 25 27
-20.386 30.134 1.142 20 22 21
-20.406 30.104 1.099 20 20 20
-20.452 30.033 1.070 20 20 20
-20.455 30.028 1.099 21 21 23
-20.481 29.989 0.940 27 30 35
-20.414 30.091 0.997 22 22 22
-20.340 30.204 1.253 19 17 18
-20.408 30.101 1.054 21 21 21
-20.484 29.984 1.164 22 23 25
-20.443 30.048 1.048 20 20 20
-20.475 29.997 1.166 22 22 24
-20.471 30.005 0.909 183 174 145
-20.501 29.957 1.129 24 25 27
-20.476 29.996 0.949 23 25 24
-20.444 30.045 1.156 20 20 20
-20.498 29.962 1.158 23 24 26
-20.482 29.987 1.132 22 23 25
-20.380 30.142 1.257 70 66 65
-20.400 30.112 1.261 124 118 120
-20.482 29.987 1.203 22 22 24
-20.494 29.968 1.127 23 24 26
-20.406 30.104 1.167 20 20 20
-20.414 30.092 1.096 21 21 21
-20.394 30.121 1.266 168 164 165
-20.496 29.965 1.195 22 23 25
-20.479 29.992 0.893 193 180 146
-20.430 30.068 0.966 21 20 25
-20.447 30.041 1.025 20 20 20
-20.407 30.102 1.096 20 20 20
-20.395 30.120 1.106 21 21 21
-20.487 29.978 1.157 23 24 26
-20.405 30.105 1.145 19 19 19
-20.438 30.053 1.231 22 22 22
-20.473 30.001 1.045 22 22 24
-20.340 30.205 1.182 19 21 20
-20.414 30.092 1.206 21 21 21
-20.452 30.033 1.135 22 22 24
-20.406 30.103 1.182 20 20 20
-20.440 30.052 1.053 21 21 21
-20.431 30.066 1.043 21 21 21
-20.472 30.002 0.921 204 190 163
-20.482 29.988 0.966 22 24 23
-20.465 30.014 0.997 22 22 22
-20.478 29.994 0.995 22 22 22
-20.416 30.089 1.071 21 21 21
-20.443 30.047 1.091 21 21 21
-20.433 30.063 1.036 22 22 22
-20.494 29.969 1.004 23 23 25
-20.473 30.001 1.038 23 23 25
-20.418 30.084 1.237 20 20 20
-20.348 30.192 1.234 19 19 19
-20.383 30.138 1.231 21 21 21
-20.467 30.009 1.101 21 22 24
-20.481 29.988 1.045 22 22 24
-20.491 29.972 1.061 23 24 26
-20.316 30.241 1.267 167 166 164
-20.476 29.996 0.981 22 22 22
-20.459 30.022 1.040 21 21 21
-20.438 30.054 1.231 22 22 22
-20.479 29.991 1.055 22 22 24
-20.427 30.071 1.126 20 20 20
-20.458 30.023 1.081 21 21 23
-20.476 29.996 1.174 21 21 23
-20.440 30.052 1.177 20 20 20
-20.397 30.117 1.092 21 21 21
-20.412 30.095 1.083 20 20 20
-20.468 30.009 1.027 23 23 23
-20.343 30.200 1.251 19 17 18
-20.353 30.184 1.212 19 19 19
-20.397 30.116 1.246 22 22 22
-20.488 29.978 1.112 23 24 26
-20.360 30.173 1.242 21 19 20
-20.457 30.026 1.020 22 22 22
-20.481 29.987 1.188 21 22 24
-20.405 30.105 1.222 20 20 20
-20.434 30.061 1.024 21 21 21
-20.476 29.996 0.951 23 25 24
-20.404 30.107 1.053 21 21 21
-20.475 29.998 0.931 186 182 179
-20.340 30.205 1.198 19 19 19
-20.350 30.190 1.188 20 20 20
-20.480 29.989 1.101 21 22 24
-20.375 30.152 1.186 19 19 19
-20.381 30.141 1.245 21 21 21
-20.427 30.071 0.971 22 22 24
-20.323 30.231 1.280 150 162 142
-20.465 30.012 1.238 23 23 25
-20.399 30.115 1.096 21 21 21
-20.318 30.238 1.272 163 160 151
-20.374 30.153 1.220 21 21 21
-20.472 30.001 1.143 23 21 24
-20.482 29.987 1.100 21 22 24
-20.408 30.100 1.223 20 20 20
-20.464 30.015 0.931 213 214 216
-20.316 30.242 1.272 159 161 150
-20.319 30.236 1.216 20 20 20
-20.364 30.168 1.129 20 22 21
-20.453 30.031 1.070 21 21 21
-20.497 29.963 1.252 28 28 26
-20.325 30.227 1.266 160 159 155
-20.319 30.237 1.222 23 22 20
-20.336 30.210 1.229 19 19 19
-20.471 30.003 1.189 21 20 25
-20.507 29.948 1.250 28 28 28
-20.466 30.011 1.158 21 20 25
-20.378 30.146 1.184 20 20 20
-20.397 30.118 1.097 21 21 21
-20.462 30.017 1.226 23 23 23
-20.346 30.195 1.211 19 19 19
-20.463 30.017 0.974 22 22 22
-20.498 29.961 1.227 23 24 26
-20.511 29.942 1.242 20 24 25
-20.494 29.967 1.250 16 18 17
-20.489 29.976 1.002 23 23 25
-20.374 30.152 1.214 20 20 20
-20.381 30.142 1.170 21 21 21
-20.413 30.092 1.226 21 21 21
-20.343 30.200 1.263 172 169 160
-20.497 29.964 1.223 23 24 26
-20.483 29.986 0.955 21 23 22
-20.453 30.031 1.208 20 20 20
-20.324 30.229 1.184 20 22 21
-20.441 30.050 1.230 22 22 22
-20.423 30.078 1.067 20 20 20
-20.471 30.005 0.909 183 174 145
-20.372 30.156 1.165 21 21 21
-20.463 30.017 0.966 21 23 22
-20.403 30.108 1.226 20 20 20
-20.449 30.038 1.025 20 20 20
-20.349 30.192 1.194 20 20 20
-20.451 30.034 0.940 24 31 37
-20.447 30.042 0.975 22 20 21
-20.438 30.054 1.022 21 21 21
-20.485 29.981 1.081 23 23 25
-20.458 30.024 1.049 21 21 23
-20.454 30.030 1.229 23 23 23
-20.423 30.077 1.244 22 22 22
-20.403 30.108 1.210 22 22 22
-20.492 29.971 1.196 21 22 24
-20.464 30.015 1.170 20 19 24
-20.326 30.226 1.191 20 20 20
-20.493 29.970 1.138 23 24 26
-20.421 30.080 1.063 21 21 21
-20.482 29.987 1.240 23 24 26
-20.334 30.214 1.189 20 20 20
-20.403 30.109 1.073 20 20 20
-20.446 30.043 0.988 20 22 21
-20.441 30.051 0.986 21 23 22
-20.416 30.088 0.993 22 22 22
-20.422 30.079 1.104 22 22 22
-20.434 30.061 1.080 21 21 21
-20.352 30.187 1.274 157 161 164
-20.464 30.015 0.977 21 21 21
-20.378 30.146 1.214 21 21 21
-20.510 29.943 1.200 25 26 28
-20.366 30.165 1.159 20 22 21
-20.442 30.048 1.192 19 19 19
-20.362 30.172 1.169 19 21 20
-20.436 30.057 1.139 20 20 20
-20.482 29.986 1.100 21 22 24
-20.406 30.104 1.110 20 20 20
-20.456 30.027 1.110 21 21 23
-20.461 30.019 1.199 19 19 19
-20.409 30.099 1.055 21 21 21
-20.356 30.180 1.200 20 20 20
-20.414 30.091 1.133 20 20 20
-20.524 29.921 1.245 27 27 29
-20.332 30.217 1.225 19 19 19
-20.510 29.944 1.194 25 26 28
-20.424 30.076 1.144 20 20 20
-20.485 29.983 1.171 22 23 25
-20.289 30.284 1.257 29 28 23
-20.415 30.090 1.097 18 18 18
-20.438 30.054 0.948 22 26 25
-20.376 30.149 1.199 20 20 20
-20.480 29.991 0.954 21 23 22
-20.480 29.989 1.212 23 23 25
-20.468 30.008 1.208 20 20 22
-20.322 30.233 1.189 19 21 20
-20.478 29.992 1.252 41 40 38
-20.452 30.032 1.085 20 20 20
-20.375 30.151 1.237 19 19 19
-20.419 30.084 1.045 22 22 22
-20.482 29.987 1.030 21 21 23
-20.401 30.111 1.077 20 20 20
-20.492 29.971 1.148 24 25 27
-20.363 30.169 1.209 20 20 20
-20.445 30.044 1.104 21 21 23
-20.399 30.115 1.036 21 21 21
-20.356 30.180 1.231 19 19 19
-20.484 29.984 1.166 22 23 25
-20.482 29.986 0.972 22 22 22
-20.476 29.996 1.236 23 23 25
-20.301 30.265 1.265 168 167 163
-20.488 29.977 1.074 23 23 25
-20.457 30.025 1.136 20 21 23
-20.470 30.006 0.911 163 154 125
-20.480 29.990 0.922 201 184 156
-20.446 30.042 1.150 21 21 21
-20.356 30.181 1.178 21 23 22
-20.459 30.023 0.967 26 21 25
-20.450 30.035 1.230 23 23 23
-20.362 30.171 1.186 21 21 21
-20.513 29.938 1.248 23 24 26
-20.473 30.000 1.076 22 22 24
-20.384 30.137 1.058 21 21 21
-20.388 30.131 1.260 167 163 164
-20.394 30.122 1.052 21 21 21
-20.390 30.127 1.202 20 20 20
-20.479 29.992 0.898 194 181 149
-20.462 30.018 0.904 191 189 166
-20.474 29.999 1.072 22 22 24
-20.342 30.202 1.251 19 17 18
-20.397 30.117 1.155 18 18 18
-20.380 30.143 1.175 19 19 19
-20.318 30.239 1.205 20 20 20
-20.427 30.071 1.232 22 22 22
-20.326 30.226 1.262 153 150 143
-20.484 29.983 1.053 22 22 24
-20.469 30.007 0.935 91 92 96
-20.413 30.093 1.158 21 21 21
-20.396 30.118 1.208 20 20 20
-20.484 29.983 0.968 23 23 23
-20.332 30.217 1.198 19 19 19
-20.371 30.157 1.270 157 157 155
-20.454 30.030 0.972 24 19 23
-20.453 30.031 1.253 24 22 25
-20.325 30.228 1.237 20 21 23
-20.513 29.939 1.205 25 26 28
-20.426 30.073 1.029 22 22 22
-20.469 30.007 0.965 21 23 22
-20.397 30.118 1.066 20 20 20
-20.439 30.052 1.088 19 19 19
-20.348 30.193 1.229 18 18 18
-20.508 29.947 1.143 24 25 27
-20.501 29.957 1.158 23 24 26
-20.312 30.249 1.224 22 22 24
-20.424 30.076 1.092 21 21 21
-20.334 30.214 1.274 172 167 173
-20.383 30.139 1.129 20 22 21
-20.498 29.961 1.188 23 24 26
-20.452 30.033 1.229 24 24 24
-20.355 30.182 1.121 20 22 21
-20.361 30.173 1.177 19 21 20
-20.379 30.145 1.254 22 22 22
-20.331 30.219 1.173 20 22 21
-20.454 30.029 1.167 20 20 22
-20.331 30.218 1.225 19 19 19
-20.373 30.154 1.172 20 20 20
-20.429 30.068 1.141 20 20 20
-20.329 30.222 1.240 19 21 20
-20.433 30.062 1.234 21 21 21
-20.340 30.205 1.263 159 155 156
-20.396 30.119 1.258 80 74 76
-20.474 29.998 1.039 22 22 24
-20.410 30.098 1.044 21 21 21
-20.363 30.169 1.264 166 162 161
-20.468 30.008 1.075 22 22 24
-20.486 29.982 0.958 21 23 22
-20.454 30.030 1.219 21 21 21
-20.298 30.270 1.238 22 22 20
-20.399 30.114 1.156 20 20 20
-20.461 30.019 1.114 20 20 22
-20.410 30.098 1.030 21 21 21
-20.434 30.061 1.011 21 21 21
-20.318 30.238 1.281 145 154 133
-20.395 30.121 1.108 21 21 21
-20.493 29.970 1.093 24 25 27
-20.454 30.030 0.973 22 20 21
-20.294 30.276 1.255 21 20 16
-20.397 30.117 1.194 18 18 18
-20.474 30.000 1.036 22 22 24
-20.406 30.103 1.242 22 22 22
-20.524 29.921 1.243 28 28 30
-20.395 30.120 1.110 19 19 19
-20.401 30.112 1.109 22 22 22
-20.436 30.058 1.019 22 22 22
-20.311 30.249 1.271 158 157 153
-20.501 29.958 1.160 23 24 26
-20.362 30.172 1.108 21 21 21
-20.399 30.114 1.187 20 20 20
-20.430 30.066 0.993 21 21 21
-20.474 30.000 0.976 22 22 22
-20.483 29.985 1.054 22 22 24
-20.398 30.116 1.250 20 20 20
-20.350 30.190 1.252 17 15 16
-20.454 30.030 1.128 20 21 23
-20.398 30.115 1.261 131 125 127
-20.414 30.091 1.007 22 22 24
-20.458 30.024 0.986 20 22 21
-20.467 30.010 1.210 20 20 22
-20.437 30.056 1.090 19 19 19
-20.369 30.160 1.202 20 20 20
-20.461 30.020 0.964 21 23 22
-20.477 29.995 0.942 19 24 28
-20.425 30.074 1.091 21 21 21
-20.441 30.050 1.026 21 21 21
-20.383 30.139 1.231 21 21 21
-20.415 30.090 1.206 21 21 21
-20.470 30.005 1.130 21 22 24
-20.488 29.978 1.079 24 24 26
-20.403 30.108 1.246 21 21 21
-20.455 30.028 1.004 22 22 22
-20.391 30.126 1.181 19 19 19
-20.344 30.199 1.163 20 22 21
-20.516 29.934 1.225 25 26 28
-20.469 30.008 0.964 21 23 22
-20.497 29.963 1.139 24 25 27
-20.429 30.068 1.000 21 21 21
-20.503 29.955 1.072 25 26 28
-20.454 30.030 1.014 21 21 21
-20.486 29.981 1.205 22 22 24
-20.482 29.986 1.249 20 20 20
-20.421 30.080 1.159 19 19 19
-20.477 29.993 1.244 23 21 22
-20.505 29.951 1.217 23 24 26
-20.496 29.964 1.175 21 25 26
-20.503 29.955 1.085 25 26 28
-20.313 30.246 1.210 20 20 20
-20.437 30.056 1.237 22 22 22
-20.354 30.183 1.230 18 18 18
-20.432 30.063 1.108 20 20 20
-20.522 29.925 1.244 26 26 28
-20.474 29.999 1.026 23 23 23
-20.458 30.024 1.096 21 21 23
-20.499 29.961 1.056 24 25 27
-20.460 30.021 1.025 23 23 23
-20.496 29.966 1.024 24 24 26
-20.478 29.993 0.944 19 24 28
-20.416 30.087 1.178 21 21 21
-20.362 30.171 1.107 19 21 20
-20.381 30.142 1.126 20 22 21
-20.501 29.957 1.161 24 25 27
-20.471 30.004 0.975 23 23 23
-20.299 30.267 1.243 22 22 20
-20.415 30.089 1.132 20 20 20
-20.362 30.170 1.228 19 19 19
-20.523 29.923 1.229 28 30 27
-20.318 30.238 1.226 21 21 19
-20.484 29.984 0.941 20 25 31
-20.380 30.144 1.266 171 170 168
-20.475 29.997 1.241 23 21 24
-20.449 30.037 1.176 19 19 21
-20.383 30.139 1.060 21 21 21
-20.478 29.992 1.147 23 23 25
-20.428 30.070 1.199 19 19 19
-20.344 30.199 1.196 19 19 19
-20.400 30.112 1.160 19 19 19
-20.444 30.044 1.137 21 21 23
-20.473 30.000 1.119 22 23 25
-20.385 30.136 1.189 22 22 22
-20.387 30.132 1.257 44 38 40
-20.506 29.949 1.252 30 30 30
-20.376 30.149 1.270 160 160 158
-20.435 30.059 0.981 22 22 22
-20.450 30.035 1.211 21 21 21
-20.302 30.264 1.258 39 38 36
-20.286 30.288 1.287 142 158 131
-20.355 30.181 1.156 19 21 20
-20.361 30.172 1.116 20 22 21
-20.315 30.243 1.275 163 167 153
-20.440 30.051 1.223 22 22 22
-20.406 30.104 1.248 21 21 21
-20.342 30.202 1.237 18 20 19
-20.348 30.193 1.264 170 161 162
-20.395 30.120 1.147 20 20 20
-20.455 30.028 1.058 22 22 24
-20.451 30.034 0.954 18 24 24
-20.349 30.191 1.278 174 179 183
-20.409 30.098 1.252 22 21 19
-20.394 30.122 1.082 20 20 20
-20.443 30.047 1.190 19 19 19
-20.465 30.013 1.045 24 24 24
-20.425 30.074 1.165 20 20 20
-20.393 30.122 1.262 148 142 144
-20.445 30.044 1.058 21 21 21
-20.367 30.163 1.169 19 19 19
-20.350 30.190 1.139 19 21 20
-20.472 30.002 1.128 22 23 25
-20.429 30.068 1.208 20 20 20
-20.496 29.965 1.159 22 23 25
-20.369 30.160 1.202 20 20 20
-20.492 29.971 1.062 23 24 26
-20.302 30.263 1.241 23 23 21
-20.441 30.050 1.080 20 20 20
-20.380 30.143 1.260 140 136 135
-20.491 29.972 1.204 22 23 25
-20.511 29.941 1.170 27 28 30
-20.402 30.110 1.251 20 20 20
-20.485 29.983 0.995 22 22 22
-20.442 30.048 0.984 22 22 22
-20.499 29.960 1.161 23 24 26
-20.484 29.984 1.213 23 23 25
-20.325 30.227 1.201 19 19 19
-20.316 30.241 1.223 21 21 19
-20.387 30.132 1.117 20 22 21
-20.396 30.119 1.269 162 160 161
-20.477 29.995 1.003 22 22 22
-20.442 30.047 1.183 19 19 19
-20.487 29.979 1.018 23 23 25
-20.414 30.092 1.069 21 21 21
-20.348 30.193 1.213 19 19 19
-20.432 30.064 1.043 21 21 21
-20.484 29.984 1.037 23 22 27
-20.392 30.125 1.121 21 21 21
-20.493 29.969 1.130 23 24 26
-20.487 29.978 1.180 20 24 25
-20.397 30.117 1.101 21 21 21
-20.392 30.125 1.125 21 21 21
-20.394 30.123 1.067 20 20 20
-20.450 30.036 1.025 21 21 21
-20.481 29.988 1.086 22 22 24
-20.376 30.150 1.091 21 21 21
-20.398 30.115 1.242 22 22 22
-20.385 30.135 1.117 20 22 21
-20.438 30.054 1.068 20 20 20
-20.459 30.023 1.041 21 21 21
-20.421 30.080 1.258 115 115 115
-20.417 30.087 1.002 22 22 22
-20.375 30.150 1.207 20 20 20
-20.276 30.304 1.289 138 153 134
-20.423 30.076 1.224 23 23 23
-20.426 30.072 1.120 21 21 21
-20.343 30.199 1.252 20 18 19
-20.409 30.098 1.181 19 19 19
-20.447 30.040 0.989 19 21 20
-20.410 30.098 1.052 21 21 21
-20.342 30.201 1.252 19 17 18
-20.347 30.194 1.243 22 20 21
-20.469 30.007 1.170 21 20 25
-20.382 30.140 1.153 19 21 20
-20.472 30.003 0.946 22 26 29
-20.494 29.969 1.106 25 26 28
-20.422 30.079 1.164 20 20 20
-20.412 30.094 1.202 21 21 21
-20.480 29.990 1.215 22 22 24
-20.438 30.055 1.114 21 21 21
-20.475 29.997 1.107 22 23 25
-20.494 29.967 1.253 32 32 30
-20.473 29.999 1.192 21 21 23
-20.486 29.981 1.014 22 22 24
-20.455 30.028 1.114 22 22 24
-20.400 30.113 1.240 22 22 22
-20.376 30.150 1.090 21 21 21
-20.302 30.264 1.256 39 38 36
-20.401 30.112 1.025 22 22 22
-20.363 30.169 1.125 20 22 21
-20.382 30.140 1.250 19 19 19
-20.456 30.026 1.099 21 21 23
-20.481 29.988 0.966 22 24 23
-20.473 30.000 1.160 21 21 23
-20.330 30.221 1.198 20 20 20
-20.436 30.058 1.020 22 22 22
-20.457 30.025 1.057 22 22 24
-20.487 29.978 1.192 20 21 23
-20.454 30.030 1.161 20 20 22
-20.438 30.055 1.047 19 19 19
-20.484 29.983 1.041 22 21 26
-20.448 30.039 1.065 20 20 20
-20.352 30.186 1.263 166 158 156
-20.319 30.237 1.231 21 21 21
-20.436 30.057 1.002 22 20 21
-20.463 30.017 1.121 21 22 24
-20.360 30.174 1.116 20 22 21
-20.360 30.173 1.271 158 158 158
-20.492 29.972 1.084 25 25 27
-20.410 30.098 1.119 19 19 19
-20.439 30.053 1.168 20 20 20
-20.501 29.957 1.156 24 25 27
-20.404 30.106 1.159 19 19 19
-20.457 30.025 1.177 20 20 22
-20.396 30.120 1.088 20 20 20
-20.442 30.048 1.032 21 21 21
-20.415 30.090 1.038 21 21 21
-20.440 30.051 1.170 20 20 20
-20.392 30.124 1.232 21 21 21
-20.414 30.090 1.221 20 20 20
-20.473 30.000 1.035 22 22 24
-20.484 29.984 0.927 196 187 170
-20.448 30.040 1.062 20 20 20
-20.502 29.956 1.242 23 25 24
-20.345 30.196 1.279 172 177 183
-20.317 30.240 1.258 38 37 35
-20.463 30.017 1.024 23 23 23
-20.419 30.083 1.073 21 21 21
-20.473 30.002 0.909 202 191 163
-20.408 30.101 1.050 21 21 21
-20.455 30.029 1.039 21 21 21
-20.380 30.144 1.170 22 22 22
-20.428 30.070 1.117 21 21 21
-20.469 30.007 0.889 151 143 120
-20.525 29.920 1.247 26 26 26
-20.428 30.070 1.249 26 22 23
-20.372 30.156 1.172 20 20 20
-20.381 30.142 1.121 20 22 21
-20.433 30.062 1.165 20 20 20
-20.371 30.157 1.162 21 21 21
-20.484 29.985 1.015 21 21 23
-20.476 29.997 0.936 36 37 41
-20.451 30.033 1.244 24 23 21
-20.400 30.113 1.193 20 20 20
-20.476 29.996 0.946 18 23 27
-20.450 30.036 0.976 22 20 21
-20.482 29.987 1.000 21 21 21
-20.398 30.116 1.061 20 20 20
-20.437 30.056 1.180 20 20 20
-20.356 30.180 1.193 19 19 19
-20.481 29.989 0.937 49 50 54
-20.482 29.986 1.216 23 23 25
-20.334 30.214 1.242 19 19 19
-20.357 30.179 1.133 20 22 21
-20.348 30.193 1.235 21 21 21
-20.490 29.975 0.985 23 23 23
-20.510 29.943 1.231 23 24 26
-20.363 30.169 1.170 18 20 19
-20.486 29.981 0.946 17 27 28
-20.448 30.039 1.258 75 73 76
-20.466 30.012 0.895 183 176 157
-20.499 29.960 1.125 24 25 27
-20.470 30.005 1.037 22 22 22
-20.487 29.980 1.077 23 23 25
-20.346 30.196 1.157 19 21 20
-20.449 30.038 1.040 21 21 21
-20.305 30.259 1.253 18 17 15
-20.340 30.205 1.236 18 20 19
-20.447 30.041 1.014 20 20 20
-20.384 30.137 1.181 19 19 19
-20.353 30.185 1.191 20 20 20
-20.392 30.124 1.267 166 162 163
-20.374 30.152 1.111 21 23 22
-20.411 30.095 1.232 21 21 21
-20.506 29.950 1.157 25 26 28
-20.290 30.282 1.287 140 156 127
-20.498 29.963 1.150 24 25 27
-20.453 30.031 1.199 20 20 20
-20.473 30.001 1.050 22 22 24
-20.478 29.993 1.168 21 22 24
-20.475 29.998 0.896 199 189 154
-20.326 30.227 1.251 20 19 15
-20.428 30.069 1.207 20 20 20
-20.324 30.229 1.207 20 20 20
-20.460 30.021 1.090 22 22 24
-20.346 30.196 1.219 20 20 20
-20.432 30.064 1.193 20 20 20
-20.423 30.077 1.234 22 22 22
-20.513 29.939 1.177 27 28 30
-20.475 29.996 1.196 22 22 24
-20.502 29.955 1.151 24 25 27
-20.455 30.028 1.219 21 21 21
-20.354 30.184 1.131 21 23 22
-20.396 30.119 1.252 19 19 19
-20.469 30.006 1.071 22 22 24
-20.497 29.964 1.057 24 25 27
-20.422 30.078 1.249 24 18 22
-20.338 30.209 1.182 19 21 20
-20.353 30.184 1.150 20 22 21
-20.407 30.102 1.230 21 21 21
-20.425 30.074 1.145 20 20 20
-20.454 30.029 1.217 21 21 21
-20.368 30.161 1.275 167 170 177
-20.479 29.991 1.197 22 22 24
-20.444 30.045 1.041 20 20 20
-20.458 30.023 1.169 20 20 22
-20.415 30.087 0.870 37 37 37
-20.431 30.064 0.868 35 34 32
-20.374 30.147 0.873 227 225 230
-20.306 30.249 0.876 237 238 232
-20.374 30.151 0.866 240 239 244
-20.414 30.088 0.870 37 37 37
-20.359 30.178 0.858 236 237 232
-20.356 30.175 0.873 231 234 225
-20.373 30.151 0.869 244 243 248
-20.352 30.190 0.854 239 237 238
-20.334 30.209 0.872 229 235 233
-20.406 30.107 0.860 36 36 34
-20.335 30.212 0.862 233 240 246
-20.337 30.209 0.862 230 235 239
-20.385 30.132 0.871 46 46 48
-20.440 30.050 0.868 52 49 44
-20.399 30.115 0.863 38 38 38
-20.326 30.223 0.869 101 110 115
-20.324 30.223 0.875 217 221 220
-20.409 30.099 0.864 37 37 35
-20.392 30.121 0.871 36 36 36
-20.359 30.170 0.874 236 236 228
-20.308 30.246 0.875 229 234 228
-20.347 30.197 0.856 240 240 240
-20.384 30.140 0.859 48 51 56
-20.353 30.187 0.857 240 239 235
-20.389 30.130 0.864 37 36 42
-20.432 30.062 0.869 33 29 26
-20.331 30.212 0.874 171 177 177
-20.308 30.247 0.875 229 234 228
-20.403 30.105 0.870 36 36 38
-20.370 30.156 0.869 237 237 239
-20.370 30.156 0.868 237 237 239
-20.348 30.187 0.874 230 233 224
-20.417 30.087 0.865 35 36 38
-20.347 30.196 0.859 234 234 234
-20.322 30.224 0.877 236 241 237
-20.366 30.161 0.871 244 244 242
-20.310 30.243 0.877 237 243 243
-20.329 30.218 0.868 104 113 118
-20.359 30.176 0.861 230 231 226
-20.313 30.239 0.875 213 223 225
-20.353 30.187 0.857 246 245 243
-20.368 30.157 0.872 244 242 245
-20.296 30.265 0.969 46 38 36
-20.344 30.192 0.884 227 228 222
-20.375 30.148 0.947 27 28 30
-20.426 30.071 0.911 133 126 118
-20.364 30.165 0.969 25 25 27
-20.303 30.256 0.998 33 31 32
-20.281 30.294 1.221 23 21 22
-20.303 30.257 1.050 24 24 24
-20.281 30.286 0.917 202 200 187
-20.336 30.205 0.936 106 107 111
-20.315 30.240 1.064 21 23 22
-20.330 30.216 1.008 24 24 24
-20.349 30.189 1.048 22 22 22
-20.417 30.085 0.903 36 33 28
-20.307 30.251 1.027 26 26 26
-20.427 30.070 0.874 39 38 36
-20.395 30.120 1.015 22 22 22
-20.378 30.144 0.953 27 27 27
-20.422 30.078 0.903 36 33 28
-20.459 30.022 0.899 178 176 153
-20.341 30.203 1.112 22 22 22
-20.457 30.025 0.886 154 152 137
-20.405 30.102 0.920 169 164 161
-20.274 30.300 1.056 32 30 33
-20.402 30.106 0.899 32 32 32
-20.321 30.231 1.090 20 22 21
-20.350 30.188 1.049 22 22 22
-20.280 30.291 1.044 30 30 30
-20.291 30.279 1.229 22 22 20
-20.371 30.156 1.054 21 21 21
-20.295 30.273 1.222 21 21 21
-20.435 30.059 0.935 74 77 84
-20.298 30.262 0.984 38 37 35
-20.308 30.246 0.926 219 220 212
-20.403 30.107 0.953 24 24 22
-20.328 30.220 1.041 22 24 23
-20.426 30.072 0.917 193 188 184
-20.437 30.055 0.877 31 28 23
-20.424 30.075 0.913 184 179 173
-20.315 30.243 1.191 19 21 20
-20.418 30.083 0.879 38 37 35
-20.273 30.305 1.172 17 17 19
-20.295 30.264 0.900 231 239 226
-20.348 30.190 1.071 20 20 20
-20.375 30.150 1.029 21 21 21
-20.304 30.259 1.204 20 20 20
-20.318 30.230 0.890 229 234 230
-20.298 30.266 1.113 21 23 22
-20.342 30.201 1.138 20 22 21
-20.346 30.196 1.112 22 22 22
-20.372 30.156 1.076 21 21 21
-20.430 30.066 0.936 41 41 49
-20.299 30.266 1.179 21 23 22
-20.358 30.176 1.029 22 22 22
-20.281 30.293 1.210 20 20 20
-20.339 30.201 0.941 32 29 36
-20.360 30.168 0.879 231 230 225
-20.381 30.139 0.925 176 172 169
-20.329 30.216 0.979 26 28 27
-20.288 30.275 0.917 229 229 217
-20.283 30.284 0.960 49 45 44
-20.304 30.256 1.102 21 23 22
-20.360 30.171 1.005 22 22 22
-20.411 30.095 0.984 22 22 22
-20.423 30.076 0.916 187 182 179
-20.297 30.268 1.151 19 21 20
-20.282 30.288 1.029 34 34 34
-20.364 30.163 0.885 232 231 229
-20.360 30.171 0.980 24 24 26
-20.339 30.202 1.000 22 24 23
-20.303 30.253 0.892 239 242 233
-20.417 30.086 0.986 22 22 20
-20.409 30.098 0.950 24 24 24
-20.326 30.220 0.916 233 234 226
-20.329 30.216 0.971 28 28 28
-20.389 30.129 0.989 24 24 24
-20.347 30.194 1.125 21 23 22
-20.359 30.172 0.953 33 30 25
-20.274 30.300 1.073 25 27 26
-20.312 30.244 1.090 20 22 21
-20.330 30.216 0.976 26 28 27
-20.374 30.149 0.948 28 29 31
-20.298 30.262 0.941 44 45 47
-20.358 30.173 0.924 222 223 209
-20.386 30.135 1.028 22 22 22
-20.287 30.279 0.981 47 43 42
-20.319 30.230 0.911 231 229 217
-20.279 30.293 1.087 25 23 24
-20.293 30.276 1.192 21 23 22
-20.334 30.208 0.923 219 220 214
-20.334 30.212 1.110 20 22 21
-20.335 30.209 1.000 24 26 25
-20.283 30.289 1.113 22 22 22
-20.366 30.160 0.916 215 212 197
-20.359 30.172 0.948 32 32 34
-20.345 30.193 0.977 25 27 26
-20.304 30.255 1.036 25 27 26
-20.371 30.155 0.972 24 24 26
-20.447 30.039 0.886 135 139 125
-20.365 30.167 1.096 21 23 22
-20.372 30.152 0.926 236 232 229
-20.280 30.288 0.919 183 179 168
-20.353 30.181 0.965 27 27 25
-20.282 30.293 1.233 22 24 23
-20.373 30.153 1.029 21 21 21
-20.451 30.035 0.912 205 200 168
-20.271 30.308 1.219 19 20 24
-20.456 30.026 0.891 170 169 149
-20.285 30.289 1.217 21 19 20
-20.298 30.261 0.924 202 202 192
-20.307 30.247 0.911 231 232 218
-20.297 30.268 1.127 20 22 21
-20.335 30.206 0.910 229 230 224
-20.290 30.279 1.121 22 22 22
-20.343 30.195 0.943 32 27 34
-20.300 30.259 0.949 42 38 37
-20.360 30.172 1.030 21 21 21
-20.287 30.280 1.027 31 31 31
-20.358 30.172 0.905 238 238 228
-20.273 30.307 1.256 26 26 24
-20.410 30.094 0.905 31 28 23
-20.378 30.144 0.973 23 23 25
-20.387 30.129 0.914 205 196 187
-20.283 30.284 0.942 46 47 49
-20.291 30.280 1.224 22 22 20
-20.296 30.269 1.079 22 24 23
-20.374 30.152 1.028 21 21 21
-20.313 30.240 1.010 27 27 27
-20.429 30.069 0.949 20 24 25
-20.332 30.217 1.129 20 22 21
-20.407 30.103 0.999 22 22 22
-20.273 30.308 1.282 146 154 141
-20.348 30.192 1.069 20 20 20
-20.287 30.276 0.885 243 245 240
-20.307 30.251 1.018 27 27 27
-20.288 30.277 0.957 50 44 44
-20.355 30.181 1.085 21 21 21
-20.285 30.288 1.197 20 21 23
-20.301 30.263 1.174 21 23 22
-20.280 30.292 1.075 28 28 28
-20.325 30.227 1.134 20 22 21
-20.308 30.249 1.064 22 24 23
-20.284 30.281 0.893 161 169 156
-20.366 30.163 1.008 21 21 21
-20.337 30.205 0.968 28 28 28
-20.329 30.221 1.138 19 21 20
-20.336 30.205 0.961 32 31 29
-20.307 30.251 1.033 25 27 26
-20.287 30.284 1.146 22 24 21
-20.422 30.078 0.905 34 29 23
-20.356 30.178 1.009 22 22 22
-20.384 30.134 0.940 29 32 39
-20.353 30.182 0.993 21 23 22
-20.395 30.120 1.032 22 22 22
-20.437 30.056 0.933 170 171 173
-20.323 30.226 1.040 22 24 23
-20.287 30.280 1.050 27 27 27
-20.299 30.262 1.032 27 27 27
-20.275 30.302 1.195 25 25 25
-20.373 30.152 1.008 21 21 21
-20.277 30.292 0.931 214 215 220
-20.299 30.266 1.134 20 22 21
-20.352 30.187 1.111 21 21 21
-20.376 30.147 0.976 24 24 26
-20.402 30.109 0.989 23 23 23
-20.321 30.231 1.109 21 23 22
-20.357 30.175 0.999 22 22 22
-20.285 30.285 1.103 23 23 23
-20.316 30.239 1.092 20 22 21
-20.407 30.102 0.974 24 24 24
-20.276 30.295 0.965 53 53 51
-20.320 30.230 0.964 33 32 30
-20.326 30.225 1.101 21 23 22
-20.400 30.113 0.997 23 23 23
-20.377 30.146 0.953 28 28 28
-20.369 30.157 0.975 24 24 26
-20.316 30.236 1.003 26 26 26
-20.293 30.275 1.146 21 23 22
-20.360 30.171 1.015 22 22 22
-20.357 30.178 1.067 21 21 21
-20.400 30.113 1.015 22 22 22
-20.363 30.166 0.978 23 23 25
-20.382 30.138 0.961 29 24 28
-20.354 30.182 1.040 21 21 21
-20.316 30.239 1.106 20 22 21
-20.344 30.199 1.139 20 22 21
-20.320 30.234 1.141 19 21 20
-20.275 30.303 1.233 24 24 26
-20.282 30.290 1.110 22 22 22
-20.383 30.138 1.025 22 22 22
-20.332 30.215 1.096 21 23 22
-20.410 30.095 0.886 37 35 36
-20.359 30.174 1.036 21 21 21
-20.326 30.226 1.177 20 22 21
-20.436 30.057 0.893 34 35 29
-20.380 30.140 0.948 24 28 31
-20.429 30.069 0.964 21 20 25
-20.381 30.142 1.051 21 21 21
-20.342 30.202 1.126 21 23 22
-20.320 30.235 1.174 19 21 20
-20.351 30.186 1.057 21 21 21
-20.286 30.287 1.216 22 20 21
-20.303 30.252 0.886 234 237 228
-20.443 30.046 0.887 82 85 74
-20.328 30.223 1.158 20 22 21
-20.349 30.187 0.978 25 27 26
-20.306 30.255 1.145 20 21 23
-20.279 30.291 0.981 48 46 47
-20.339 30.200 0.912 232 233 225
-20.443 30.045 0.871 160 157 148
-20.286 30.285 1.169 23 25 22
-20.366 30.162 0.977 23 23 25
-20.292 30.276 1.133 21 23 22
-20.448 30.040 0.921 208 204 179
-20.322 30.229 1.071 20 22 21
-20.406 30.102 0.931 187 190 195
-20.398 30.112 0.875 37 37 35
-20.334 30.210 0.988 25 27 26
-20.351 30.184 1.007 21 21 21
-20.343 30.196 1.008 22 22 22
-20.288 30.284 1.245 23 24 19
-20.317 30.235 1.012 25 27 26
-20.341 30.197 0.899 226 227 219
-20.430 30.067 0.951 20 24 23
-20.356 30.177 0.980 23 23 25
-20.422 30.079 0.967 22 22 24
-20.410 30.095 0.902 32 31 29
-20.379 30.144 1.046 21 21 21
-20.277 30.292 0.931 214 215 220
-20.288 30.278 1.017 34 34 34
-20.277 30.299 1.183 23 21 22
-20.355 30.179 0.986 23 23 25
-20.329 30.221 1.128 19 21 20
-20.296 30.272 1.208 20 20 20
-20.382 30.137 0.924 175 171 168
-20.362 30.166 0.926 229 227 215
-20.271 30.307 1.176 27 27 29
-20.401 30.111 1.014 23 23 23
-20.295 30.268 1.006 35 33 34
-20.290 30.279 1.127 22 22 22
-20.420 30.082 0.977 22 22 22
-20.362 30.167 0.926 229 227 215
-20.367 30.158 0.881 232 230 231
-20.386 30.133 0.996 23 23 23
-20.297 30.263 0.918 226 224 209
-20.420 30.080 0.926 198 197 203
-20.284 30.286 1.078 25 25 25
-20.364 30.163 0.937 52 55 60
-20.378 30.145 0.989 24 24 24
-20.310 30.247 1.063 22 24 23
-20.383 30.137 0.968 26 26 26
-20.316 30.236 0.965 36 32 31
-20.352 30.183 0.969 24 25 30
-20.351 30.184 0.967 26 25 30
-20.295 30.268 1.004 35 33 34
-20.291 30.277 1.117 22 22 22
-20.290 30.276 1.018 34 34 34
-20.290 30.278 1.122 22 22 22
-20.295 30.272 1.203 21 21 21
-20.280 30.297 1.271 152 150 151
-20.300 30.259 0.961 44 39 36
-20.302 30.262 1.184 20 22 21
-20.284 30.284 0.987 45 44 42
-20.309 30.246 0.963 39 33 33
-20.331 30.218 1.114 19 21 20
-20.292 30.269 0.916 219 219 207
-20.332 30.211 0.937 86 87 91
-20.335 30.208 0.944 41 36 40
-20.323 30.226 0.981 29 29 29
-20.314 30.238 0.948 39 38 34
-20.282 30.284 0.947 50 50 52
-20.330 30.220 1.169 20 22 21
-20.346 30.193 1.034 20 20 20
-20.461 30.020 0.883 142 138 127
-20.340 30.199 0.892 223 224 216
-20.317 30.240 1.163 20 22 21
-20.298 30.261 0.948 44 40 39
-20.321 30.233 1.167 20 22 21
-20.369 30.159 1.047 21 21 21
-20.303 30.261 1.174 21 23 22
-20.277 30.291 0.883 142 150 135
-20.453 30.031 0.898 178 179 148
-20.373 30.153 1.003 21 21 21
-20.322 30.225 0.904 230 231 225
-20.288 30.277 0.989 42 41 39
-20.363 30.164 0.894 224 225 220
-20.366 30.162 0.983 23 23 25
-20.306 30.250 0.928 215 216 208
-20.277 30.292 0.892 139 151 131
-20.301 30.258 0.973 40 35 39
-20.287 30.285 1.237 22 24 21
-20.343 30.199 1.063 23 23 23
-20.291 30.275 1.085 24 24 24
-20.339 30.207 1.148 21 23 22
-20.411 30.095 0.944 22 25 30
-20.334 30.213 1.142 20 22 21
-20.303 30.252 0.892 234 237 230
-20.452 30.033 0.902 187 184 149
-20.428 30.069 0.931 207 206 214
-20.420 30.081 0.944 23 26 33
-20.440 30.051 0.910 214 208 184
-20.296 30.266 0.982 38 37 35
-20.337 30.202 0.881 225 226 220
-20.320 30.232 1.030 23 25 24
-20.306 30.250 0.936 141 145 146
-20.317 30.241 1.189 20 22 21
-20.332 30.210 0.929 214 218 221
-20.354 30.178 0.880 232 232 224
-20.338 30.201 0.904 226 227 219
-20.364 30.163 0.896 224 225 220
-20.289 30.275 0.941 43 44 46
-20.339 30.205 1.083 22 22 22
-20.390 30.124 0.917 199 192 186
-20.334 30.209 1.002 24 26 25
-20.293 30.272 1.058 25 25 25
-20.416 30.088 0.947 22 25 30
-20.349 30.187 0.980 25 27 26
-20.342 30.200 1.052 21 21 21
-20.395 30.118 0.932 220 220 228
-20.336 30.204 0.885 229 230 224
-20.338 30.205 1.019 21 21 21
-20.355 30.178 0.993 23 23 23
-20.354 30.181 1.008 22 22 22
-20.318 30.233 1.004 26 26 26
-20.351 30.184 0.991 22 24 23
-20.276 30.301 1.181 23 21 22
-20.276 30.299 1.145 22 22 24
-20.379 30.142 0.920 174 167 159
-20.346 30.191 0.932 232 234 231
-20.294 30.273 1.144 21 23 22
-20.388 30.131 1.043 22 22 22
-20.306 30.250 0.954 42 37 34
-20.385 30.134 0.987 24 24 24
-20.318 30.236 1.096 20 22 21
-20.375 30.148 0.915 209 202 192
-20.422 30.079 0.958 22 24 23
-20.308 30.248 1.011 27 27 27
-20.284 30.286 1.083 25 25 25
-20.286 30.281 1.004 39 38 36
-20.328 30.221 1.063 21 23 22
-20.347 30.193 1.107 21 21 21
-20.389 30.126 0.931 197 198 203
-20.403 30.107 0.953 24 24 22
-20.372 30.151 0.923 227 220 212
-20.283 30.290 1.157 21 21 21
-20.353 30.184 1.109 21 21 21
-20.276 30.297 1.048 32 30 33
-20.338 30.201 0.909 231 232 224
-20.301 30.256 0.934 202 206 207
-20.435 30.059 0.940 23 28 34
-20.283 30.286 1.035 33 33 33
-20.365 30.166 1.088 20 20 20
-20.409 30.098 0.976 23 23 23
-20.318 30.232 0.936 88 92 93
-20.305 30.254 1.006 30 28 29
-20.304 30.252 0.915 233 231 216
-20.437 30.055 0.933 170 171 173
-20.308 30.248 0.992 32 30 31
-20.370 30.154 0.911 229 225 214
-20.278 30.294 1.075 28 28 28
-20.275 30.296 0.998 46 45 43
-20.371 30.155 0.977 24 24 26
-20.393 30.120 0.906 36 32 29
-20.375 30.148 0.958 27 27 29
-20.344 30.194 0.984 26 28 27
-20.321 30.233 1.132 20 22 21
-20.320 30.234 1.123 20 22 21
-20.435 30.059 0.929 238 237 235
-20.376 30.149 1.031 21 21 21
-20.342 30.196 0.906 232 234 223
-20.332 30.215 1.117 19 21 20
-20.354 30.178 0.923 218 220 207
-20.420 30.080 0.875 36 35 33
-20.282 30.294 1.260 108 107 105
-20.344 30.193 0.897 222 224 213
-20.318 30.233 0.991 29 29 29
-20.364 30.166 1.034 21 21 21
-20.353 30.184 1.107 20 20 20
-20.296 30.267 1.048 26 26 26
-20.428 30.069 0.936 36 36 44
-20.397 30.118 1.029 23 23 23
-20.280 30.293 1.168 23 23 25
-20.324 30.228 1.137 21 23 22
-20.290 30.278 1.101 23 23 23
-20.312 30.241 0.952 47 43 40
-20.347 30.189 0.927 230 236 224
-20.383 30.139 1.051 21 21 21
-20.313 30.241 0.991 30 28 29
-20.353 30.182 1.029 22 22 22
-20.302 30.259 1.062 23 23 23
-20.338 30.203 0.942 31 28 35
-20.343 30.200 1.128 21 23 22
-20.323 30.230 1.147 20 22 21
-20.317 30.235 1.037 23 25 24
-20.340 30.199 0.899 226 227 219
-20.322 30.230 1.117 21 23 22
-20.378 30.142 0.923 161 156 150
-20.396 30.118 0.970 23 23 23
-20.279 30.292 1.022 39 39 39
-20.310 30.247 1.089 20 22 21
-20.278 30.299 1.228 22 24 23
-20.341 30.196 0.884 225 226 220
-20.281 30.288 0.992 43 42 40
-20.336 30.204 0.918 224 225 219
-20.295 30.266 0.948 42 40 41
-20.365 30.166 1.032 21 21 21
-20.453 30.032 0.909 207 202 170
-20.315 30.237 0.988 29 29 29
-20.376 30.147 0.945 25 28 33
-20.375 30.148 0.935 128 131 140
-20.276 30.300 1.195 25 25 25
-20.357 30.179 1.111 21 21 21
-20.317 30.231 0.888 234 236 233
-20.304 30.255 0.994 33 31 32
-20.352 30.186 1.114 21 21 21
-20.368 30.156 0.878 236 234 237
-20.298 30.268 1.156 20 22 21
-20.355 30.178 0.959 30 29 24
-20.277 30.299 1.179 23 21 22
-20.314 30.236 0.880 230 239 246
-20.306 30.253 1.060 23 25 24
-20.338 30.205 1.062 23 23 23
-20.289 30.280 1.149 22 24 21
-20.293 30.272 1.051 26 26 26
-20.295 30.267 1.006 35 33 34
-20.324 30.226 1.059 21 23 22
-20.390 30.126 0.943 23 26 31
-20.408 30.098 0.922 163 159 160
-20.322 30.231 1.134 19 21 20
-20.288 30.275 0.882 239 241 236
-20.273 30.305 1.181 23 21 22
-20.279 30.296 1.206 20 22 21
-20.348 30.191 1.054 21 21 21
-20.391 30.126 0.994 23 23 23
-20.440 30.051 0.941 15 22 28
-20.301 30.260 1.069 24 24 24
-20.288 30.274 0.882 239 241 236
-20.291 30.273 1.029 30 30 30
-20.413 30.092 0.962 23 22 27
-20.396 30.118 0.985 22 22 22
-20.416 30.085 0.888 36 38 37
-20.386 30.133 0.999 23 23 23
-20.311 30.240 0.891 236 238 233
-20.296 30.267 1.068 25 25 25
-20.397 30.115 0.940 20 23 28
-20.409 30.100 1.006 21 21 21
-20.299 30.261 0.945 44 43 41
-20.406 30.103 0.997 22 22 22
-20.299 30.262 1.030 27 27 27
-20.344 30.199 1.124 21 23 22
-20.411 30.094 0.931 207 210 217
-20.305 30.259 1.221 21 21 21
-20.279 30.292 1.024 36 36 36
-20.280 30.292 1.083 25 25 25
-20.400 30.111 0.956 27 23 22
-20.328 30.222 1.127 19 21 20
-20.439 30.053 0.914 204 198 176
-20.387 30.131 0.956 27 25 28
-20.323 30.230 1.160 20 22 21
-20.400 30.112 0.954 24 23 21
-20.438 30.053 0.902 145 142 125
-20.335 30.207 0.954 35 31 30
-20.347 30.188 0.926 219 225 211
-20.360 30.168 0.892 227 228 222
-20.293 30.270 0.990 39 38 36
-20.368 30.160 0.992 23 23 23
-20.278 30.298 1.206 22 24 23
-20.369 30.155 0.907 229 225 216
-20.280 30.290 1.045 28 28 28
-20.341 30.201 1.040 21 21 21
-20.274 30.305 1.282 146 154 141
-20.290 30.281 1.208 20 20 20
-20.292 30.272 1.003 36 34 35
-20.353 30.183 1.074 20 20 20
-20.325 30.228 1.165 20 22 21
-20.327 30.222 1.077 22 24 23
-20.408 30.101 0.993 22 22 22
-20.286 30.278 0.918 226 226 214
-20.279 30.291 1.006 42 40 41
-20.359 30.171 0.907 233 233 221
-20.287 30.278 0.955 53 49 48
-20.358 30.177 1.100 21 21 21
-20.377 30.143 0.877 42 40 43
-20.279 30.290 0.970 49 48 46
-20.379 30.139 0.877 35 33 36
-20.306 30.253 1.072 21 23 22
-20.409 30.099 0.958 23 22 18
-20.297 30.268 1.171 21 23 22
-20.336 30.209 1.077 23 23 23
-20.333 30.210 0.979 25 27 26
-20.328 30.223 1.155 19 21 20
-20.306 30.255 1.110 21 23 22
-20.347 30.189 0.937 74 73 81
-20.307 30.251 1.066 22 24 23
-20.325 30.224 1.045 22 24 23
-20.283 30.291 1.209 22 22 22
-20.450 30.036 0.871 146 144 131
-20.300 30.266 1.196 20 20 20
-20.322 30.228 1.049 22 24 23
-20.301 30.263 1.124 21 23 22
-20.290 30.281 1.230 22 22 20
-20.368 30.161 1.053 21 21 21
-20.388 30.127 0.888 36 36 36
-20.334 30.211 1.054 22 22 22
-20.339 30.201 0.930 227 232 228
-20.298 30.262 0.957 47 42 39
-20.293 30.270 0.974 46 41 38
-20.419 30.082 0.905 41 36 30
-20.401 30.108 0.896 31 31 33
-20.421 30.080 0.934 176 176 186
-20.360 30.174 1.089 21 21 21
-20.271 30.310 1.275 156 156 154
-20.382 30.136 0.919 187 180 172
-20.324 30.224 0.947 36 35 31
-20.338 30.206 1.064 23 23 23
-20.322 30.231 1.113 21 23 22
-20.341 30.201 1.046 21 21 21
-20.278 30.299 1.268 161 159 160
-20.318 30.232 0.984 30 30 30
-20.364 30.163 0.942 26 27 31
-20.306 30.251 1.022 27 27 27
-20.418 30.083 0.884 33 33 33
-20.331 30.215 1.014 25 25 25
-20.306 30.251 0.989 33 31 32
-20.396 30.116 0.926 181 179 182
-20.316 30.238 1.059 22 24 23
-20.287 30.280 1.016 34 34 34
-20.313 30.241 0.994 29 29 29
-20.332 30.217 1.155 19 21 20
-20.426 30.071 0.922 157 153 154
-20.301 30.255 0.901 231 239 228
-20.339 30.200 0.942 32 29 36
-20.420 30.083 0.984 22 22 20
-20.419 30.083 0.927 208 207 213
-20.370 30.157 1.017 20 20 20
-20.367 30.158 0.889 229 229 231
-20.300 30.263 1.101 20 22 21
-20.286 30.287 1.254 22 21 16
-20.330 30.214 0.923 166 167 161
-20.336 30.207 0.997 23 25 24
-20.391 30.124 0.947 24 25 27
-20.295 30.264 0.902 235 243 230
-20.371 30.156 1.035 20 20 20
-20.357 30.177 1.035 21 21 21
-20.286 30.283 1.079 25 25 25
-20.303 30.259 1.140 20 21 23
-20.394 30.119 0.917 198 191 185
-20.330 30.217 1.072 21 23 22
-20.351 30.183 0.957 31 31 23
-20.342 30.198 0.971 25 26 30
-20.354 30.180 0.991 23 23 25
-20.371 30.157 1.068 21 21 21
-20.302 30.259 1.082 21 23 22
-20.295 30.267 0.976 43 39 36
-20.316 30.236 0.985 30 30 30
-20.400 30.111 0.930 226 226 234
-20.387 30.129 0.887 37 37 37
-20.273 30.303 1.135 22 22 24
-20.325 30.223 1.009 24 26 25
-20.313 30.242 1.023 25 25 25
-20.407 30.099 0.892 34 34 36
-20.359 30.173 1.012 22 22 22
-20.453 30.031 0.877 141 142 128
-20.316 30.235 0.909 233 233 223
-20.359 30.170 0.910 224 225 211
-20.351 30.188 1.122 20 22 21
-20.332 30.213 1.019 24 24 24
-20.392 30.124 0.987 22 22 22
-20.328 30.224 1.168 19 21 20
-20.393 30.121 0.904 36 32 29
-20.381 30.139 0.943 23 26 31
-20.333 30.213 1.036 24 24 24
-20.288 30.277 0.987 43 42 40
-20.460 30.021 0.891 165 162 145
-20.316 30.235 0.931 238 244 244
-20.360 30.172 0.993 23 23 23
-20.281 30.285 0.888 125 133 118
-20.345 30.196 1.091 21 21 21
-20.396 30.118 0.970 23 23 23
-20.293 30.277 1.240 23 23 21
-20.392 30.124 1.017 22 22 22
-20.423 30.076 0.875 37 36 34
-20.362 30.166 0.916 224 221 204
-20.298 30.264 1.039 26 26 26
-20.319 30.230 0.887 232 234 231
-20.325 30.220 0.909 231 232 226
-20.474 30.000 0.872 196 187 156
-20.289 30.273 0.904 235 240 234
-20.420 30.081 0.920 169 165 166
-20.451 30.034 0.900 185 185 151
-20.342 30.202 1.141 20 22 21
-20.430 30.064 0.870 39 35 32
-20.297 30.263 0.960 49 41 39
-20.282 30.283 0.885 175 180 174
-20.353 30.183 1.052 22 22 22
-20.419 30.083 0.949 26 27 31
-20.291 30.274 1.057 26 26 26
-20.339 30.203 1.016 21 21 21
-20.400 30.112 0.980 23 23 23
-20.295 30.264 0.898 237 245 232
-20.388 30.129 0.964 28 23 27
-20.285 30.286 1.129 21 23 20
-20.298 30.269 1.216 21 21 21
-20.291 30.279 1.210 20 20 20
-20.424 30.075 0.907 58 54 45
-20.288 30.277 1.002 39 38 36
-20.304 30.253 0.956 44 39 36
-20.281 30.293 1.148 26 26 26
-20.280 30.291 1.074 28 28 28
-20.374 30.152 1.021 22 22 22
-20.293 30.276 1.209 20 20 20
-20.371 30.157 1.079 20 20 20
-20.319 30.232 1.020 23 25 24
-20.277 30.295 1.017 41 41 41
-20.333 30.213 1.030 23 23 23
-20.328 30.219 1.019 22 24 23
-20.291 30.277 1.163 21 23 22
-20.362 30.166 0.886 235 234 230
-20.332 30.216 1.127 20 22 21
-20.286 30.285 1.168 23 25 22
-20.326 30.220 0.921 223 224 216
-20.407 30.099 0.895 34 34 36
-20.320 30.229 0.944 37 37 35
-20.291 30.279 1.227 22 22 20
-20.277 30.299 1.222 24 24 24
-20.359 30.171 0.908 233 233 221
-20.325 30.222 0.946 39 35 34
-20.278 30.293 1.005 40 39 37
-20.418 30.084 0.920 168 164 165
-20.304 30.257 1.133 19 20 22
-20.297 30.270 1.180 21 23 22
-20.365 30.163 0.971 25 25 27
-20.286 30.285 1.171 23 25 22
-20.356 30.175 0.895 230 231 225
-20.327 30.220 0.971 28 28 26
-20.377 30.147 1.052 21 21 21
-20.316 30.238 1.058 22 24 23
-20.370 30.154 0.901 236 232 229
-20.290 30.273 0.932 212 218 216
-20.427 30.072 0.965 21 20 25
-20.430 30.065 0.925 173 171 174
-20.285 30.286 1.111 22 22 22
-20.326 30.222 1.002 24 26 25
-20.408 30.099 0.927 183 183 185
-20.411 30.096 1.002 22 22 22
-20.294 30.273 1.171 22 24 23
-20.307 30.251 1.036 25 27 26
-20.293 30.270 0.977 44 40 37
-20.335 30.208 0.978 26 28 27
-20.346 30.192 1.024 23 23 23
-20.389 30.127 0.914 188 178 169
-20.286 30.287 1.257 33 32 27
-20.336 30.208 1.042 22 22 22
-20.282 30.290 1.137 23 23 23
-20.397 30.116 0.996 23 23 23
-20.294 30.267 0.916 221 221 209
-20.324 30.227 1.059 21 23 22
-20.396 30.115 0.876 36 36 34
-20.361 30.169 0.947 31 31 33
-20.373 30.151 0.971 24 24 26
-20.328 30.220 1.067 20 22 21
-20.297 30.266 1.076 23 23 23
-20.300 30.261 1.006 32 30 31
-20.312 30.243 0.998 29 29 29
-20.431 30.063 0.879 35 31 28
-20.289 30.281 1.170 21 23 20
-20.388 30.129 0.930 235 234 239
-20.345 30.198 1.133 21 23 22
-20.311 30.248 1.150 20 22 21
-20.389 30.128 0.982 22 22 22
-20.333 30.209 0.940 38 38 40
-20.456 30.028 0.897 184 185 154
-20.313 30.242 1.016 26 26 26
-20.335 30.211 1.069 23 23 23
-20.302 30.260 1.092 21 23 22
-20.291 30.278 1.193 21 23 22
-20.292 30.276 1.136 21 23 22
-20.393 30.120 0.875 36 36 36
-20.291 30.279 1.241 22 22 20
-20.320 30.234 1.120 21 23 22
-20.342 30.198 0.992 23 25 24
-20.356 30.176 0.977 24 24 26
-20.397 30.118 1.025 23 23 23
-20.315 30.240 1.098 19 21 20
-20.392 30.123 0.958 29 25 26
-20.451 30.035 0.904 187 184 149
-20.391 30.126 1.030 21 21 21
-20.362 30.169 1.046 21 21 21
-20.331 30.218 1.127 19 21 20
-20.404 30.105 0.938 31 34 39
-20.304 30.252 0.930 222 223 217
-20.333 30.213 1.050 22 22 22
-20.308 30.248 0.987 33 31 32
-20.280 30.296 1.237 22 24 21
-20.366 30.160 0.896 226 225 221
-20.358 30.173 0.944 31 32 37
-20.418 30.084 0.954 26 26 26
-20.442 30.047 0.874 126 123 116
-20.421 30.079 0.881 33 32 30
-20.383 30.136 0.960 29 24 28
-20.293 30.270 0.990 39 38 36
-20.366 30.164 1.069 21 21 21
-20.405 30.105 0.998 22 22 22
-20.346 30.188 0.879 230 230 220
-20.464 30.014 0.879 148 141 133
-20.353 30.183 1.029 22 22 22
-20.355 30.180 1.053 21 21 21
-20.287 30.280 1.029 30 30 30
-20.310 30.251 1.197 21 21 21
-20.327 30.225 1.172 19 21 20
-20.307 30.250 0.998 31 29 30
-20.336 30.204 0.896 223 224 218
-20.355 30.181 1.108 20 20 20
-20.415 30.089 0.949 20 21 25
-20.388 30.131 1.025 21 21 21
-20.413 30.092 0.973 22 22 24
-20.386 30.134 1.050 23 23 23
-20.338 30.208 1.121 20 22 21
-20.373 30.151 0.921 228 222 210
-20.310 30.249 1.147 20 21 23
-20.275 30.298 1.027 39 37 38
-20.357 30.173 0.876 235 235 227
-20.278 30.297 1.160 28 28 30
-20.362 30.169 1.019 21 21 21
-20.320 30.230 1.024 23 25 24
-20.326 30.220 0.971 28 28 26
-20.400 30.113 0.987 23 23 23
-20.288 30.275 0.907 232 235 224
-20.280 30.291 1.042 30 30 30
-20.438 30.053 0.911 199 192 173
-20.342 30.200 1.071 21 21 21
-20.333 30.212 1.022 22 22 22
-20.275 30.297 1.034 31 31 33
-20.312 30.244 1.098 20 22 21
-20.329 30.221 1.110 20 22 21
-20.438 30.052 0.874 36 33 28
-20.302 30.255 0.931 222 223 217
-20.342 30.199 1.052 21 21 21
-20.302 30.254 0.914 231 229 214
-20.359 30.175 1.071 20 20 20
-20.314 30.250 1.289 83 87 86
-20.426 30.089 1.270 167 167 169
-20.395 30.123 1.273 36 38 37
-20.379 30.149 1.277 36 38 37
-20.436 30.076 1.269 159 159 157
-20.412 30.104 1.271 171 171 169
-20.412 30.099 1.270 168 167 165
-20.415 30.093 1.270 147 145 146
-20.390 30.128 1.274 37 38 40
-20.289 30.285 1.293 149 153 154
-20.409 30.107 1.272 33 33 33
-20.330 30.224 1.286 42 43 47
-20.334 30.222 1.286 45 46 48
-20.520 29.928 1.249 24 24 24
-20.329 30.224 1.285 42 43 47
-20.416 30.092 1.269 138 136 137
-20.353 30.197 1.283 42 43 45
-20.406 30.104 1.271 164 164 164
-20.452 30.043 1.264 161 160 165
-20.320 30.236 1.287 45 50 53
-20.487 29.979 1.255 61 61 61
-20.376 30.159 1.278 33 35 34
-20.460 30.021 1.261 163 161 164
-20.403 30.119 1.273 35 37 36
-20.466 30.022 1.262 172 170 175
-20.490 29.977 1.256 81 81 79
-20.394 30.126 1.274 36 38 37
-20.431 30.086 1.270 164 164 166
-20.474 30.004 1.259 140 140 142
-20.452 30.038 1.263 164 163 168
-20.451 30.049 1.265 160 159 164
-20.468 30.016 1.261 169 167 172
-20.493 29.972 1.255 65 65 65
-20.305 30.336 1.021 36 36 36
-20.296 30.320 0.968 50 51 53
-20.288 30.329 1.018 47 47 45
-20.283 30.302 0.914 176 175 155
-20.306 30.332 1.004 52 51 49
-20.299 30.329 1.003 40 39 37
-20.287 30.323 0.997 45 45 45
-20.294 30.319 0.969 53 54 56
-20.298 30.327 0.994 39 38 36
-20.299 30.333 1.019 32 34 33
-20.289 30.324 0.996 51 51 51
-20.289 30.327 1.006 34 33 31
-20.289 30.320 0.978 45 46 48
-20.294 30.329 1.008 72 71 69
-20.292 30.321 0.979 45 45 45
-20.294 30.326 0.996 51 50 48
-20.287 30.322 0.991 50 50 50
-20.289 30.317 0.969 54 55 57
-20.285 30.311 0.948 58 56 59
-20.289 30.312 0.947 58 57 55
-20.293 30.359 1.171 157 158 152
-20.273 30.317 1.221 112 104 117
-20.278 30.301 0.937 116 107 108
-20.287 30.349 1.209 151 153 150
-20.276 30.312 1.103 17 23 21
-20.273 30.307 1.135 21 25 28
-20.281 30.309 0.948 53 56 63
-20.275 30.300 0.994 49 49 49
-20.279 30.326 1.174 146 144 147
-20.278 30.319 1.124 26 26 28
-20.282 30.322 1.067 31 29 30
-20.274 30.317 1.207 103 95 106
-20.272 30.319 1.259 156 150 150
-20.277 30.300 0.954 49 47 48
-20.278 30.318 1.130 38 36 39
-20.278 30.307 1.004 49 43 47
-20.276 30.306 1.056 35 30 37
-20.279 30.321 1.124 29 33 32
-20.273 30.305 1.099 21 23 22
-20.279 30.311 1.028 36 34 35
-20.280 30.332 1.215 171 170 176
-20.279 30.312 1.023 40 36 37
-20.291 30.352 1.147 163 165 164
-20.275 30.320 1.214 124 124 132
-20.284 30.328 1.059 52 56 55
-20.274 30.318 1.222 114 106 119
-20.275 30.310 1.107 18 22 21
-20.282 30.316 0.995 50 50 50
-20.285 30.334 1.095 159 163 164
-20.284 30.324 1.033 25 23 26
-20.271 30.310 1.196 28 29 33
-20.284 30.322 1.008 45 45 45
-20.282 30.327 1.107 75 76 78
-20.286 30.331 1.061 82 83 85
-20.293 30.361 1.180 157 158 152
-20.283 30.341 1.217 155 154 159
-20.270 30.313 1.263 154 157 162
-20.286 30.340 1.144 179 180 184
-20.292 30.352 1.108 169 173 174
-20.278 30.305 0.988 54 49 53
-20.287 30.347 1.186 155 155 155
-20.291 30.351 1.131 164 166 165
-20.274 30.302 1.047 33 31 36
-20.289 30.350 1.179 155 155 155
-20.291 30.356 1.200 152 157 150
-20.289 30.341 1.077 183 187 190
-20.276 30.311 1.085 26 24 25
-20.285 30.340 1.177 167 165 168
-20.285 30.335 1.112 176 180 183
-20.275 30.297 0.968 49 54 48
-20.271 30.317 1.262 160 151 156
-20.287 30.341 1.121 187 186 191
-20.285 30.326 1.038 45 45 47
-20.283 30.324 1.051 23 25 24
-20.272 30.315 1.239 122 112 123
-20.277 30.326 1.210 158 158 160
-20.279 30.326 1.163 141 140 146
-20.288 30.343 1.126 176 175 180
-20.285 30.325 1.019 34 34 32
-20.285 30.344 1.211 155 156 158
-20.279 30.318 1.098 23 25 24
-20.280 30.323 1.130 94 93 98
-20.272 30.311 1.175 26 26 26
-20.280 30.311 0.991 44 48 47
-20.281 30.317 1.030 37 33 34
-20.274 30.298 1.007 41 51 43
-20.275 30.298 0.983 47 52 46
-20.274 30.298 0.996 43 50 43
-20.286 30.346 1.198 154 155 157
-20.282 30.320 1.036 31 29 32
-20.288 30.339 1.080 180 184 187
-20.284 30.335 1.144 182 183 187
-20.288 30.352 1.211 151 153 148
-20.284 30.321 1.005 49 49 49
-20.273 30.317 1.233 105 94 108
-20.282 30.338 1.220 162 161 166
-20.275 30.311 1.125 18 19 24
-20.282 30.320 1.029 29 27 28
-20.278 30.322 1.167 90 90 92
-20.282 30.322 1.056 25 27 26
-20.275 30.307 1.080 26 24 25
-20.293 30.361 1.186 151 152 146
-20.292 30.352 1.116 163 163 165
-20.275 30.304 1.051 31 29 34
-20.286 30.339 1.147 176 175 180
-20.274 30.320 1.227 144 147 154
-20.273 30.302 1.072 27 25 28
-20.283 30.334 1.155 178 173 179
-20.281 30.332 1.175 176 174 177
-20.271 30.312 1.230 71 68 77
-20.279 30.323 1.138 85 89 92
-20.288 30.343 1.130 180 180 182
-20.285 30.332 1.085 128 129 131
-20.278 30.301 0.956 51 50 46
-20.284 30.337 1.174 173 171 174
-20.279 30.319 1.112 24 22 23
-20.289 30.346 1.135 166 170 171
-20.277 30.324 1.206 157 157 159
-20.281 30.337 1.230 154 154 156
-20.276 30.307 1.059 36 31 38
-20.275 30.308 1.098 19 23 22
-20.277 30.307 1.027 36 36 38
-20.283 30.324 1.052 36 38 37
-20.284 30.337 1.165 175 174 179
-20.273 30.316 1.230 101 90 104
-20.289 30.347 1.145 166 170 169
-20.276 30.314 1.134 28 21 29
-20.289 30.339 1.063 180 183 188
-20.273 30.308 1.136 17 20 25
-20.294 30.362 1.168 158 161 152
-20.294 30.360 1.141 160 167 159
-20.278 30.325 1.193 165 163 168
-20.287 30.342 1.136 173 177 180
-20.281 30.326 1.133 123 124 128
-20.282 30.321 1.038 31 29 32
-20.288 30.347 1.178 161 159 160
-20.287 30.343 1.163 169 170 174
-20.283 30.316 0.973 52 53 55
-20.281 30.317 1.044 26 26 28
-20.282 30.315 0.990 49 49 49
-20.283 30.322 1.024 30 28 29
-20.280 30.313 1.007 41 43 42
-20.280 30.305 0.932 157 157 169
-20.280 30.323 1.109 48 54 54
-20.279 30.311 1.030 34 32 35
-20.289 30.352 1.204 153 155 150
-20.290 30.353 1.193 156 158 153
-20.288 30.339 1.083 176 180 183
-20.278 30.315 1.080 24 20 21
-20.279 30.321 1.123 29 33 32
-20.288 30.349 1.195 155 157 154
-20.276 30.307 1.053 33 28 35
-20.285 30.337 1.134 192 193 197
-20.283 30.340 1.214 156 155 160
-20.284 30.325 1.032 43 41 44
-20.281 30.312 0.989 43 49 47
-20.276 30.314 1.127 26 21 28
-20.277 30.307 1.018 39 39 39
-20.277 30.322 1.180 95 93 94
-20.278 30.323 1.166 123 118 122
-20.278 30.322 1.149 65 65 67
-20.285 30.339 1.152 177 175 180
-20.284 30.316 0.911 176 170 158
-20.287 30.325 0.923 193 191 192
-20.286 30.351 0.916 173 174 166
-20.281 30.318 0.898 142 156 133
-20.284 30.341 0.909 168 171 164
-20.291 30.331 0.936 49 53 56
-20.297 30.347 0.961 181 185 186
-20.291 30.328 0.938 52 53 58
-20.290 30.361 0.931 164 175 167
-20.287 30.320 0.923 193 189 190
-20.286 30.319 0.918 161 155 155
-20.295 30.363 0.951 167 173 163
-20.282 30.298 0.901 144 148 121
-20.288 30.371 0.926 155 163 150
-20.305 30.338 0.993 48 48 48
-20.302 30.356 0.978 179 183 186
-20.292 30.336 0.940 77 78 80
-20.293 30.331 0.943 57 57 57
-20.294 30.318 0.948 50 49 47
-20.293 30.355 0.943 162 165 156
-20.291 30.359 0.938 170 175 168
-20.297 30.351 0.960 183 187 186
-20.310 30.342 1.010 40 38 39
-20.292 30.320 0.942 51 50 55
-20.284 30.340 0.908 158 164 154
-20.297 30.345 0.961 131 135 136
-20.298 30.328 0.963 56 57 59
-20.290 30.365 0.932 160 171 157
-20.281 30.314 0.897 140 155 132
-20.298 30.330 0.963 53 53 53
-20.286 30.354 0.918 173 176 167
-20.282 30.311 0.900 149 154 132
-20.299 30.363 0.968 169 171 168
-20.302 30.328 0.980 50 50 50
-20.285 30.343 0.912 169 172 165
-20.304 30.353 0.986 174 178 181
-20.303 30.329 0.984 48 48 48
-20.292 30.345 0.941 185 190 186
-20.286 30.358 0.917 169 172 163
-20.309 30.342 1.005 46 46 46
-20.302 30.347 0.978 96 97 99
-20.298 30.322 0.966 50 50 50
-20.308 30.338 1.003 44 43 41
-20.303 30.352 0.983 109 113 116
-20.295 30.346 0.953 171 171 169
-20.291 30.338 0.935 102 107 110
-20.289 30.327 0.927 108 109 114
-20.289 30.332 0.928 118 121 126
-20.292 30.356 0.941 161 166 159
-20.290 30.371 0.931 153 161 146
-20.286 30.343 0.916 175 176 170
-20.297 30.330 0.959 57 59 58
-20.296 30.369 0.954 170 173 164
-20.290 30.340 0.931 180 185 188
-20.618 29.928 1.150 31 35 38
-20.605 29.926 1.161 34 35 37
-20.563 29.907 1.148 31 32 34
-20.595 29.920 1.155 31 32 36
-20.577 29.930 1.221 31 31 33
-20.610 29.943 1.224 31 31 33
-20.601 29.894 1.037 158 163 166
-20.550 29.913 1.191 28 29 33
-20.595 29.908 1.103 35 36 41
-20.618 29.928 1.151 30 31 35
-20.538 29.918 1.230 29 29 31
-20.571 29.907 1.136 31 35 36
-20.609 29.893 1.021 163 164 168
-20.600 29.917 1.133 27 30 35
-20.613 29.927 1.154 31 32 36
-20.602 29.910 1.103 30 31 36
-20.568 29.914 1.171 32 33 35
-20.574 29.910 1.145 30 31 35
-20.584 29.923 1.182 31 32 37
-20.609 29.928 1.167 31 32 34
-20.606 29.938 1.210 32 33 37
-20.620 29.940 1.197 31 32 37
-20.601 29.911 1.108 30 31 36
-20.578 29.920 1.177 31 32 36
-20.612 29.917 1.116 26 29 34
-20.610 29.931 1.176 32 33 37
-20.592 29.898 1.066 135 139 140
-20.542 29.918 1.224 30 30 32
-20.583 29.911 1.136 30 34 37
-20.623 29.941 1.196 31 32 37
-20.580 29.907 1.122 34 35 39
-20.532 29.916 1.232 29 29 31
-20.581 29.915 1.154 27 28 32
-20.582 29.925 1.194 32 33 37
-20.583 29.916 1.157 31 32 34
-20.578 29.924 1.195 31 32 36
-20.571 29.915 1.169 31 32 34
-20.576 29.907 1.130 30 34 35
-20.603 29.905 1.079 110 113 120
-20.569 29.925 1.212 30 31 33
-20.620 29.942 1.206 31 32 36
-20.590 29.918 1.153 31 32 36
-20.602 29.911 1.104 30 31 36
-20.577 29.930 1.220 31 31 33
-20.565 29.917 1.187 30 31 35
-20.557 29.909 1.165 31 33 32
-20.600 29.925 1.167 31 33 32
-20.568 29.921 1.199 29 30 34
-20.558 29.918 1.202 30 31 35
-20.614 29.942 1.214 32 33 37
-20.615 29.934 1.177 32 33 37
-20.598 29.911 1.113 29 30 35
-20.602 29.923 1.154 31 32 36
-20.611 29.895 1.028 160 161 163
-20.611 29.895 1.026 162 163 165
-20.591 29.904 1.094 34 35 40
-20.571 29.909 1.142 30 31 35
-20.578 29.924 1.195 31 32 36
-20.590 29.924 1.179 32 33 37
-20.572 29.910 1.148 30 31 33
-20.586 29.915 1.144 30 31 35
-20.558 29.925 1.227 29 29 31
-20.597 29.896 1.051 162 167 170
-20.614 29.939 1.200 31 32 36
-20.583 29.900 1.090 27 27 35
-20.575 29.914 1.159 28 29 31
-20.565 29.910 1.159 30 32 31
-20.573 29.910 1.144 30 31 35
-20.574 29.929 1.220 31 31 33
-20.583 29.926 1.197 31 32 36
-20.591 29.933 1.211 31 32 36
-20.607 29.907 1.083 102 105 114
-20.597 29.926 1.176 32 33 35
-20.594 29.909 1.110 35 36 41
-20.620 29.938 1.189 32 33 38
-20.572 29.907 1.135 31 35 36
-20.600 29.909 1.100 33 32 38
-20.606 29.930 1.176 32 33 35
-20.620 29.939 1.193 31 32 37
-20.608 29.937 1.203 31 32 36
-20.579 29.909 1.133 29 33 34
-20.592 29.897 1.061 160 164 165
-20.586 29.931 1.212 30 31 35
-20.580 29.914 1.152 27 28 30
-20.601 29.898 1.053 159 164 167
-20.602 29.900 1.059 163 168 171
-20.598 29.929 1.183 32 33 37
-20.610 29.920 1.132 31 36 42
-20.534 29.920 1.243 30 30 32
-20.603 29.914 1.116 33 36 41
-20.608 29.912 1.099 35 34 40
-20.578 29.930 1.221 30 30 32
-20.592 29.925 1.180 32 33 37
-20.609 29.905 1.071 152 156 165
-20.578 29.929 1.215 31 32 34
-20.580 29.929 1.213 31 32 36
-20.610 29.906 1.071 152 156 165
-20.609 29.911 1.093 67 70 79
-20.616 29.916 1.104 33 32 38
-20.617 29.931 1.165 33 34 38
-20.581 29.903 1.105 35 34 40
-20.614 29.923 1.137 34 39 43
-20.603 29.910 1.100 34 33 39
-20.600 29.921 1.151 36 37 42
-20.603 29.920 1.140 36 36 44
-20.617 29.921 1.123 29 33 42
-20.600 29.929 1.181 32 33 37
-20.588 29.912 1.129 27 31 34
-20.600 29.926 1.171 32 34 33
-20.599 29.909 1.101 33 32 38
-20.607 29.926 1.159 34 35 37
-20.610 29.908 1.081 132 136 145
-20.590 29.917 1.150 38 39 43
-20.610 29.902 1.058 161 166 170
-20.598 29.904 1.084 67 70 77
-20.598 29.923 1.162 35 36 40
-20.578 29.916 1.163 28 29 31
-20.581 29.923 1.188 30 31 36
-20.597 29.904 1.085 67 70 77
-20.357 30.212 1.262 37 37 35
-20.408 30.127 1.271 36 38 35
-20.364 30.197 1.268 37 37 35
-20.296 30.281 1.288 65 67 66
-20.355 30.209 1.267 35 35 33
-20.388 30.165 1.263 37 37 37
-20.351 30.218 1.265 37 37 35
-20.360 30.194 1.276 33 35 34
-20.369 30.181 1.276 33 35 34
-20.355 30.207 1.270 35 37 34
-20.390 30.149 1.277 35 37 36
-20.322 30.248 1.280 28 30 29
-20.325 30.243 1.281 32 34 33
-20.279 30.303 1.291 161 159 170
-20.348 30.210 1.279 31 33 32
-20.341 30.221 1.279 29 31 30
-20.379 30.168 1.275 35 37 36
-20.336 30.228 1.280 28 30 27
-20.349 30.227 1.258 36 36 34
-20.276 30.304 1.295 153 159 171
-20.324 30.254 1.270 34 36 35
-20.403 30.134 1.271 36 38 35
-20.386 30.166 1.264 38 38 38
-20.405 30.133 1.269 36 38 35
-20.317 30.258 1.276 30 32 31
-20.349 30.211 1.276 32 34 33
-20.379 30.173 1.269 33 35 34
-20.359 30.211 1.260 37 37 35
-20.328 30.245 1.273 32 34 33
-20.353 30.217 1.262 37 37 35
-20.396 30.145 1.271 36 38 35
-20.394 30.150 1.270 35 37 34
-20.390 30.151 1.275 36 38 37
-20.310 30.271 1.275 29 30 32
-20.342 30.231 1.265 35 35 33
-20.319 30.256 1.276 31 33 32
-20.304 30.276 1.279 37 38 40
-20.354 30.217 1.262 37 37 35
-20.292 30.289 1.285 49 53 54
-20.296 30.285 1.282 32 34 33
-20.348 30.221 1.268 37 37 35
-20.337 30.222 1.284 33 35 34
-20.354 30.205 1.274 33 35 34
-20.396 30.145 1.271 36 38 35
-20.409 30.124 1.272 35 37 34
-20.326 30.247 1.274 32 34 33
-20.339 30.231 1.271 33 35 32
-20.309 30.260 1.289 112 112 114
-20.365 30.183 1.281 36 38 37
-20.535 30.266 0.769 89 84 88
-20.521 30.261 0.756 62 56 60
-20.530 30.264 0.769 87 82 86
-20.511 30.258 0.737 55 54 59
-20.523 30.263 0.740 56 55 60
-20.503 30.255 0.742 58 56 57
-20.541 30.268 0.759 87 81 85
-20.536 30.266 0.767 88 83 87
-20.542 30.269 0.743 50 44 48
-20.539 30.268 0.766 92 87 91
-20.546 30.271 0.740 52 50 55
-20.541 30.268 0.756 77 71 75
-20.533 30.265 0.767 89 84 88
-20.553 30.273 0.745 52 45 52
-20.497 30.253 0.735 38 43 46
-20.492 30.252 0.728 31 41 43
-20.495 30.253 0.730 27 37 39
-20.445 30.103 0.873 37 37 37
-20.442 30.103 0.872 34 34 34
-20.412 30.098 0.859 35 35 35
-20.445 30.074 0.868 37 36 34
-20.463 30.066 0.873 36 37 32
-20.438 30.104 0.870 35 35 35
-20.456 30.043 0.866 139 139 127
-20.410 30.134 0.864 36 35 33
-20.453 30.075 0.871 32 33 28
-20.429 30.078 0.862 35 35 35
-20.398 30.127 0.858 36 37 41
-20.463 30.084 0.876 26 27 21
-20.464 30.028 0.867 139 137 125
-20.385 30.161 0.860 244 245 249
-20.476 30.060 0.877 143 142 122
-20.476 29.998 0.866 196 190 166
-20.377 30.166 0.857 234 236 235
-20.475 30.026 0.871 141 136 132
-20.394 30.146 0.860 35 36 40
-20.419 30.099 0.862 36 36 36
-20.391 30.144 0.859 25 26 30
-20.433 30.102 0.868 36 36 36
-20.428 30.086 0.863 35 35 35
-20.376 30.165 0.857 234 236 235
-20.468 30.057 0.873 146 144 132
-20.394 30.150 0.861 27 28 32
-20.409 30.124 0.862 36 36 36
-20.451 30.077 0.870 32 33 28
-20.443 30.109 0.873 33 33 33
-20.455 30.060 0.869 58 58 48
-20.422 30.102 0.863 36 36 36
-20.429 30.105 0.867 36 36 36
-20.399 30.140 0.861 37 37 39
-20.415 30.127 0.865 35 35 35
-20.427 30.119 0.869 36 36 36
-20.393 30.153 0.861 27 28 32
-20.472 30.011 0.867 86 80 64
-20.394 30.142 0.859 26 27 31
-20.405 30.145 0.864 38 38 38
-20.402 30.134 0.861 32 32 34
-20.454 30.036 0.864 148 148 138
-20.453 30.038 0.864 148 148 138
-20.407 30.140 0.864 35 35 33
-20.397 30.142 0.861 45 45 47
-20.470 30.068 0.876 61 61 53
-20.470 30.069 0.876 61 61 53
-20.454 30.064 0.869 34 34 26
-20.416 30.126 0.866 35 35 35
-20.449 30.079 0.870 34 33 31
-20.453 30.037 0.864 148 148 138
-20.469 30.087 0.879 27 28 22
-20.394 30.136 0.858 36 37 41
-20.415 30.123 0.864 34 34 34
-20.476 30.065 0.878 135 136 122
-20.441 30.058 0.863 36 35 30
-20.410 30.135 0.865 37 36 34
-20.430 30.078 0.863 37 35 36
-20.433 30.115 0.870 35 35 35
-20.389 30.143 0.858 25 26 30
-20.407 30.113 0.860 36 36 36
-20.470 30.135 0.853 36 35 33
-20.412 30.156 0.857 31 30 35
-20.468 30.128 0.858 35 35 35
-20.455 30.117 0.868 35 35 35
-20.431 30.133 0.865 36 36 36
-20.382 30.167 0.859 232 234 233
-20.450 30.159 0.844 34 32 33
-20.451 30.156 0.846 34 34 34
-20.399 30.155 0.861 39 40 44
-20.476 30.110 0.866 37 37 37
-20.422 30.150 0.857 35 33 34
-20.483 30.141 0.846 36 35 33
-20.454 30.112 0.871 38 38 38
-20.434 30.166 0.845 39 39 41
-20.437 30.137 0.861 36 36 36
-20.482 30.147 0.843 37 37 37
-20.470 30.145 0.847 36 36 36
-20.420 30.133 0.868 37 37 37
-20.413 30.156 0.856 44 44 46
-20.425 30.156 0.853 34 32 35
-20.388 30.163 0.859 233 234 236
-20.382 30.183 0.850 250 248 249
-20.440 30.125 0.867 36 36 36
-20.393 30.177 0.850 239 240 242
-20.416 30.160 0.853 32 31 36
-20.467 30.134 0.855 36 36 36
-20.418 30.148 0.860 35 33 34
-20.448 30.159 0.845 39 37 38
-20.475 30.142 0.848 37 37 37
-20.479 30.151 0.842 36 36 36
-20.448 30.139 0.857 36 36 36
-20.419 30.151 0.858 29 27 30
-20.429 30.139 0.862 37 37 37
-20.428 30.127 0.869 36 36 36
-20.372 30.178 0.855 238 238 236
-20.447 30.158 0.846 35 33 34
-20.383 30.169 0.857 234 236 235
-20.459 30.105 0.873 36 36 36
-20.463 30.126 0.860 37 37 37
-20.400 30.162 0.856 30 34 37
-20.416 30.169 0.849 21 25 28
-20.440 30.127 0.866 36 36 36
-20.485 30.114 0.861 34 33 31
-20.368 30.184 0.853 242 241 239
-20.476 30.098 0.873 30 30 28
-20.476 30.111 0.865 37 37 37
-20.482 30.130 0.853 37 36 34
-20.474 30.134 0.853 36 35 33
-20.393 30.161 0.859 175 176 178
-20.476 30.101 0.871 35 35 35
-20.460 30.128 0.860 35 35 35
-20.455 30.147 0.850 36 36 36
-20.353 30.193 0.852 237 233 230
-20.451 30.114 0.870 37 37 37
-20.455 30.120 0.866 35 35 35
-20.424 30.164 0.849 35 34 39
-20.431 30.163 0.848 40 40 42
-20.396 30.154 0.862 39 41 40
-20.445 30.126 0.865 36 36 36
-20.408 30.173 0.849 115 119 122
-20.478 30.095 0.873 27 29 24
-20.426 30.160 0.851 37 35 38
-20.460 30.038 1.273 33 37 36
-20.487 30.001 1.288 78 83 87
-20.518 29.933 1.251 37 37 37
-20.435 30.082 1.276 31 36 30
-20.452 30.053 1.276 34 38 39
-20.479 30.015 1.290 103 108 114
-20.491 29.992 1.282 35 39 40
-20.485 29.995 1.267 36 38 35
-20.509 29.949 1.252 36 36 36
-20.503 29.961 1.260 35 37 36
-20.491 29.990 1.280 35 39 40
-20.478 30.015 1.287 76 79 84
-20.492 29.981 1.262 36 38 35
-20.491 29.982 1.259 35 37 34
-20.500 29.967 1.261 36 38 37
-20.456 30.046 1.274 33 37 36
-20.477 30.017 1.290 108 113 119
-20.492 29.981 1.263 36 38 35
-20.483 30.007 1.289 88 93 97
-20.449 30.059 1.274 34 38 41
-20.458 30.047 1.284 65 70 76
-20.504 29.963 1.265 37 37 37
-20.461 30.043 1.286 55 60 64
-20.444 30.067 1.276 32 36 37
-20.495 29.979 1.269 37 37 35
-20.495 29.984 1.281 35 39 40
-20.470 30.018 1.263 35 37 34
-20.510 29.949 1.255 36 36 36
-20.472 30.017 1.267 36 38 35
-20.494 29.985 1.281 35 39 40
-20.489 29.987 1.265 36 38 35
-20.455 30.051 1.279 35 40 44
-20.470 30.021 1.269 35 37 36
-20.446 30.061 1.268 35 37 36
-20.462 30.036 1.275 32 36 35
-20.486 29.993 1.265 36 38 33
-20.480 30.012 1.289 97 102 108
-20.518 29.936 1.256 36 36 36
-20.469 30.023 1.271 35 37 36
-20.558 30.255 0.767 82 82 84
-20.622 30.256 0.759 52 54 53
-20.557 30.263 0.766 76 74 77
-20.641 30.257 0.757 41 42 44
-20.547 30.264 0.767 82 77 81
-20.624 30.252 0.759 37 38 40
-20.588 30.252 0.763 61 61 61
-20.639 30.243 0.758 25 26 28
-20.559 30.264 0.766 79 74 78
-20.540 30.260 0.768 84 79 83
-20.581 30.260 0.764 79 77 78
-20.593 30.249 0.763 53 53 53
-20.614 30.244 0.761 27 31 32
-20.623 30.255 0.759 47 47 45
-20.586 30.259 0.763 77 77 77
-20.569 30.260 0.765 78 78 80
-20.612 30.262 0.760 71 71 71
-20.640 30.251 0.757 26 27 29
-20.642 30.258 0.757 42 43 45
-20.577 30.263 0.764 76 74 75
-20.590 30.260 0.762 77 77 77
-20.554 30.264 0.766 79 74 78
-20.599 30.254 0.762 65 65 65
-20.586 30.258 0.763 78 78 78
-20.613 30.253 0.760 49 51 50
-20.532 30.264 0.769 89 85 86
-20.567 30.253 0.766 78 79 81
-20.293 30.340 1.058 145 151 149
-20.294 30.352 1.104 161 165 174
-20.299 30.367 1.160 157 160 149
-20.302 30.353 1.096 180 186 182
-20.294 30.334 1.029 29 35 35
-20.300 30.348 1.079 121 122 124
-20.298 30.370 1.172 152 155 144
-20.295 30.337 1.039 38 37 45
-20.295 30.342 1.060 137 136 142
-20.301 30.359 1.123 171 172 174
-20.306 30.339 1.035 34 33 28
-20.292 30.338 1.049 90 95 98
-20.301 30.348 1.077 121 122 124
-20.294 30.350 1.097 177 182 186
-20.303 30.359 1.120 173 174 178
-20.303 30.358 1.115 187 186 191
-20.299 30.366 1.153 165 168 161
-20.297 30.352 1.099 174 180 178
-20.306 30.352 1.085 97 95 100
-20.311 30.342 1.038 32 31 36
-20.559 30.162 0.784 40 39 37
-20.569 30.164 0.778 43 39 36
-20.559 30.165 0.801 32 36 39
-20.576 30.167 0.785 39 35 36
-20.594 30.170 0.771 40 36 33
-20.547 30.160 0.797 37 38 40
-20.559 30.165 0.802 34 38 41
-20.552 30.167 0.832 36 34 35
-20.538 30.159 0.804 38 40 39
-20.599 30.177 0.806 37 34 29
-20.596 30.167 0.747 30 36 52
-20.577 30.169 0.795 38 37 42
-20.575 30.169 0.801 38 39 43
-20.554 30.162 0.793 39 39 39
-20.544 30.160 0.801 37 40 45
-20.557 30.168 0.830 40 38 39
-20.566 30.165 0.793 32 33 35
-20.579 30.165 0.765 41 38 33
-20.562 30.164 0.791 37 37 37
-20.563 30.164 0.787 39 38 36
-20.588 30.176 0.823 39 38 36
-20.607 30.175 0.778 38 38 36
-20.595 30.177 0.815 36 32 29
-20.586 30.169 0.780 32 32 30
-20.519 30.156 0.819 36 36 36
-20.581 30.170 0.794 36 37 39
-20.607 30.169 0.740 101 107 119
-20.600 30.180 0.828 27 26 24
-20.598 30.178 0.815 35 31 28
-20.593 30.178 0.825 36 35 33
-20.568 30.170 0.821 33 33 33
-20.541 30.161 0.811 34 34 34
-20.531 30.159 0.816 35 35 37
-20.584 30.174 0.816 40 40 40
-20.520 30.158 0.828 36 36 36
-20.518 30.158 0.835 35 35 35
-20.578 30.174 0.827 35 33 34
-20.591 30.168 0.767 42 41 39
-20.592 30.167 0.758 51 52 56
-20.591 30.167 0.759 46 47 51
-20.585 30.166 0.762 38 38 36
-20.534 30.159 0.813 36 36 36
-20.550 30.163 0.807 35 37 36
-20.585 30.174 0.812 37 33 30
-20.593 30.169 0.766 42 41 39
-20.542 30.164 0.827 35 33 34
-20.598 30.170 0.765 42 42 42
-20.589 30.174 0.808 35 31 28
-20.600 30.176 0.798 33 31 32
-20.551 30.166 0.825 32 32 32
-20.601 30.176 0.801 38 34 35
-20.541 30.164 0.832 36 34 35
-20.575 30.170 0.810 30 32 31
-20.607 30.168 0.737 156 164 175
-20.565 30.168 0.813 34 34 34
-20.578 30.166 0.777 40 39 35
-20.588 30.165 0.754 31 38 46
-20.565 30.178 0.753 37 36 41
-20.530 30.193 0.760 36 35 40
-20.537 30.200 0.746 37 36 41
-20.551 30.191 0.747 36 35 40
-20.520 30.158 0.810 38 38 40
-20.545 30.172 0.774 39 38 36
-20.488 30.219 0.758 51 50 48
-20.534 30.186 0.765 36 40 43
-20.555 30.192 0.744 36 35 40
-20.571 30.174 0.754 42 43 45
-20.487 30.240 0.732 45 46 41
-20.489 30.229 0.744 67 66 64
-20.519 30.197 0.762 33 37 40
-20.507 30.208 0.757 36 36 38
-20.524 30.194 0.763 32 35 40
-20.506 30.223 0.739 33 33 33
-20.584 30.177 0.741 37 38 42
-20.497 30.209 0.763 31 31 31
-20.550 30.174 0.768 39 39 37
-20.562 30.171 0.764 34 34 32
-20.553 30.189 0.748 42 41 46
-20.559 30.163 0.776 39 36 31
-20.506 30.190 0.780 33 37 38
-20.523 30.194 0.763 32 35 40
-20.498 30.160 0.822 37 37 37
-20.504 30.217 0.749 39 37 38
-20.505 30.219 0.745 39 39 41
-20.487 30.224 0.751 89 88 86
-20.522 30.202 0.754 38 39 43
-20.498 30.190 0.785 33 35 34
-20.519 30.164 0.802 33 36 43
-20.499 30.186 0.790 43 41 42
-20.565 30.170 0.762 34 34 34
-20.499 30.230 0.736 42 42 42
-20.497 30.214 0.757 33 33 33
-20.593 30.180 0.731 34 35 37
-20.581 30.175 0.746 36 37 41
-20.503 30.223 0.742 41 41 41
-20.512 30.171 0.799 35 36 40
-20.497 30.164 0.819 35 35 35
-20.508 30.232 0.727 25 25 23
-20.543 30.196 0.747 36 35 40
-20.539 30.165 0.788 37 37 37
-20.500 30.224 0.743 44 44 44
-20.490 30.228 0.744 58 57 55
-20.510 30.174 0.797 40 38 39
-20.599 30.174 0.734 43 46 51
-20.586 30.167 0.751 32 41 50
-20.504 30.222 0.742 41 41 41
-20.521 30.186 0.774 36 41 45
-20.552 30.179 0.762 38 40 39
-20.545 30.165 0.782 42 41 37
-20.536 30.163 0.792 37 37 39
-20.585 30.178 0.739 38 39 41
-20.522 30.224 0.727 65 63 68
-20.522 30.159 0.806 38 38 40
-20.565 30.169 0.765 36 36 34
-20.501 30.208 0.762 42 42 44
-20.505 30.199 0.769 35 39 40
-20.515 30.204 0.757 34 35 39
-20.488 30.243 0.729 33 35 32
-20.488 30.224 0.751 72 71 69
-20.512 30.160 0.813 37 37 39
-20.584 30.171 0.748 31 31 41
-20.513 30.169 0.801 35 36 40
-20.491 30.217 0.758 34 32 33
-20.485 30.243 0.730 35 37 34
-20.560 30.164 0.774 39 36 31
-20.554 30.177 0.762 37 39 38
-20.547 30.201 0.737 40 41 45
-20.501 30.209 0.761 42 42 44
-20.593 30.166 0.748 21 30 39
-20.509 30.231 0.728 33 31 32
-20.599 30.169 0.739 34 40 52
-20.516 30.172 0.795 36 36 38
-20.502 30.217 0.749 39 37 38
-20.531 30.192 0.760 37 36 41
-20.543 30.208 0.732 37 38 42
-20.539 30.181 0.767 34 38 39
-20.506 30.225 0.736 30 30 30
-20.501 30.168 0.810 35 36 41
-20.577 30.182 0.740 38 38 38
-20.497 30.226 0.742 47 47 47
-20.499 30.231 0.735 42 42 42
-20.514 30.179 0.788 40 39 37
-20.542 30.175 0.773 36 36 34
-20.512 30.189 0.777 31 36 39
-20.486 30.226 0.750 89 88 86
-20.526 30.184 0.774 36 40 43
-20.486 30.248 0.723 44 44 52
-20.513 30.207 0.754 33 32 37
-20.552 30.184 0.755 43 42 47
-20.502 30.174 0.802 36 35 40
-20.543 30.175 0.772 36 36 34
-20.534 30.163 0.793 36 37 41
-20.550 30.177 0.764 38 40 39
-20.514 30.210 0.750 36 35 40
-20.539 30.205 0.738 38 39 43
-20.517 30.175 0.790 36 35 33
-20.501 30.228 0.737 40 40 40
-20.565 30.170 0.763 36 36 34
-20.542 30.202 0.740 37 38 42
-20.540 30.205 0.738 38 39 43
-20.500 30.231 0.809 53 58 61
-20.492 30.200 0.795 39 40 34
-20.507 30.245 0.826 24 22 27
-20.503 30.213 0.834 36 36 36
-20.501 30.234 0.810 97 102 106
-20.495 30.214 0.800 33 33 33
-20.503 30.246 0.807 62 70 72
-20.491 30.227 0.771 57 57 55
-20.492 30.173 0.820 36 36 34
-20.503 30.238 0.813 74 79 82
-20.495 30.244 0.773 34 39 42
-20.498 30.191 0.830 35 35 35
-20.505 30.233 0.829 35 33 38
-20.492 30.225 0.777 44 46 45
-20.501 30.239 0.807 116 124 127
-20.492 30.236 0.767 87 87 87
-20.493 30.205 0.800 37 36 41
-20.492 30.155 0.834 40 37 32
-20.491 30.174 0.816 36 35 40
-20.487 30.213 0.767 33 33 31
-20.489 30.195 0.790 32 33 37
-20.495 30.183 0.825 36 34 39
-20.504 30.223 0.832 34 34 36
-20.488 30.227 0.759 108 106 107
-20.493 30.205 0.797 37 39 38
-20.501 30.234 0.808 87 95 98
-20.500 30.237 0.802 119 129 131
-20.510 30.248 0.835 33 33 33
-20.502 30.208 0.835 34 34 34
-20.494 30.188 0.817 39 34 38
-20.494 30.234 0.778 80 85 89
-20.490 30.246 0.750 113 113 113
-20.505 30.236 0.824 46 44 49
-20.500 30.226 0.811 35 40 43
-20.500 30.220 0.814 30 34 37
-20.497 30.208 0.814 37 38 40
-20.504 30.239 0.819 29 30 34
-20.493 30.175 0.822 36 37 31
-20.502 30.250 0.800 68 82 83
-20.488 30.240 0.746 70 72 67
-20.503 30.240 0.813 23 27 30
-20.487 30.228 0.751 97 100 107
-20.497 30.180 0.834 34 35 37
-20.485 30.245 0.728 32 30 35
-20.500 30.231 0.806 72 80 82
-20.498 30.224 0.803 23 28 31
-20.487 30.223 0.757 92 91 89
-20.490 30.214 0.777 27 32 36
-20.495 30.227 0.788 47 54 60
-20.492 30.166 0.825 39 37 42
-20.487 30.225 0.754 112 112 112
-20.491 30.184 0.807 39 37 40
-20.497 30.226 0.797 42 47 50
-20.508 30.241 0.831 36 31 37
-20.494 30.242 0.773 49 53 54
-20.494 30.166 0.833 37 37 35
-20.501 30.219 0.821 38 39 41
-20.502 30.213 0.832 40 40 40
-20.501 30.210 0.829 32 34 33
-20.507 30.250 0.821 75 74 79
-20.492 30.210 0.788 37 37 37
-20.490 30.250 0.748 55 56 58
-20.515 30.255 0.821 136 142 128
-20.517 30.258 0.784 56 55 53
-20.505 30.254 0.774 86 79 86
-20.514 30.256 0.804 58 63 57
-20.511 30.255 0.805 59 64 57
-20.509 30.257 0.755 52 47 51
-20.495 30.252 0.748 50 53 58
-20.500 30.253 0.758 57 52 58
-20.523 30.261 0.772 82 83 78
-20.500 30.253 0.759 57 52 58
-20.512 30.257 0.771 88 82 84
-20.495 30.252 0.749 50 53 58
-20.498 30.254 0.740 46 49 54
-20.519 30.260 0.767 90 86 87
-20.512 30.257 0.780 73 69 70
-20.505 30.256 0.750 55 50 54
