-20.418 30.558 0.762 164 160 149
-20.462 30.535 0.781 140 154 129
-20.482 30.522 0.787 141 154 128
-20.478 30.531 0.795 140 154 129
-20.475 30.494 0.730 135 144 113
-20.397 30.557 0.733 158 155 150
-20.440 30.522 0.730 130 139 110
-20.474 30.557 0.835 154 160 146
-20.475 30.560 0.841 155 158 147
-20.454 30.522 0.748 135 149 123
-20.439 30.551 0.779 173 174 160
-20.430 30.557 0.775 170 171 155
-20.458 30.512 0.738 132 145 115
-20.468 30.512 0.751 136 150 124
-20.472 30.562 0.841 153 159 145
-20.471 30.558 0.831 146 155 138
-20.427 30.536 0.736 153 162 143
-20.413 30.545 0.734 152 152 140
-20.469 30.558 0.828 141 153 133
-20.486 30.540 0.821 144 159 140
-20.460 30.526 0.763 135 151 125
-20.418 30.549 0.746 159 157 145
-20.439 30.566 0.804 178 176 163
-20.456 30.565 0.824 178 185 167
-20.458 30.544 0.792 139 148 127
-20.432 30.557 0.779 169 170 156
-20.459 30.535 0.776 138 152 127
-20.451 30.553 0.797 170 177 159
-20.454 30.510 0.730 128 142 109
-20.423 30.560 0.773 170 169 151
-20.460 30.546 0.797 142 151 132
-20.468 30.502 0.734 138 149 119
-20.423 30.539 0.737 146 153 137
-20.476 30.513 0.764 138 152 127
-20.444 30.558 0.796 173 177 162
-20.466 30.524 0.767 136 155 127
-20.447 30.528 0.751 132 145 119
-20.455 30.562 0.818 177 181 164
-20.465 30.544 0.801 143 155 133
-20.460 30.543 0.792 141 153 131
-20.448 30.534 0.761 135 147 123
-20.416 30.564 0.770 170 168 153
-20.432 30.553 0.772 168 169 151
-20.456 30.558 0.813 166 173 157
-20.483 30.543 0.821 141 156 137
-20.430 30.555 0.773 168 169 151
-20.421 30.549 0.750 161 159 146
-20.474 30.548 0.818 145 160 137
-20.486 30.541 0.824 143 158 139
-20.470 30.555 0.825 141 154 134
-20.435 30.566 0.797 175 173 161
-20.442 30.538 0.760 142 152 128
-20.455 30.560 0.814 176 180 163
-20.469 30.531 0.784 139 155 129
-20.475 30.535 0.798 140 154 129
-20.468 30.544 0.805 143 155 133
-20.435 30.552 0.774 167 168 152
-20.431 30.537 0.745 151 160 141
-20.446 30.537 0.763 138 150 126
-20.443 30.537 0.760 142 152 128
-20.432 30.550 0.766 166 167 149
-20.455 30.517 0.742 134 149 120
-20.413 30.556 0.752 167 160 150
-20.414 30.544 0.733 152 152 140
-20.430 30.552 0.768 166 167 149
-20.484 30.533 0.806 141 156 133
-20.430 30.554 0.771 167 168 150
-20.427 30.543 0.750 158 161 144
-20.463 30.561 0.826 165 174 155
-20.457 30.526 0.761 135 149 124
-20.480 30.549 0.830 152 163 147
-20.401 30.564 0.750 167 158 151
-20.478 30.534 0.801 142 156 131
-20.442 30.519 0.728 123 140 106
-20.456 30.539 0.779 139 151 129
-20.407 30.560 0.751 168 159 150
-20.472 30.568 0.850 170 174 160
-20.441 30.531 0.746 133 142 121
-20.444 30.533 0.755 134 147 121
-20.485 30.560 0.853 163 164 156
-20.481 30.535 0.807 143 157 134
-20.437 30.539 0.754 156 161 139
-20.449 30.560 0.806 175 179 164
-20.456 30.519 0.746 135 150 121
-20.418 30.550 0.748 163 159 147
-20.458 30.520 0.752 135 149 123
-20.442 30.534 0.753 135 148 122
-20.454 30.511 0.730 128 142 109
-20.457 30.564 0.823 178 185 167
-20.473 30.561 0.839 152 158 144
-20.453 30.512 0.731 127 142 109
-20.557 30.298 0.727 38 33 29
-20.568 30.295 0.730 46 42 39
-20.597 30.303 0.733 52 48 47
-20.532 30.283 0.725 40 40 32
-20.561 30.301 0.727 39 34 28
-20.668 30.318 0.744 60 60 62
-20.552 30.283 0.729 41 40 38
-20.577 30.305 0.729 49 46 39
-20.552 30.301 0.725 41 34 26
-20.610 30.309 0.735 53 52 50
-20.606 30.293 0.737 60 55 59
-20.662 30.316 0.744 74 74 76
-20.578 30.289 0.733 42 42 40
-20.513 30.294 0.719 111 101 89
-20.643 30.311 0.741 95 90 94
-20.572 30.294 0.731 46 45 41
-20.505 30.288 0.718 113 105 92
-20.512 30.293 0.719 111 101 89
-20.553 30.281 0.729 43 42 40
-20.602 30.304 0.734 51 47 46
-20.516 30.294 0.719 107 97 85
-20.532 30.294 0.723 59 52 42
-20.593 30.311 0.731 54 51 46
-20.536 30.286 0.725 39 36 29
-20.546 30.306 0.723 68 58 48
-20.515 30.287 0.721 96 89 79
-20.527 30.290 0.722 61 57 46
-20.564 30.291 0.730 44 43 41
-20.530 30.302 0.720 94 82 70
-20.530 30.288 0.723 50 47 38
-20.544 30.298 0.724 50 43 33
-20.540 30.305 0.722 71 61 51
-20.618 30.307 0.737 67 63 64
-20.622 30.301 0.739 77 72 76
-20.593 30.309 0.731 54 51 46
-20.565 30.293 0.729 44 43 41
-20.601 30.337 0.734 40 39 37
-20.518 30.315 0.718 113 103 94
-20.503 30.357 0.718 56 61 65
-20.505 30.411 0.721 90 95 88
-20.563 30.377 0.729 50 48 51
-20.537 30.321 0.722 77 64 55
-20.601 30.319 0.733 50 49 45
-20.519 30.345 0.720 61 58 53
-20.621 30.328 0.737 43 45 44
-20.607 30.313 0.733 47 46 42
-20.628 30.335 0.738 34 43 42
-20.503 30.367 0.719 26 31 35
-20.538 30.351 0.724 46 43 38
-20.607 30.315 0.733 47 46 42
-20.551 30.324 0.724 65 57 44
-20.563 30.347 0.728 51 46 42
-20.553 30.367 0.727 43 43 41
-20.594 30.366 0.734 31 34 39
-20.584 30.360 0.732 31 31 31
-20.672 30.322 0.745 57 57 59
-20.542 30.352 0.724 44 41 36
-20.602 30.357 0.735 45 46 51
-20.501 30.358 0.718 56 61 65
-20.583 30.343 0.731 59 56 51
-20.582 30.341 0.731 64 61 54
-20.521 30.340 0.720 66 59 53
-20.564 30.350 0.728 45 42 37
-20.544 30.368 0.726 52 57 63
-20.524 30.325 0.720 83 73 71
-20.650 30.334 0.742 37 42 45
-20.548 30.325 0.724 68 60 47
-20.601 30.350 0.734 46 46 48
-20.510 30.343 0.718 42 42 40
-20.504 30.345 0.718 26 31 34
-20.601 30.331 0.733 45 46 41
-20.557 30.371 0.728 43 43 43
-20.520 30.311 0.718 114 101 93
-20.519 30.337 0.720 73 64 59
-20.604 30.320 0.733 46 47 42
-20.566 30.370 0.729 36 35 31
-20.516 30.308 0.717 131 118 109
-20.512 30.375 0.721 20 29 38
-20.584 30.363 0.732 30 31 33
-20.598 30.340 0.733 43 42 40
-20.667 30.319 0.744 66 66 68
-20.510 30.321 0.717 113 102 96
-20.541 30.337 0.723 65 56 49
-20.498 30.412 0.720 138 140 135
-20.534 30.354 0.723 53 52 48
-20.558 30.310 0.725 55 48 38
-20.571 30.374 0.731 38 42 41
-20.534 30.357 0.723 54 56 55
-20.592 30.335 0.732 49 50 45
-20.584 30.349 0.731 45 44 40
-20.528 30.367 0.723 16 28 44
-20.626 30.316 0.737 66 64 69
-20.615 30.335 0.736 37 41 40
-20.609 30.316 0.734 45 44 42
-20.635 30.322 0.739 60 61 63
-20.574 30.323 0.728 67 63 54
-20.637 30.325 0.739 56 57 61
-20.537 30.369 0.725 38 46 59
-20.573 30.363 0.730 31 33 32
-20.545 30.313 0.723 68 58 46
-20.625 30.315 0.737 62 61 59
-20.508 30.381 0.720 35 42 48
-20.564 30.339 0.727 70 63 55
-20.497 30.405 0.720 76 78 75
-20.530 30.369 0.723 16 28 44
-20.590 30.331 0.731 58 57 52
-20.521 30.377 0.722 44 55 61
-20.660 30.333 0.744 43 47 50
-20.504 30.392 0.720 34 40 40
-20.518 30.367 0.721 25 37 49
-20.543 30.319 0.723 70 60 48
-20.580 30.366 0.732 30 32 31
-20.515 30.341 0.719 62 61 57
-20.615 30.326 0.735 43 45 42
-20.569 30.373 0.730 35 39 38
-20.527 30.347 0.722 53 45 42
-20.604 30.358 0.735 45 46 51
-20.599 30.339 0.733 43 42 38
-20.546 30.382 0.727 147 165 185
-20.519 30.368 0.721 25 37 49
-20.582 30.363 0.732 30 31 33
-20.618 30.328 0.736 43 45 44
-20.618 30.327 0.736 43 45 44
-20.598 30.316 0.732 50 49 44
-20.596 30.339 0.733 48 47 43
-20.593 30.348 0.733 49 48 46
-20.594 30.318 0.731 53 52 47
-20.510 30.317 0.717 119 109 100
-20.512 30.307 0.717 142 129 120
-20.575 30.338 0.729 68 65 58
-20.560 30.345 0.727 58 53 49
-20.539 30.342 0.723 60 51 46
-20.584 30.319 0.730 58 58 50
-20.501 30.448 1.223 17 27 18
-20.502 30.436 1.232 34 37 30
-20.494 30.510 1.179 131 147 136
-20.500 30.457 1.213 133 145 133
-20.497 30.490 1.197 142 149 142
-20.502 30.437 1.222 135 151 140
-20.501 30.453 1.221 16 23 15
-20.494 30.512 1.183 133 144 138
-20.500 30.460 1.210 130 144 131
-20.499 30.464 1.215 12 19 11
-20.496 30.499 1.190 133 143 135
-20.496 30.493 1.189 133 145 135
-20.503 30.434 1.233 29 32 25
-20.497 30.483 1.196 134 146 136
-20.505 30.408 1.250 169 166 157
-20.498 30.433 1.053 119 133 120
-20.496 30.499 0.990 126 142 129
-20.495 30.486 0.955 121 137 127
-20.494 30.436 0.957 111 125 102
-20.502 30.419 1.175 130 146 136
-20.494 30.482 0.951 123 136 126
-20.497 30.420 1.042 118 131 114
-20.493 30.470 0.924 145 152 144
-20.499 30.425 1.084 119 133 118
-20.494 30.465 0.957 121 135 120
-20.496 30.451 1.012 120 134 121
-20.497 30.425 1.045 118 132 117
-20.496 30.461 0.992 123 135 123
-20.492 30.430 0.924 108 121 93
-20.493 30.534 0.907 181 178 169
-20.501 30.445 1.142 131 147 136
-20.493 30.510 0.914 182 186 185
-20.501 30.437 1.124 130 143 133
-20.497 30.437 1.043 120 133 123
-20.492 30.455 0.908 114 127 107
-20.499 30.458 1.075 124 140 130
-20.497 30.455 1.028 119 135 125
-20.499 30.435 1.076 119 133 120
-20.492 30.433 0.916 108 123 94
-20.498 30.479 1.054 126 143 133
-20.494 30.506 0.928 174 183 188
-20.499 30.473 1.082 126 144 130
-20.493 30.431 0.933 108 121 93
-20.498 30.482 1.045 126 141 134
-20.498 30.474 1.037 123 138 133
-20.492 30.461 0.895 119 130 114
-20.494 30.429 0.971 111 124 106
-20.492 30.486 0.902 187 190 199
-20.499 30.423 1.089 116 132 119
-20.499 30.474 1.070 125 143 131
-20.495 30.452 0.987 119 133 118
-20.495 30.436 0.993 116 127 110
-20.494 30.495 0.940 133 142 149
-20.500 30.442 1.118 130 143 133
-20.496 30.459 1.007 122 135 125
-20.497 30.466 1.016 125 138 128
-20.497 30.481 1.025 126 139 130
-20.494 30.456 0.954 116 130 113
-20.499 30.462 1.083 125 141 131
-20.492 30.448 0.909 112 126 100
-20.499 30.471 1.063 125 141 131
-20.495 30.477 0.957 121 138 122
-20.494 30.474 0.946 131 141 130
-20.497 30.464 1.020 123 136 126
-20.493 30.516 0.913 175 177 172
-20.494 30.443 0.962 115 128 110
-20.494 30.464 0.944 118 132 117
-20.492 30.449 0.899 113 127 101
-20.502 30.421 1.176 131 147 137
-20.493 30.437 0.946 110 124 99
-20.499 30.422 1.095 117 133 120
-20.498 30.432 1.070 118 132 119
-20.493 30.447 0.938 113 126 106
-20.494 30.433 0.950 110 124 99
-20.496 30.472 1.001 125 139 126
-20.494 30.491 0.938 135 142 148
-20.497 30.481 1.007 127 140 131
-20.500 30.430 1.120 125 141 130
-20.497 30.469 1.015 126 139 129
-20.492 30.422 0.903 110 119 90
-20.494 30.467 0.955 123 137 122
-20.493 30.533 0.909 178 178 168
-20.497 30.426 1.039 116 130 115
-20.492 30.459 0.898 119 130 114
-20.500 30.447 1.105 126 142 131
-20.500 30.446 1.094 123 139 128
-20.503 30.421 1.197 133 146 137
-20.496 30.501 0.979 125 142 126
-20.504 30.425 1.203 133 149 136
-20.498 30.477 1.038 125 140 135
-20.493 30.529 0.913 177 177 169
-20.494 30.526 0.929 138 153 146
-20.498 30.427 1.063 119 133 118
-20.495 30.510 0.949 138 153 150
-20.496 30.488 0.991 126 139 129
-20.497 30.477 1.019 126 139 129
-20.496 30.438 1.017 117 129 115
-20.493 30.506 0.916 195 198 203
-20.494 30.429 0.972 111 124 106
-20.497 30.454 1.015 120 133 123
-20.495 30.449 0.990 119 131 117
-20.493 30.513 0.909 174 176 171
-20.498 30.438 1.058 118 131 121
-20.493 30.468 0.930 149 157 146
-20.498 30.438 1.050 120 133 123
-20.493 30.486 0.928 131 136 140
-20.493 30.441 0.921 109 123 97
-20.493 30.431 0.928 108 123 94
-20.493 30.431 0.938 108 122 96
-20.494 30.438 0.953 112 126 103
-20.492 30.465 0.898 132 139 131
-20.497 30.429 1.031 116 131 112
-20.496 30.500 0.977 125 142 126
-20.496 30.423 1.014 114 129 106
-20.496 30.495 0.977 123 141 125
-20.494 30.505 0.943 139 153 154
-20.492 30.458 0.910 120 131 117
-20.494 30.512 0.933 122 136 136
-20.496 30.422 1.026 117 130 110
-20.498 30.430 1.073 118 132 117
-20.495 30.423 0.982 111 123 103
-20.494 30.520 0.936 118 134 133
-20.493 30.434 0.931 108 122 96
-20.498 30.445 1.054 119 135 125
-20.494 30.510 0.926 176 186 188
-20.493 30.428 0.935 108 121 93
-20.499 30.472 1.065 125 141 131
-20.502 30.423 1.165 129 145 135
-20.495 30.474 0.970 118 139 122
-20.493 30.521 0.907 178 181 172
-20.499 30.421 1.094 115 131 118
-20.492 30.460 0.910 120 131 117
-20.496 30.468 1.010 125 138 128
-20.494 30.524 0.920 194 199 193
-20.492 30.440 0.919 109 123 97
-20.497 30.477 1.025 126 139 129
-20.493 30.427 0.936 107 120 92
-20.495 30.475 0.967 118 139 122
-20.494 30.438 0.963 112 125 105
-20.497 30.480 1.009 127 140 131
-20.498 30.428 1.067 118 132 117
-20.500 30.436 1.098 122 138 125
-20.497 30.474 1.029 126 139 129
-20.494 30.500 0.927 174 181 189
-20.496 30.453 1.013 120 133 123
-20.491 30.424 0.896 109 118 91
-20.500 30.441 1.100 124 140 127
-20.497 30.423 1.049 118 131 114
-20.503 30.424 1.199 132 148 135
-20.493 30.433 0.944 109 123 98
-20.497 30.487 1.004 127 140 131
-20.501 30.453 1.119 131 145 132
-20.493 30.473 0.929 142 147 143
-20.493 30.427 0.932 107 120 92
-20.498 30.420 1.058 117 128 114
-20.501 30.432 1.144 130 146 135
-20.498 30.441 1.060 119 132 122
-20.497 30.433 1.039 118 132 119
-20.492 30.428 0.922 106 119 91
-20.496 30.483 0.981 123 140 124
-20.493 30.445 0.925 111 125 102
-20.494 30.508 0.932 117 131 134
-20.493 30.528 0.905 183 180 171
-20.500 30.444 1.110 127 143 132
-20.493 30.501 0.916 202 205 212
-20.492 30.456 0.903 115 128 110
-20.499 30.428 1.076 118 132 117
-20.499 30.474 1.083 126 144 130
-20.493 30.503 0.898 183 184 186
-20.498 30.456 1.054 121 136 129
-20.496 30.465 0.992 123 137 124
-20.497 30.434 1.031 118 132 115
-20.499 30.434 1.075 119 133 120
-20.492 30.434 0.901 108 123 92
-20.493 30.447 0.934 113 126 106
-20.493 30.423 0.930 104 119 88
-20.492 30.427 0.915 108 121 93
-20.494 30.477 0.952 123 135 123
-20.502 30.425 1.175 131 147 136
-20.501 30.420 1.140 128 144 133
-20.493 30.457 0.931 116 129 112
-20.496 30.477 1.006 127 140 131
-20.502 30.419 1.172 129 145 135
-20.497 30.440 1.035 118 132 119
-20.493 30.427 0.940 107 120 92
-20.493 30.420 0.936 104 117 89
-20.500 30.425 1.111 121 137 126
-20.493 30.520 0.904 179 181 170
-20.493 30.431 0.926 108 123 94
-20.497 30.433 1.047 119 133 120
-20.497 30.423 1.031 117 130 112
-20.496 30.482 1.000 126 139 130
-20.494 30.511 0.937 116 130 133
-20.499 30.424 1.083 115 132 116
-20.497 30.489 1.016 125 140 133
-20.497 30.455 1.036 120 135 128
-20.496 30.482 0.986 122 139 123
-20.495 30.462 0.971 121 135 122
-20.493 30.466 0.915 131 138 130
-20.497 30.419 1.030 117 130 112
-20.497 30.439 1.023 117 131 116
-20.493 30.443 0.939 112 125 105
-20.494 30.446 0.964 115 130 111
-20.496 30.479 1.004 127 140 131
-20.495 30.445 0.977 117 130 113
-20.493 30.505 0.920 202 207 213
-20.498 30.426 1.062 119 133 118
-20.495 30.503 0.967 125 141 130
-20.498 30.481 1.036 126 139 130
-20.495 30.452 0.985 118 132 117
-20.493 30.474 0.915 130 131 133
-20.500 30.441 1.099 124 140 127
-20.492 30.480 0.899 133 136 143
-20.498 30.433 1.071 118 132 119
-20.498 30.442 1.069 120 133 123
-20.494 30.517 0.939 128 144 143
-20.502 30.427 1.150 129 145 134
-20.496 30.441 1.018 117 131 116
-20.499 30.450 1.073 121 137 127
-20.494 30.481 0.948 134 146 136
-20.500 30.420 1.119 123 139 128
-20.493 30.521 0.912 173 176 169
-20.493 30.516 0.910 174 177 170
-20.502 30.429 1.154 129 145 134
-20.499 30.424 1.084 115 133 119
-20.495 30.440 0.977 116 129 112
-20.494 30.525 1.220 20 20 22
-20.497 30.486 1.214 28 30 27
-20.489 30.566 1.185 148 152 135
-20.489 30.564 1.165 148 155 137
-20.490 30.566 1.228 145 150 130
-20.493 30.528 1.203 34 33 38
-20.490 30.553 1.161 146 154 139
-20.497 30.484 1.213 28 30 27
-20.492 30.543 1.202 165 164 169
-20.493 30.531 1.188 69 68 74
-20.493 30.529 1.184 71 70 76
-20.494 30.518 1.218 24 23 21
-20.492 30.542 1.203 165 164 169
-20.494 30.512 1.192 17 23 21
-20.496 30.499 1.209 22 22 22
-20.492 30.537 1.203 168 167 173
-20.493 30.530 1.218 58 57 62
-20.498 30.484 1.220 21 22 17
-20.503 30.434 1.257 159 165 153
-20.492 30.535 1.175 145 151 151
-20.499 30.471 1.214 19 26 18
-20.493 30.525 1.176 133 145 135
-20.500 30.459 1.225 16 18 13
-20.498 30.480 1.223 23 22 18
-20.504 30.421 1.266 143 154 137
-20.497 30.490 1.210 19 21 18
-20.503 30.431 1.251 158 160 155
-20.494 30.518 1.187 14 20 18
-20.493 30.536 1.218 157 156 161
-20.500 30.461 1.232 26 25 21
-20.501 30.449 1.243 166 164 165
-20.499 30.475 1.248 155 154 152
-20.490 30.555 1.178 147 152 145
-20.500 30.463 1.227 22 23 18
-20.495 30.509 1.188 17 26 21
-20.497 30.488 1.205 27 32 28
-20.505 30.413 1.267 144 157 137
-20.496 30.501 1.205 15 17 16
-20.505 30.413 1.256 164 166 155
-20.492 30.540 1.198 167 166 172
-20.495 30.507 1.218 25 25 23
-20.498 30.482 1.220 19 20 15
-20.496 30.504 1.234 60 59 54
-20.499 30.465 1.220 15 17 12
-20.498 30.483 1.234 39 39 31
-20.490 30.554 1.170 151 157 147
-20.498 30.479 1.233 35 34 29
-20.498 30.476 1.212 27 32 26
-20.494 30.510 1.188 17 26 21
-20.504 30.425 1.266 144 155 139
-20.490 30.557 1.199 153 156 145
-20.503 30.430 1.247 155 155 153
-20.504 30.422 1.270 143 156 138
-20.493 30.530 1.215 57 56 61
-20.494 30.525 1.220 20 20 22
-20.490 30.558 1.176 152 158 148
-20.496 30.500 1.223 22 22 20
-20.500 30.455 1.229 22 21 16
-20.490 30.557 1.168 149 155 141
-20.501 30.455 1.253 160 161 153
-20.491 30.546 1.200 150 152 151
-20.492 30.537 1.197 162 161 167
-20.504 30.423 1.279 143 159 133
-20.505 30.413 1.251 159 159 151
-20.491 30.541 1.164 132 142 134
-20.490 30.565 1.214 149 154 134
-20.496 30.502 1.223 23 23 21
-20.485 30.491 0.802 208 207 215
-20.491 30.507 0.873 208 209 203
-20.490 30.513 0.858 208 205 200
-20.482 30.479 0.763 185 186 191
-20.487 30.469 0.837 196 200 203
-20.487 30.457 0.839 197 198 202
-20.490 30.514 0.862 207 204 197
-20.487 30.526 0.823 202 193 196
-20.491 30.463 0.887 125 134 129
-20.484 30.481 0.791 195 196 200
-20.489 30.487 0.858 200 201 205
-20.489 30.454 0.862 150 155 158
-20.492 30.488 0.889 187 187 195
-20.491 30.431 0.889 109 119 92
-20.487 30.485 0.831 202 203 205
-20.490 30.427 0.876 107 114 96
-20.487 30.533 0.820 148 137 143
-20.489 30.447 0.865 125 131 129
-20.490 30.541 0.860 156 145 143
-20.483 30.509 0.777 203 198 205
-20.489 30.550 0.843 208 187 192
-20.491 30.492 0.880 205 205 213
-20.488 30.462 0.846 204 207 212
-20.490 30.454 0.867 108 114 114
-20.489 30.454 0.854 223 226 231
-20.483 30.478 0.781 187 191 190
-20.484 30.478 0.789 197 198 202
-20.490 30.512 0.866 205 205 197
-20.489 30.460 0.855 219 222 227
-20.486 30.506 0.806 211 206 213
-20.485 30.459 0.805 197 198 200
-20.489 30.490 0.854 201 202 204
-20.483 30.473 0.775 210 207 216
-20.484 30.479 0.788 197 198 202
-20.484 30.505 0.791 214 210 211
-20.491 30.432 0.887 109 119 92
-20.481 30.484 0.753 177 177 189
-20.489 30.442 0.857 185 189 190
-20.490 30.493 0.871 212 213 218
-20.492 30.500 0.896 195 195 203
-20.491 30.495 0.878 206 207 212
-20.493 30.534 0.893 187 185 173
-20.490 30.488 0.863 205 206 211
-20.492 30.543 0.882 162 155 147
-20.486 30.471 0.814 207 208 210
-20.485 30.475 0.801 200 201 203
-20.487 30.491 0.823 207 206 212
-20.485 30.514 0.792 197 188 191
-20.487 30.537 0.823 138 123 128
-20.490 30.431 0.883 111 121 97
-20.489 30.546 0.843 195 176 180
-20.490 30.475 0.866 193 196 205
-20.482 30.495 0.763 207 208 210
-20.488 30.509 0.843 207 203 202
-20.490 30.500 0.866 208 208 206
-20.491 30.499 0.884 197 198 203
-20.485 30.502 0.798 208 205 212
-20.492 30.472 0.891 141 149 151
-20.490 30.539 0.862 175 164 162
-20.486 30.494 0.821 207 206 212
-20.484 30.509 0.789 216 210 212
-20.486 30.510 0.807 199 194 200
-20.487 30.536 0.821 136 124 128
-20.485 30.489 0.806 202 201 207
-20.493 30.527 0.897 180 180 170
-20.484 30.468 0.798 202 206 207
-20.484 30.514 0.780 189 182 190
-20.488 30.508 0.838 208 204 205
-20.491 30.481 0.877 153 156 165
-20.487 30.463 0.831 196 197 201
-20.480 30.492 0.738 202 193 194
-20.489 30.504 0.846 205 204 202
-20.486 30.495 0.808 207 204 213
-20.491 30.522 0.875 198 198 188
-20.481 30.488 0.751 178 176 187
-20.482 30.484 0.762 189 190 195
-20.481 30.494 0.744 205 202 197
-20.489 30.495 0.847 203 203 203
-20.490 30.479 0.871 180 183 192
-20.490 30.469 0.875 129 134 138
-20.492 30.493 0.891 206 206 214
-20.491 30.429 0.885 109 117 93
-20.487 30.511 0.822 208 203 210
-20.489 30.458 0.854 222 225 230
-20.485 30.509 0.805 204 199 205
-20.491 30.547 0.871 123 113 111
-20.492 30.493 0.895 207 210 219
-20.486 30.461 0.816 204 204 206
-20.485 30.467 0.802 202 206 207
-20.484 30.465 0.790 206 204 209
-20.488 30.511 0.837 208 204 205
-20.486 30.503 0.812 209 206 215
-20.485 30.461 0.813 204 204 206
-20.482 30.485 0.766 195 199 200
-20.488 30.442 0.852 227 231 234
-20.489 30.452 0.863 124 130 130
-20.487 30.492 0.822 207 206 212
-20.485 30.465 0.805 202 206 207
-20.483 30.485 0.771 194 198 197
-20.491 30.538 0.874 195 188 182
-20.481 30.498 0.748 209 206 199
-20.492 30.536 0.884 186 182 171
-20.481 30.484 0.745 169 167 180
-20.487 30.530 0.825 150 139 143
-20.483 30.485 0.772 194 198 197
-20.488 30.442 0.843 229 228 234
-20.489 30.448 0.855 225 229 232
-20.488 30.452 0.851 226 229 234
-20.491 30.545 0.872 142 133 128
-20.483 30.487 0.775 193 197 196
-20.490 30.443 0.870 103 110 103
-20.491 30.445 0.886 113 125 103
-20.489 30.527 0.844 205 199 199
-20.484 30.478 0.794 201 200 205
-20.484 30.498 0.790 212 210 211
-20.490 30.514 0.858 208 205 200
-20.486 30.473 0.824 197 198 200
-20.488 30.467 0.843 198 202 205
-20.487 30.498 0.831 203 201 206
-20.491 30.445 0.894 111 126 97
-20.486 30.509 0.816 207 201 211
-20.492 30.479 0.892 119 120 125
-20.483 30.467 0.786 206 203 210
-20.490 30.512 0.866 206 206 196
-20.487 30.490 0.832 201 200 205
-20.488 30.547 0.836 197 178 182
-20.498 30.481 1.189 125 139 124
-20.488 30.568 1.142 165 168 151
-20.499 30.473 1.176 133 146 136
-20.497 30.489 1.176 133 146 136
-20.498 30.480 1.194 138 152 139
-20.495 30.512 1.144 129 146 130
-20.497 30.489 1.182 127 141 128
-20.504 30.423 1.221 136 152 141
-20.495 30.513 1.136 130 147 131
-20.491 30.545 1.156 132 144 130
-20.498 30.480 1.192 129 143 130
-20.497 30.491 1.171 133 147 134
-20.492 30.539 1.124 132 144 130
-20.500 30.465 1.176 133 147 134
-20.489 30.566 1.109 152 158 144
-20.490 30.559 1.105 142 148 136
-20.499 30.468 1.190 131 147 134
-20.500 30.463 1.185 132 145 135
-20.501 30.453 1.201 132 148 135
-20.500 30.464 1.187 132 146 133
-20.493 30.532 1.131 132 144 132
-20.495 30.508 1.158 131 147 134
-20.490 30.553 1.133 134 145 128
-20.499 30.470 1.195 131 147 134
-20.503 30.430 1.221 144 162 148
-20.489 30.560 1.141 134 141 123
-20.495 30.513 1.138 130 147 131
-20.492 30.541 1.133 132 144 130
-20.490 30.555 1.122 137 146 129
-20.492 30.539 1.155 131 145 132
-20.491 30.548 1.147 131 144 127
-20.501 30.453 1.204 132 148 135
-20.493 30.524 1.163 125 141 128
-20.491 30.556 1.108 133 141 126
-20.498 30.483 1.176 133 146 136
-20.490 30.566 1.102 161 167 157
-20.489 30.563 1.147 143 151 130
-20.495 30.512 1.137 130 147 131
-20.491 30.555 1.099 135 146 132
-20.493 30.529 1.160 125 141 128
-20.658 30.361 0.785 62 76 79
-20.764 30.334 0.762 107 113 109
-20.733 30.341 0.768 118 127 122
-20.759 30.332 0.760 102 111 106
-20.680 30.355 0.779 69 83 84
-20.608 30.371 0.792 57 80 96
-20.644 30.357 0.780 68 79 83
-20.593 30.376 0.796 81 102 121
-20.745 30.330 0.758 91 100 97
-20.672 30.337 0.762 60 69 68
-20.695 30.326 0.752 48 54 52
-20.663 30.353 0.777 68 79 81
-20.715 30.338 0.765 105 116 112
-20.664 30.356 0.780 62 73 75
-20.629 30.366 0.788 79 99 106
-20.615 30.373 0.794 61 84 100
-20.665 30.349 0.773 66 77 79
-20.671 30.342 0.767 60 70 71
-20.663 30.346 0.770 58 68 70
-20.669 30.360 0.784 67 78 80
-20.709 30.346 0.772 59 69 68
-20.700 30.350 0.775 80 90 89
-20.669 30.340 0.765 62 72 73
-20.640 30.354 0.777 88 98 100
-20.659 30.362 0.786 74 87 93
-20.667 30.337 0.762 54 62 64
-20.653 30.361 0.784 62 75 81
-20.725 30.340 0.767 103 114 110
-20.734 30.331 0.758 77 83 79
-20.640 30.355 0.778 73 82 87
-20.747 30.333 0.760 109 118 115
-20.709 30.331 0.758 43 52 49
-20.636 30.367 0.789 91 109 121
-20.701 30.336 0.762 61 71 70
-20.744 30.329 0.756 65 71 69
-20.717 30.342 0.768 77 88 84
-20.747 30.334 0.762 109 118 115
-20.638 30.364 0.787 70 85 92
-20.664 30.335 0.760 54 62 64
-20.655 30.342 0.766 57 67 69
-20.636 30.362 0.785 62 75 81
-20.705 30.328 0.755 52 58 56
-20.747 30.337 0.765 132 141 138
-20.612 30.365 0.786 83 102 116
-20.700 30.328 0.754 53 59 57
-20.690 30.341 0.766 59 69 68
-20.726 30.345 0.771 80 91 87
-20.678 30.357 0.781 64 75 77
-20.616 30.367 0.788 71 91 102
-20.735 30.368 0.792 70 80 72
-20.705 30.358 0.783 91 101 100
-20.687 30.373 0.796 75 88 96
-20.733 30.350 0.776 78 89 83
-20.719 30.364 0.788 67 78 74
-20.708 30.368 0.792 75 87 87
-20.753 30.357 0.783 60 71 65
-20.740 30.349 0.775 78 89 83
-20.764 30.343 0.770 98 104 100
-20.645 30.369 0.792 87 107 118
-20.626 30.373 0.795 53 76 90
-20.741 30.346 0.773 76 87 81
-20.756 30.343 0.770 101 110 107
-20.656 30.370 0.793 94 112 122
-20.756 30.361 0.787 62 73 65
-20.654 30.374 0.797 73 93 104
-20.726 30.346 0.773 73 84 80
-20.762 30.347 0.774 84 93 88
-20.723 30.345 0.772 77 88 84
-20.691 30.356 0.781 84 96 96
-20.631 30.377 0.798 66 89 107
-20.721 30.353 0.778 89 98 95
-20.725 30.350 0.776 78 89 85
-20.754 30.365 0.790 71 82 74
-20.759 30.351 0.778 73 84 78
-20.758 30.346 0.773 84 93 90
-20.731 30.359 0.785 72 83 79
-20.713 30.359 0.784 86 96 95
-20.676 30.374 0.797 78 92 101
-20.712 30.354 0.780 99 109 108
-20.751 30.358 0.784 61 72 66
-20.743 30.353 0.779 81 90 85
-20.699 30.360 0.784 86 98 98
-20.655 30.372 0.795 83 103 114
-20.735 30.366 0.791 65 75 67
-20.601 30.368 0.775 75 94 111
-20.611 30.361 0.756 64 77 96
-20.485 30.426 0.748 122 130 106
-20.504 30.417 0.759 103 112 95
-20.502 30.417 0.752 102 111 94
-20.577 30.378 0.753 81 97 112
-20.482 30.426 0.733 135 140 118
-20.661 30.334 0.751 61 66 69
-20.610 30.361 0.748 36 44 57
-20.644 30.342 0.743 34 42 45
-20.604 30.365 0.768 87 101 127
-20.611 30.361 0.759 71 86 107
-20.487 30.425 0.747 120 128 104
-20.658 30.336 0.756 66 74 76
-20.461 30.437 0.728 115 123 100
-20.585 30.378 0.791 66 88 102
-20.587 30.374 0.764 65 78 95
-20.623 30.355 0.758 64 74 86
-20.629 30.351 0.757 63 71 82
-20.682 30.323 0.749 44 48 49
-20.494 30.420 0.739 76 86 62
-20.489 30.424 0.747 111 119 96
-20.587 30.374 0.769 54 70 86
-20.662 30.333 0.745 42 47 51
-20.620 30.356 0.758 66 79 95
-20.493 30.421 0.738 76 86 62
-20.606 30.364 0.764 84 100 125
-20.640 30.345 0.743 34 42 45
-20.487 30.423 0.720 107 108 100
-20.572 30.379 0.735 43 43 43
-20.581 30.375 0.733 31 35 38
-20.624 30.354 0.751 44 52 63
-20.643 30.343 0.742 33 41 44
-20.458 30.439 0.732 114 123 96
-20.491 30.422 0.740 106 116 92
-20.503 30.418 0.760 109 118 101
-20.627 30.353 0.758 70 80 92
-20.475 30.430 0.736 57 62 39
-20.646 30.341 0.743 34 42 45
-20.645 30.342 0.750 53 63 65
-20.649 30.341 0.756 55 65 66
-20.592 30.370 0.746 31 39 50
-20.605 30.363 0.745 33 41 52
-20.606 30.362 0.743 36 43 53
-20.611 30.363 0.780 85 101 117
-20.667 30.331 0.748 52 55 60
-20.600 30.367 0.765 90 102 128
-20.628 30.352 0.754 55 65 75
-20.595 30.372 0.791 56 79 93
-20.596 30.367 0.736 36 43 49
-20.487 30.424 0.736 96 104 83
-20.464 30.435 0.725 110 118 97
-20.642 30.343 0.742 33 41 44
-20.491 30.422 0.739 106 116 92
-20.677 30.326 0.747 41 44 49
-20.626 30.353 0.753 55 65 75
-20.620 30.358 0.777 80 94 107
-20.648 30.342 0.765 60 70 72
-20.646 30.343 0.765 63 72 77
-20.591 30.370 0.735 29 36 44
-20.493 30.422 0.745 113 121 100
-20.592 30.371 0.754 48 59 79
-20.596 30.367 0.743 33 42 51
-20.608 30.362 0.754 52 63 81
-20.495 30.420 0.742 93 101 80
-20.599 30.365 0.738 42 47 53
-20.620 30.357 0.762 79 92 108
-20.461 30.467 0.727 145 139 139
-20.494 30.469 0.744 204 195 198
-20.471 30.439 0.741 211 192 159
-20.498 30.446 0.753 200 188 164
-20.477 30.437 0.745 200 181 139
-20.497 30.468 0.746 214 205 206
-20.475 30.471 0.733 142 136 148
-20.501 30.437 0.757 196 191 172
-20.458 30.458 0.728 211 202 195
-20.466 30.476 0.726 138 133 137
-20.488 30.457 0.744 225 215 203
-20.463 30.461 0.730 199 189 187
-20.477 30.474 0.733 141 135 149
-20.457 30.445 0.732 221 204 178
-20.484 30.433 0.750 199 184 155
-20.487 30.464 0.741 210 202 200
-20.480 30.435 0.747 202 185 155
-20.486 30.474 0.738 150 143 159
-20.500 30.421 0.761 160 162 149
-20.463 30.440 0.736 212 192 155
-20.471 30.471 0.731 140 133 141
-20.476 30.446 0.741 205 188 158
-20.491 30.434 0.753 203 191 165
-20.463 30.442 0.735 215 195 160
-20.479 30.455 0.740 236 223 207
-20.487 30.443 0.748 197 182 153
-20.464 30.437 0.737 211 192 152
-20.464 30.497 0.728 131 140 113
-20.455 30.506 0.727 131 147 111
-20.457 30.499 0.726 129 142 112
-20.460 30.496 0.726 132 140 116
-20.464 30.490 0.726 181 177 165
-20.468 30.499 0.729 138 144 116
-20.590 30.286 0.761 80 76 77
-20.588 30.286 0.740 49 44 48
-20.663 30.313 0.747 56 57 59
-20.633 30.302 0.747 78 76 81
-20.577 30.282 0.756 92 87 91
-20.614 30.295 0.749 88 83 87
-20.655 30.310 0.745 80 75 79
-20.586 30.285 0.746 80 75 79
-20.574 30.281 0.752 82 78 79
-20.618 30.297 0.752 78 76 79
-20.611 30.294 0.743 84 79 85
-20.611 30.294 0.743 84 79 85
-20.613 30.295 0.745 86 81 87
-20.591 30.287 0.760 76 74 75
-20.610 30.294 0.753 80 75 79
-20.638 30.304 0.751 67 65 68
-20.607 30.293 0.751 90 85 89
-20.566 30.278 0.741 48 43 50
-20.559 30.276 0.739 47 45 50
-20.556 30.275 0.742 49 42 49
-20.606 30.293 0.744 81 76 82
-20.564 30.277 0.764 83 78 82
-20.652 30.309 0.752 54 54 56
-20.590 30.286 0.755 93 89 90
-20.546 30.270 0.764 91 86 90
-20.565 30.278 0.748 65 55 63
-20.581 30.283 0.752 92 88 89
-20.582 30.283 0.756 91 86 90
-20.603 30.270 0.760 68 66 67
-20.609 30.286 0.759 81 77 76
-20.578 30.270 0.763 78 74 73
-20.610 30.271 0.759 69 67 68
-20.615 30.294 0.757 70 69 67
-20.622 30.295 0.756 68 67 65
-20.636 30.262 0.757 57 57 57
-20.618 30.278 0.758 66 64 65
-20.671 30.309 0.750 59 59 57
-20.617 30.263 0.759 71 71 71
-20.622 30.271 0.758 69 67 70
-20.606 30.273 0.760 68 66 67
-20.618 30.283 0.758 73 71 72
-20.649 30.287 0.754 64 62 63
-20.590 30.267 0.762 72 70 71
-20.610 30.276 0.759 67 65 66
-20.642 30.301 0.754 61 60 58
-20.570 30.270 0.764 79 75 74
-20.671 30.310 0.750 59 59 57
-20.637 30.298 0.754 68 67 65
-20.632 30.298 0.755 66 65 63
-20.607 30.270 0.760 70 68 69
-20.614 30.270 0.759 71 71 71
-20.611 30.269 0.759 72 72 72
-20.670 30.306 0.750 63 63 61
-20.623 30.296 0.756 68 67 65
-20.640 30.269 0.756 68 68 68
-20.488 30.453 0.810 210 208 209
-20.492 30.428 0.869 104 110 96
-20.487 30.470 0.766 209 208 214
-20.500 30.442 0.812 208 205 214
-20.481 30.487 0.734 171 166 172
-20.486 30.479 0.747 181 179 193
-20.502 30.415 0.879 103 111 87
-20.489 30.444 0.831 225 224 232
-20.500 30.465 0.752 223 213 214
-20.489 30.475 0.749 201 197 211
-20.497 30.430 0.850 200 202 199
-20.483 30.477 0.756 195 195 203
-20.493 30.431 0.857 167 169 164
-20.489 30.441 0.840 229 229 237
-20.498 30.435 0.836 186 187 189
-20.489 30.448 0.822 219 216 223
-20.497 30.440 0.824 217 216 224
-20.496 30.460 0.772 213 206 214
-20.502 30.430 0.840 161 163 162
-20.497 30.417 0.886 103 111 87
-20.499 30.426 0.856 116 119 108
-20.494 30.433 0.848 222 224 223
-20.497 30.438 0.829 204 205 207
-20.493 30.472 0.748 207 199 210
-20.491 30.472 0.754 213 210 219
-20.499 30.440 0.821 204 203 209
-20.493 30.475 0.741 177 173 187
-20.500 30.455 0.778 212 207 214
-20.492 30.476 0.741 172 169 186
-20.494 30.464 0.769 218 211 219
-20.497 30.454 0.788 220 215 221
-20.501 30.430 0.841 161 163 162
-20.486 30.480 0.743 174 171 188
