-20.902 29.536 0.841 78 106 145
-20.900 29.544 0.844 95 119 157
-20.898 29.499 0.839 143 165 204
-20.895 29.557 0.851 67 75 111
-20.881 29.556 0.867 84 107 141
-20.898 29.550 0.847 80 98 134
-20.896 29.553 0.850 70 84 119
-20.886 29.557 0.862 90 97 126
-20.897 29.539 0.847 87 113 150
-20.899 29.550 0.846 80 98 134
-20.890 29.559 0.858 97 111 150
-20.903 29.502 0.834 167 186 226
-20.903 29.489 0.831 127 142 175
-20.881 29.562 0.868 122 137 170
-20.902 29.724 0.809 123 120 139
-20.899 29.733 0.790 225 226 220
-20.905 29.744 0.788 227 220 214
-20.896 29.720 0.800 229 231 244
-20.901 29.719 0.812 115 115 141
-20.890 29.705 0.808 179 180 210
-20.899 29.725 0.800 233 232 238
-20.894 29.718 0.798 229 233 245
-20.895 29.715 0.804 173 174 195
-20.892 29.704 0.813 165 179 218
-20.904 29.750 0.778 229 219 217
-20.653 29.500 0.705 182 171 165
-20.696 29.503 0.702 177 172 168
-20.591 29.486 0.722 192 183 176
-20.605 29.492 0.715 193 183 174
-20.671 29.484 0.729 81 79 92
-20.621 29.488 0.722 186 177 172
-20.713 29.497 0.712 79 77 88
-20.664 29.496 0.712 191 186 180
-20.685 29.495 0.713 112 108 105
-20.680 29.481 0.734 194 195 213
-20.677 29.499 0.708 184 179 175
-20.722 29.510 0.694 131 126 122
-20.659 29.477 0.738 116 115 129
-20.627 29.489 0.719 188 179 174
-20.663 29.487 0.724 102 101 99
-20.650 29.487 0.724 119 118 114
-20.662 29.480 0.734 82 80 91
-20.637 29.485 0.726 168 163 159
-20.688 29.502 0.703 171 166 162
-20.676 29.488 0.723 82 80 83
-20.559 29.492 0.713 191 182 177
-20.658 29.483 0.730 82 80 81
-20.601 29.490 0.717 193 182 176
-20.626 29.497 0.708 193 182 176
-20.571 29.489 0.717 219 210 203
-20.641 29.484 0.728 126 123 118
-20.684 29.497 0.710 130 127 122
-20.649 29.481 0.732 84 82 83
-20.733 29.509 0.696 95 91 90
-20.585 29.488 0.720 192 181 175
-20.650 29.494 0.713 187 180 174
-20.714 29.501 0.707 84 82 85
-20.615 29.483 0.728 191 184 178
-20.700 29.491 0.720 86 84 98
-20.680 29.484 0.729 94 93 109
-20.625 29.498 0.707 193 182 176
-20.575 29.490 0.716 210 201 194
-20.665 29.485 0.727 84 83 81
-20.658 29.480 0.734 77 76 82
-20.617 29.491 0.716 181 170 166
-20.605 29.491 0.716 193 183 174
-20.664 29.500 0.705 188 180 177
-20.694 29.502 0.704 144 139 135
-20.624 29.484 0.727 194 187 181
-20.640 29.493 0.715 189 182 176
-20.646 29.502 0.701 191 181 172
-20.636 29.495 0.711 179 168 164
-20.681 29.484 0.730 94 93 109
-20.680 29.483 0.730 94 93 109
-20.605 29.496 0.709 193 183 174
-20.680 29.492 0.717 95 93 94
-20.664 29.486 0.726 84 83 81
-20.717 29.501 0.707 80 78 83
-20.713 29.508 0.697 136 131 127
-20.687 29.486 0.727 84 85 103
-20.684 29.484 0.730 102 104 119
-20.821 29.899 0.857 239 242 235
-20.868 29.861 0.833 23 28 31
-20.854 29.872 0.826 24 30 30
-20.861 29.867 0.821 16 20 23
-20.825 29.896 0.879 209 209 207
-20.845 29.879 0.823 32 38 38
-20.853 29.872 0.809 19 23 22
-20.807 29.908 0.762 133 143 153
-20.842 29.881 0.839 29 37 39
-20.850 29.876 0.835 31 37 37
-20.843 29.881 0.816 22 27 30
-20.814 29.903 0.779 85 92 98
-20.810 29.906 0.789 109 109 111
-20.822 29.898 0.870 248 250 249
-20.839 29.884 0.825 27 32 36
-20.876 29.855 0.821 36 41 45
-20.812 29.905 0.792 76 76 84
-20.840 29.883 0.861 45 50 53
-20.816 29.902 0.815 92 102 137
-20.857 29.869 0.799 19 21 20
-20.835 29.887 0.861 55 59 60
-20.835 29.887 0.819 18 22 34
-20.869 29.860 0.824 28 31 40
-20.837 29.885 0.811 24 27 36
-20.826 29.894 0.820 23 32 65
-20.818 29.900 0.794 36 36 44
-20.824 29.895 0.794 25 24 32
-20.852 29.874 0.838 33 38 41
-20.820 29.898 0.783 39 42 49
-20.861 29.866 0.811 21 25 28
-20.815 29.902 0.775 71 78 86
-20.825 29.894 0.749 37 40 49
-20.807 29.908 0.723 147 124 108
-20.863 29.865 0.836 25 30 34
-20.824 29.897 0.881 209 209 207
-20.834 29.887 0.783 22 23 28
-20.872 29.858 0.820 31 34 43
-20.819 29.899 0.765 45 51 63
-20.833 29.889 0.848 56 64 66
-20.819 29.899 0.787 40 41 46
-20.827 29.894 0.870 151 155 156
-20.821 29.899 0.860 252 254 249
-20.844 29.880 0.838 28 37 36
-20.821 29.898 0.820 43 56 91
-20.814 29.902 0.754 95 96 101
-20.846 29.878 0.813 23 27 28
-20.845 29.879 0.796 23 25 24
-20.818 29.900 0.807 94 99 119
-20.821 29.898 0.821 43 56 91
-20.832 29.888 0.780 25 26 31
-20.820 29.898 0.785 39 42 49
-20.853 29.873 0.847 38 42 45
-20.851 29.875 0.861 46 43 38
-20.811 29.904 0.748 99 98 103
-20.833 29.889 0.874 71 72 67
-20.817 29.901 0.793 39 39 47
-20.829 29.891 0.813 25 26 47
-20.805 29.909 0.728 156 137 122
-20.821 29.898 0.780 37 42 48
-20.810 29.906 0.731 130 113 105
-20.874 29.856 0.815 23 30 36
-20.817 29.901 0.794 39 39 47
-20.829 29.891 0.768 32 36 47
-20.847 29.878 0.832 30 36 36
-20.823 29.896 0.814 19 24 54
-20.824 29.894 0.747 38 36 41
-20.874 29.856 0.825 35 41 41
-20.855 29.871 0.821 20 26 26
-20.858 29.869 0.833 30 35 38
-20.833 29.889 0.858 52 57 53
-20.823 29.897 0.866 247 249 246
-20.816 29.901 0.776 63 70 76
-20.833 29.888 0.769 24 27 36
-20.809 29.906 0.748 116 116 116
-20.803 29.911 0.735 155 139 126
-20.823 29.897 0.875 224 226 225
-20.850 29.876 0.856 43 43 43
-20.818 29.900 0.790 45 46 51
-20.861 29.867 0.841 33 38 41
-20.833 29.888 0.772 24 27 36
-20.829 29.891 0.775 27 30 37
-20.814 29.902 0.746 83 81 84
-20.820 29.900 0.849 235 238 231
-20.826 29.894 0.800 27 25 36
-20.845 29.771 0.766 214 210 211
-20.864 29.785 0.766 205 205 207
-20.829 29.772 0.766 209 206 215
-20.848 29.794 0.766 188 184 181
-20.861 29.789 0.766 204 205 209
-20.839 29.791 0.766 185 187 186
-20.887 29.769 0.766 213 212 217
-20.846 29.801 0.766 175 179 180
-20.859 29.791 0.766 203 204 208
-20.850 29.764 0.766 217 213 214
-20.842 29.776 0.766 206 207 211
-20.850 29.796 0.766 188 184 181
-20.874 29.764 0.766 215 213 218
-20.863 29.797 0.766 188 188 188
-20.821 29.767 0.766 211 210 208
-20.852 29.788 0.766 199 200 202
-20.853 29.773 0.766 214 210 211
-20.853 29.787 0.766 206 205 203
-20.832 29.786 0.766 186 194 197
-20.836 29.778 0.766 209 204 201
-20.839 29.794 0.766 181 183 182
-20.850 29.765 0.766 216 212 213
-20.865 29.790 0.766 202 203 207
-20.861 29.786 0.766 205 204 209
-20.857 29.449 0.773 195 204 233
-20.883 29.445 0.790 198 210 226
-20.903 29.486 0.772 152 160 171
-20.890 29.471 0.776 173 186 220
-20.882 29.469 0.773 163 178 217
-20.847 29.448 0.768 166 174 195
-20.877 29.469 0.770 163 180 224
-20.883 29.472 0.771 149 164 203
-20.857 29.442 0.778 221 228 254
-20.891 29.458 0.786 189 204 225
-20.900 29.487 0.770 147 155 168
-20.869 29.442 0.784 194 199 228
-20.893 29.478 0.773 143 157 184
-20.902 29.486 0.772 147 155 168
-20.840 29.447 0.764 129 136 152
-20.873 29.451 0.780 192 201 234
-20.897 29.459 0.789 197 215 227
-20.887 29.478 0.769 126 141 170
-20.884 29.456 0.783 180 191 221
-20.878 29.441 0.791 197 206 221
-20.891 29.467 0.779 177 190 224
-20.879 29.440 0.792 197 206 221
-20.881 29.441 0.791 204 216 230
-20.845 29.445 0.768 173 180 198
-20.877 29.466 0.772 163 180 224
-20.878 29.463 0.775 169 184 227
-20.888 29.467 0.777 177 190 224
-20.901 29.480 0.776 143 154 176
-20.858 29.458 0.767 140 159 202
-20.842 29.575 0.734 178 173 169
-20.902 29.493 0.769 150 155 161
-20.838 29.548 0.739 166 164 165
-20.830 29.499 0.749 134 133 129
-20.835 29.560 0.736 170 165 162
-20.846 29.527 0.746 168 163 167
-20.852 29.527 0.748 173 168 174
-20.842 29.466 0.760 152 172 209
-20.859 29.556 0.743 155 159 162
-20.883 29.516 0.759 192 191 196
-20.838 29.590 0.729 197 188 189
-20.865 29.544 0.747 157 158 162
-20.871 29.548 0.748 162 165 170
-20.902 29.509 0.765 156 153 162
-20.863 29.570 0.741 154 155 160
-20.881 29.558 0.748 181 188 198
-20.871 29.538 0.750 195 194 200
-20.843 29.567 0.736 170 166 163
-20.836 29.535 0.742 165 160 164
-20.852 29.462 0.763 147 166 209
-20.868 29.531 0.751 200 199 204
-20.850 29.484 0.758 122 131 146
-20.885 29.533 0.755 195 194 200
-20.838 29.491 0.753 181 185 186
-20.826 29.576 0.729 188 177 173
-20.836 29.566 0.734 174 169 165
-20.867 29.529 0.751 201 199 204
-20.826 29.577 0.729 188 177 173
-20.866 29.500 0.758 195 198 205
-20.876 29.527 0.754 200 198 203
-20.855 29.465 0.763 154 175 220
-20.866 29.501 0.758 195 198 205
-20.876 29.487 0.764 148 165 183
-20.834 29.480 0.754 71 79 90
-20.858 29.550 0.744 158 159 163
-20.824 29.555 0.734 176 166 165
-20.847 29.570 0.737 168 164 161
-20.883 29.482 0.767 121 137 163
-20.868 29.467 0.766 165 186 233
-20.863 29.520 0.753 201 199 202
-20.832 29.526 0.743 160 154 158
-20.887 29.514 0.760 185 184 189
-20.875 29.561 0.746 147 151 160
-20.844 29.576 0.734 176 171 168
-20.848 29.459 0.763 146 165 207
-20.828 29.442 0.762 77 83 97
-20.827 29.572 0.731 186 175 169
-20.857 29.483 0.760 103 114 136
-20.835 29.445 0.763 114 122 135
-20.874 29.485 0.764 141 158 178
-20.879 29.523 0.756 195 194 199
-20.858 29.502 0.755 203 207 208
-20.901 29.518 0.763 163 163 165
-20.848 29.519 0.749 184 179 183
-20.832 29.469 0.756 102 118 141
-20.827 29.512 0.745 137 133 132
-20.828 29.553 0.735 174 166 164
-20.884 29.503 0.762 179 183 194
-20.837 29.503 0.750 172 171 169
-20.890 29.509 0.762 180 179 184
-20.834 29.585 0.729 197 187 186
-20.894 29.485 0.769 133 145 161
-20.878 29.564 0.746 147 154 164
-20.836 29.582 0.731 194 184 183
-20.864 29.532 0.750 179 178 183
-20.880 29.510 0.759 192 191 196
-20.854 29.553 0.742 161 165 168
-20.890 29.514 0.761 182 181 186
-20.877 29.570 0.744 136 140 151
-20.837 29.507 0.749 157 156 154
-20.835 29.545 0.739 166 164 165
-20.876 29.499 0.761 184 191 199
-20.839 29.514 0.748 149 145 146
-20.880 29.491 0.764 164 178 191
-20.846 29.468 0.760 127 149 188
-20.827 29.571 0.731 185 174 168
-20.902 29.558 0.754 190 197 205
-20.828 29.545 0.737 173 169 170
-20.889 29.527 0.758 190 189 194
-20.867 29.473 0.765 118 139 182
-20.862 29.483 0.761 120 131 153
-20.828 29.537 0.739 167 161 163
-20.846 29.508 0.751 206 205 203
-20.876 29.507 0.759 191 190 195
-20.838 29.554 0.738 168 166 167
-20.828 29.590 0.727 195 183 187
-20.902 29.532 0.760 177 177 179
-20.853 29.515 0.751 201 199 200
-20.849 29.499 0.754 203 209 209
-20.828 29.531 0.741 167 158 163
-20.878 29.559 0.747 158 165 175
-20.846 29.466 0.761 148 170 211
-20.832 29.494 0.750 170 172 171
-20.903 29.535 0.760 180 180 182
-20.856 29.565 0.740 159 160 164
-20.888 29.563 0.749 192 201 210
-20.785 29.534 0.710 192 184 195
-20.786 29.481 0.722 153 151 154
-20.819 29.540 0.734 177 168 169
-20.793 29.496 0.724 182 176 176
-20.816 29.575 0.723 190 180 179
-20.819 29.560 0.729 186 175 171
-20.794 29.500 0.724 181 175 175
-20.818 29.458 0.751 78 82 93
-20.809 29.496 0.736 192 190 191
-20.777 29.505 0.711 188 184 183
-20.762 29.508 0.699 177 176 181
-20.784 29.523 0.712 190 180 188
-20.815 29.497 0.740 177 176 172
-20.821 29.549 0.733 179 169 168
-20.805 29.536 0.724 188 178 179
-20.767 29.526 0.698 224 223 237
-20.783 29.500 0.716 182 176 176
-20.772 29.517 0.704 188 183 189
-20.779 29.525 0.707 199 193 205
-20.764 29.528 0.696 222 223 241
-20.777 29.519 0.707 190 183 191
-20.817 29.501 0.740 168 167 163
-20.823 29.599 0.723 167 163 180
-20.826 29.467 0.755 120 135 158
-20.809 29.500 0.735 189 187 188
-20.786 29.513 0.715 188 179 182
-20.808 29.510 0.732 185 176 177
-20.822 29.596 0.724 172 168 183
-20.819 29.479 0.747 73 74 76
-20.799 29.572 0.712 204 206 219
-20.821 29.561 0.730 183 172 168
-20.813 29.480 0.742 104 103 99
-20.812 29.488 0.740 175 174 170
-20.821 29.540 0.735 175 166 169
-20.756 29.516 0.693 201 201 213
-20.789 29.526 0.715 187 176 182
-20.783 29.535 0.708 207 201 213
-20.805 29.517 0.728 187 177 176
-20.805 29.531 0.725 187 177 178
-20.814 29.505 0.737 182 178 177
-20.816 29.474 0.746 84 83 81
-20.790 29.565 0.707 216 219 234
-20.752 29.514 0.690 182 181 187
-20.787 29.546 0.709 198 198 210
-20.805 29.560 0.719 182 172 170
-20.765 29.512 0.701 184 182 187
-20.816 29.462 0.749 70 73 82
-20.790 29.516 0.718 186 176 177
-20.798 29.496 0.728 184 180 181
-20.813 29.526 0.732 186 175 179
-20.750 29.516 0.688 86 84 87
-20.784 29.530 0.710 194 186 197
-20.757 29.508 0.695 172 171 177
-20.828 29.444 0.761 75 81 95
-20.818 29.465 0.749 71 72 77
-20.807 29.537 0.726 185 175 176
-20.804 29.480 0.736 121 120 116
-20.805 29.482 0.736 121 120 116
-20.812 29.561 0.724 188 179 174
-20.771 29.526 0.702 220 219 233
-20.774 29.511 0.707 185 180 184
-20.809 29.476 0.740 83 82 78
-20.778 29.510 0.710 187 181 183
-20.788 29.490 0.722 180 175 179
-20.818 29.492 0.743 157 156 151
-20.816 29.570 0.725 188 180 178
-20.788 29.529 0.713 189 179 187
-20.802 29.547 0.719 182 171 175
-20.792 29.500 0.722 182 176 176
-20.785 29.485 0.721 162 157 161
-20.815 29.484 0.743 110 109 105
-20.791 29.552 0.710 201 199 212
-20.787 29.485 0.722 162 157 161
-20.810 29.460 0.745 73 74 79
-20.800 29.522 0.724 185 175 176
-20.822 29.490 0.746 120 119 115
-20.809 29.478 0.740 105 104 100
-20.811 29.489 0.739 191 190 186
-20.826 29.443 0.760 75 81 95
-20.806 29.526 0.727 187 177 176
-20.821 29.467 0.751 69 80 98
-20.817 29.464 0.748 71 72 77
-20.820 29.539 0.734 175 166 169
-20.800 30.114 0.768 29 28 24
-20.794 30.093 0.762 43 43 35
-20.696 30.193 0.717 45 47 59
-20.739 30.186 0.742 47 48 53
-20.732 30.209 0.740 32 35 42
-20.755 30.199 0.752 37 38 43
-20.753 30.209 0.753 39 40 45
-20.729 30.206 0.738 31 34 41
-20.678 30.198 0.707 174 179 183
-20.770 30.115 0.751 125 125 117
-20.724 30.204 0.735 28 31 38
-20.763 30.140 0.749 104 104 104
-20.739 30.193 0.742 32 32 40
-20.736 30.192 0.740 31 34 41
-20.793 30.214 0.777 37 36 41
-20.793 30.213 0.777 37 36 41
-20.731 30.182 0.736 45 48 57
-20.699 30.200 0.720 43 43 53
-20.802 30.071 0.764 190 182 169
-20.768 30.201 0.761 39 40 45
-20.793 30.104 0.763 36 36 36
-20.805 30.118 0.772 42 41 36
-20.709 30.196 0.725 46 48 60
-20.696 30.179 0.715 164 168 169
-20.787 30.157 0.766 24 24 26
-20.780 30.176 0.765 33 32 37
-20.766 30.176 0.756 103 104 109
-20.771 30.190 0.761 80 81 86
-20.785 30.215 0.773 39 38 43
-20.733 30.180 0.737 71 74 83
-20.798 30.096 0.765 21 21 19
-20.734 30.202 0.741 31 34 41
-20.745 30.185 0.745 51 52 57
-20.746 30.204 0.748 40 41 46
-20.716 30.181 0.727 27 31 42
-20.715 30.173 0.726 41 42 46
-20.794 30.188 0.774 50 50 52
-20.796 30.086 0.763 32 32 22
-20.745 30.200 0.747 36 37 42
-20.791 30.116 0.763 55 53 56
-20.721 30.181 0.730 34 38 50
-20.777 30.180 0.763 55 54 59
-20.744 30.135 0.738 132 137 133
-20.790 30.138 0.766 70 70 68
-20.794 30.215 0.778 37 36 41
-20.800 30.115 0.768 29 28 24
-20.766 30.104 0.747 29 29 27
-20.786 30.155 0.765 28 28 28
-20.805 30.076 0.766 28 28 20
-20.771 30.115 0.751 125 125 117
-20.738 30.177 0.740 86 87 92
-20.779 30.093 0.753 33 32 28
-20.758 30.111 0.743 21 24 29
-20.749 30.139 0.741 85 89 88
-20.724 30.169 0.730 109 113 122
-20.775 30.151 0.759 72 72 72
-20.726 30.181 0.733 53 57 68
-20.735 30.151 0.735 76 77 79
-20.772 30.146 0.756 105 105 103
-20.784 30.149 0.763 49 49 49
-20.783 30.194 0.768 83 82 87
-20.794 30.193 0.775 78 78 80
-20.780 30.183 0.765 62 61 66
-20.796 30.146 0.770 52 52 52
-20.806 30.076 0.767 26 28 23
-20.708 30.166 0.720 82 78 67
-20.760 30.213 0.757 38 39 44
-20.799 30.105 0.767 23 23 25
-20.751 30.162 0.746 96 97 101
-20.681 30.195 0.708 196 203 211
-20.670 30.207 0.703 84 83 79
-20.779 30.100 0.754 119 120 114
-20.726 30.185 0.733 35 39 51
-20.706 30.173 0.720 74 73 69
-20.681 30.204 0.709 209 214 220
-20.812 30.057 0.768 200 179 150
-20.748 30.162 0.744 91 93 105
-20.719 30.173 0.728 48 51 56
-20.788 30.189 0.771 77 76 81
-20.762 30.119 0.747 22 17 23
-20.722 30.200 0.733 28 31 38
-20.721 30.193 0.732 26 30 41
-20.712 30.172 0.724 33 33 33
-20.749 30.128 0.740 60 64 67
-20.784 30.167 0.766 24 25 27
-20.787 30.167 0.767 20 21 25
-20.716 30.157 0.724 107 105 93
-20.742 30.155 0.739 82 85 92
-20.787 30.080 0.756 40 32 29
-20.711 30.171 0.723 81 80 76
-20.720 30.176 0.729 45 49 58
-20.750 30.210 0.751 37 38 43
-20.757 30.175 0.751 100 101 106
-20.798 30.188 0.777 49 49 51
-20.732 30.186 0.738 35 37 49
-20.790 30.077 0.757 52 45 37
-20.752 30.164 0.746 94 95 99
-20.714 30.161 0.723 105 103 91
-20.761 30.145 0.749 101 101 101
-20.772 30.188 0.761 84 85 89
-20.769 30.137 0.753 121 121 119
-20.727 30.150 0.730 100 102 99
-20.797 30.118 0.767 47 46 44
-20.788 30.113 0.761 46 44 47
-20.709 30.190 0.724 35 39 50
-20.777 30.208 0.767 42 41 46
-20.668 30.208 0.702 76 75 70
-20.697 30.188 0.717 47 51 60
-20.778 30.118 0.756 138 138 130
-20.786 30.159 0.766 27 27 29
-20.706 30.177 0.721 86 86 86
-20.715 30.205 0.730 34 35 40
-20.737 30.171 0.738 129 132 137
-20.775 30.091 0.751 27 25 26
-20.736 30.148 0.735 87 89 88
-20.797 30.129 0.769 59 58 56
-20.776 30.130 0.756 113 112 108
-20.777 30.210 0.767 42 41 46
-20.716 30.204 0.730 34 35 40
-20.795 30.127 0.767 81 80 78
-20.768 30.102 0.748 18 18 16
-20.803 30.099 0.768 18 19 23
-20.782 30.105 0.757 112 111 106
-20.788 30.152 0.766 27 27 29
-20.761 30.193 0.756 40 41 46
-20.727 30.197 0.736 28 31 40
-20.767 30.155 0.754 115 115 115
-20.794 29.933 0.719 154 137 109
-20.731 29.928 0.718 123 106 90
-20.797 29.917 0.712 164 140 116
-20.762 29.971 0.736 195 203 206
-20.712 29.905 0.709 86 70 57
-20.784 29.988 0.742 106 106 104
-20.748 29.934 0.720 154 133 114
-20.701 29.876 0.697 174 147 138
-20.778 29.968 0.734 132 122 112
-20.798 29.989 0.742 98 103 99
-20.788 29.956 0.729 149 133 118
-20.803 30.021 0.756 46 45 41
-20.744 29.895 0.704 170 149 130
-20.784 29.986 0.742 104 103 99
-20.756 29.932 0.719 156 136 109
-20.803 30.020 0.755 98 98 96
-20.777 29.921 0.714 165 141 115
-20.790 29.971 0.735 122 116 104
-20.774 29.980 0.739 106 111 115
-20.786 29.991 0.744 100 102 101
-20.704 29.893 0.704 74 65 60
-20.755 29.936 0.721 157 137 112
-20.765 29.909 0.709 170 148 124
-20.758 29.971 0.736 190 198 211
-20.785 30.004 0.749 34 37 42
-20.718 29.911 0.711 86 75 57
-20.709 29.879 0.698 164 142 128
-20.778 29.974 0.737 115 104 100
-20.710 29.898 0.706 73 59 48
-20.797 29.966 0.733 136 129 119
-20.787 29.935 0.720 155 135 108
-20.767 29.933 0.719 155 135 110
-20.751 29.939 0.722 154 133 114
-20.779 29.966 0.733 132 122 112
-20.766 29.962 0.732 133 128 109
-20.735 29.908 0.709 180 159 130
-20.765 29.957 0.730 137 128 111
-20.712 29.899 0.706 73 59 48
-20.748 29.923 0.715 166 145 118
-20.770 29.951 0.727 149 133 110
-20.765 29.924 0.716 162 141 114
-20.728 29.924 0.716 128 111 93
-20.807 30.041 0.764 195 182 166
-20.781 29.955 0.728 154 141 125
-20.797 30.000 0.747 105 109 112
-20.734 29.904 0.708 176 157 127
-20.707 29.878 0.697 164 142 128
-20.805 30.007 0.750 97 101 102
-20.716 29.908 0.710 91 78 62
-20.773 29.912 0.711 170 146 122
-20.784 30.001 0.748 39 42 47
-20.806 30.032 0.761 173 160 152
-20.770 29.931 0.718 155 137 113
-20.806 29.998 0.746 100 106 106
-20.741 29.923 0.716 159 140 123
-20.738 29.901 0.706 169 150 120
-20.776 29.913 0.711 169 145 119
-20.751 29.912 0.711 172 151 124
-20.770 29.973 0.736 122 118 109
-20.791 29.948 0.725 143 126 106
-20.795 30.006 0.750 103 107 108
-20.796 29.917 0.712 165 141 117
-20.772 29.919 0.713 164 143 116
-20.751 29.932 0.719 157 137 112
-20.740 29.946 0.725 123 114 109
-20.768 29.974 0.737 109 110 102
-20.738 29.912 0.711 173 149 121
-20.787 29.963 0.731 148 136 124
-20.808 30.017 0.754 97 98 100
-20.721 29.922 0.716 135 118 100
-20.782 29.982 0.740 95 94 89
-20.739 29.902 0.707 169 150 120
-20.790 29.963 0.732 145 135 123
-20.722 29.925 0.717 159 142 124
-20.755 29.935 0.720 157 137 112
-20.802 29.989 0.742 99 105 101
-20.795 29.997 0.746 100 104 105
-20.749 29.907 0.709 174 152 128
-20.721 29.921 0.715 127 110 92
-20.777 29.977 0.738 108 110 105
-20.790 29.951 0.726 143 126 108
-20.778 29.925 0.716 163 139 113
-20.798 29.965 0.732 142 133 124
-20.812 30.040 0.764 202 189 173
-20.796 29.920 0.713 163 139 115
-20.811 30.043 0.765 203 186 168
-20.676 30.009 0.698 149 125 97
-20.697 30.158 0.714 84 82 61
-20.710 30.101 0.719 104 96 85
-20.694 29.969 0.705 160 141 111
-20.713 30.023 0.717 114 107 91
-20.708 29.997 0.713 113 105 84
-20.704 30.018 0.712 120 109 91
-20.687 30.061 0.705 139 123 97
-20.686 30.095 0.706 138 118 93
-20.712 29.920 0.712 154 136 114
-20.724 30.094 0.725 110 106 97
-20.759 29.994 0.739 89 103 129
-20.764 30.037 0.743 25 27 24
-20.758 30.059 0.741 33 34 39
-20.692 29.937 0.703 179 159 126
-20.686 30.092 0.706 139 119 94
-20.690 30.072 0.707 129 114 91
-20.756 29.998 0.737 82 95 112
-20.737 30.070 0.730 116 113 106
-20.738 29.969 0.727 173 179 191
-20.788 30.076 0.756 43 35 32
-20.682 30.091 0.704 144 128 102
-20.678 30.071 0.701 149 130 98
-20.711 29.944 0.713 167 155 133
-20.788 30.069 0.756 38 33 27
-20.747 30.013 0.733 143 145 132
-20.743 30.096 0.735 123 125 122
-20.707 29.980 0.712 145 133 107
-20.789 30.022 0.755 33 34 28
-20.696 29.967 0.706 162 143 113
-20.776 30.027 0.748 26 29 22
-20.758 30.100 0.742 19 22 27
-20.692 29.919 0.702 171 145 118
-20.721 29.940 0.717 149 135 122
-20.693 30.074 0.709 125 110 89
-20.720 30.133 0.725 107 104 95
-20.727 29.986 0.722 140 138 126
-20.744 29.968 0.730 172 178 202
-20.676 30.060 0.700 153 133 100
-20.713 29.988 0.715 126 119 100
-20.731 29.957 0.723 177 171 171
-20.756 29.995 0.737 137 148 166
-20.712 29.951 0.714 174 161 142
-20.675 30.056 0.699 153 133 108
-20.789 30.021 0.755 39 40 35
-20.727 30.083 0.726 112 108 99
-20.754 30.113 0.741 33 36 41
-20.671 30.090 0.699 134 126 105
-20.676 29.984 0.697 160 136 102
-20.748 29.979 0.732 175 177 198
-20.713 30.031 0.717 110 102 89
-20.729 30.129 0.729 105 106 98
-20.768 29.997 0.743 9 19 44
-20.688 29.985 0.703 152 134 110
-20.716 29.926 0.714 160 143 123
-20.714 30.114 0.721 110 103 95
-20.765 30.073 0.745 28 28 30
-20.677 30.019 0.699 143 128 105
-20.738 30.053 0.731 118 115 108
-20.749 30.027 0.735 134 137 130
-20.709 30.132 0.719 100 93 83
-20.745 30.106 0.736 124 126 125
-20.679 29.995 0.699 152 129 98
-20.714 29.941 0.714 160 147 130
-20.705 30.086 0.715 100 88 76
-20.701 29.923 0.707 177 158 128
-20.771 30.024 0.746 33 33 31
-20.752 30.113 0.740 33 36 41
-20.695 30.140 0.713 107 89 67
-20.732 30.037 0.727 114 112 99
-20.762 30.048 0.742 24 24 26
-20.714 29.996 0.716 116 109 90
-20.679 30.099 0.703 142 127 106
-20.704 29.999 0.711 132 121 99
-20.728 29.999 0.723 142 139 122
-20.752 30.004 0.736 126 137 141
-20.697 30.082 0.711 112 96 80
-20.747 30.097 0.737 127 129 128
-20.726 30.075 0.725 116 112 103
-20.696 29.951 0.705 176 155 126
-20.759 30.021 0.740 22 31 30
-20.778 30.023 0.749 39 41 38
-20.697 30.055 0.710 116 103 86
-20.677 30.158 0.704 126 114 98
-20.769 30.089 0.747 23 25 24
-20.679 30.190 0.707 171 179 182
-20.718 30.063 0.721 121 115 103
-20.754 30.002 0.737 126 136 145
-20.685 29.975 0.701 155 134 107
-20.787 30.026 0.754 37 38 32
-20.680 29.993 0.699 154 131 100
-20.675 30.023 0.698 144 123 104
-20.740 30.057 0.732 118 117 112
-20.722 29.973 0.719 126 124 112
-20.752 30.050 0.738 93 93 91
-20.715 30.033 0.718 120 112 99
-20.695 30.025 0.708 129 116 97
-20.695 29.900 0.703 122 103 88
-20.704 30.114 0.716 95 83 71
-20.715 30.104 0.721 108 104 93
-20.713 29.983 0.715 127 120 101
-20.715 29.983 0.716 127 120 101
-20.699 30.124 0.714 89 81 62
-20.710 30.074 0.717 110 100 90
-20.799 30.058 0.761 153 137 121
-20.777 30.022 0.749 30 32 29
-20.669 30.092 0.698 131 124 105
-20.793 30.028 0.757 39 30 25
-20.694 30.016 0.707 137 125 103
-20.695 29.929 0.704 179 158 127
-20.668 30.179 0.701 117 114 105
-20.695 30.153 0.713 96 90 68
-20.788 30.047 0.755 31 29 30
-20.718 30.135 0.724 107 104 95
-20.738 30.015 0.729 132 127 108
-20.737 30.054 0.730 115 112 103
-20.703 30.053 0.713 97 88 73
-20.699 30.050 0.711 107 95 79
-20.725 29.984 0.721 142 138 126
-20.683 29.981 0.700 156 132 98
-20.742 30.069 0.733 118 119 113
-20.738 29.953 0.726 149 150 145
-20.740 30.016 0.730 130 125 106
-20.689 30.055 0.706 133 118 97
-20.676 30.116 0.702 126 116 106
-20.720 30.113 0.724 107 103 94
-20.710 30.118 0.719 106 99 91
-20.694 30.076 0.709 128 112 89
-20.761 30.040 0.741 23 25 22
-20.762 30.048 0.742 24 24 26
-20.721 29.965 0.718 159 155 146
-20.724 30.093 0.725 111 107 98
-20.696 30.079 0.711 120 105 86
-20.763 30.027 0.742 22 27 21
-20.699 29.899 0.705 96 85 83
-20.712 30.025 0.716 101 92 77
-20.769 29.992 0.744 32 38 62
-20.691 30.055 0.707 133 118 97
-20.678 30.106 0.703 135 120 101
-20.716 29.993 0.717 130 123 105
-20.727 29.977 0.722 140 140 132
-20.709 29.960 0.712 158 147 127
-20.725 30.108 0.726 111 108 99
-20.783 30.045 0.752 30 30 32
-20.702 30.100 0.714 98 85 69
-20.699 29.936 0.706 183 164 132
-20.745 30.069 0.735 129 130 125
-20.772 30.058 0.748 34 30 31
-20.736 30.089 0.731 110 110 102
-20.726 29.959 0.721 189 184 180
-20.695 30.095 0.711 115 98 78
-20.694 30.147 0.712 110 95 74
-20.727 30.011 0.723 131 122 105
-20.715 30.084 0.720 114 107 97
-20.789 30.070 0.757 63 54 45
-20.700 30.080 0.713 102 89 73
-20.698 30.096 0.712 106 90 74
-20.678 29.965 0.697 167 141 104
-20.726 30.001 0.722 145 139 123
-20.678 30.013 0.699 146 131 108
-20.742 30.062 0.733 114 113 108
-20.765 30.051 0.744 24 23 28
-20.715 30.081 0.720 115 108 98
-20.778 30.044 0.750 28 28 30
-20.695 29.893 0.703 81 72 67
-20.747 30.017 0.734 139 145 133
-20.702 29.926 0.707 177 157 130
-20.704 30.018 0.712 120 109 91
-20.797 30.056 0.760 88 78 66
-20.734 30.024 0.727 127 121 109
-20.766 30.038 0.744 27 29 26
-20.763 30.011 0.741 18 28 29
-20.700 30.125 0.715 89 81 62
-20.718 30.080 0.722 115 111 100
-20.677 30.110 0.702 127 115 103
-20.691 29.901 0.701 126 107 92
-20.678 30.086 0.702 143 127 101
-20.678 30.021 0.699 143 128 105
-20.718 30.104 0.723 109 105 94
-20.686 30.010 0.703 147 133 106
-20.724 30.101 0.726 110 106 97
-20.775 30.023 0.748 28 30 27
-20.750 30.005 0.734 146 154 156
-20.729 29.983 0.723 142 139 130
-20.691 29.899 0.700 132 113 98
-20.703 30.028 0.712 102 93 76
-20.777 30.039 0.750 35 34 32
-20.741 30.025 0.731 129 126 117
-20.725 29.975 0.721 128 125 116
-20.741 29.991 0.729 143 145 132
-20.701 29.908 0.706 146 130 107
-20.727 30.103 0.727 110 107 98
-20.736 30.004 0.728 137 131 119
-20.732 30.007 0.726 132 124 111
-20.707 29.969 0.712 149 137 111
-20.703 29.974 0.710 152 138 111
-20.669 30.171 0.701 120 114 102
-20.693 30.045 0.708 132 117 98
-20.702 29.982 0.709 148 134 108
-20.730 30.060 0.727 119 112 104
-20.722 30.033 0.722 124 116 105
-20.747 30.076 0.736 131 133 130
-20.674 30.160 0.703 122 110 96
-20.744 30.097 0.735 123 125 122
-20.703 29.959 0.709 164 150 124
-20.675 30.105 0.701 119 108 90
-20.679 30.053 0.701 151 131 106
-20.721 29.960 0.718 181 177 168
-20.725 30.026 0.723 127 120 104
-20.679 29.960 0.697 167 142 102
-20.728 29.995 0.723 137 134 119
-20.791 30.063 0.758 77 70 62
-20.735 30.014 0.728 132 125 107
-20.778 30.013 0.749 23 27 30
-20.779 30.024 0.750 29 31 26
-20.690 30.076 0.708 132 116 91
-20.759 30.019 0.739 24 34 33
-20.706 29.986 0.712 139 127 103
-20.675 30.047 0.699 150 132 108
-20.724 29.961 0.720 186 181 177
-20.692 30.028 0.706 136 123 104
-20.775 30.042 0.749 35 31 28
-20.683 29.977 0.700 156 132 96
-20.673 30.099 0.700 107 98 81
-20.768 30.079 0.746 21 21 23
-20.784 30.019 0.752 34 36 33
-20.714 30.076 0.719 115 105 95
-20.734 29.974 0.725 152 155 162
-20.725 30.099 0.726 110 106 97
-20.686 30.010 0.703 147 133 106
-20.726 29.982 0.722 138 135 126
-20.703 30.168 0.718 67 61 47
-20.743 29.956 0.729 150 148 149
-20.675 30.055 0.699 153 133 108
-20.684 30.005 0.701 147 133 104
-20.704 30.112 0.716 95 83 71
-20.747 30.038 0.735 132 133 127
-20.752 30.038 0.737 117 119 114
-20.679 30.186 0.707 152 160 163
-20.681 30.029 0.701 151 134 114
-20.784 30.026 0.752 32 33 28
-20.723 30.106 0.725 110 106 97
-20.785 30.051 0.754 26 25 30
-20.698 29.905 0.704 128 112 97
-20.706 30.011 0.713 108 100 81
-20.678 30.152 0.705 128 113 92
-20.782 30.014 0.751 27 29 28
-20.739 30.084 0.732 114 115 109
-20.688 29.999 0.703 149 133 108
-20.708 30.003 0.713 112 104 85
-20.681 29.930 0.697 181 147 109
-20.756 30.105 0.741 30 33 38
-20.762 30.011 0.741 26 38 38
-20.697 30.061 0.711 109 98 80
-20.677 30.060 0.700 153 133 100
-20.762 30.008 0.741 20 34 37
-20.706 30.116 0.717 92 82 70
-20.680 29.942 0.697 181 148 107
-20.709 29.953 0.712 171 159 135
-20.712 30.055 0.717 100 92 81
-20.706 30.107 0.717 93 85 72
-20.718 29.989 0.718 139 133 117
-20.680 30.001 0.699 150 126 98
-20.740 30.048 0.731 117 117 109
-20.769 30.063 0.746 59 57 62
-20.718 30.132 0.724 108 104 93
-20.730 29.956 0.723 177 171 171
-20.774 30.076 0.749 27 24 31
-20.733 30.042 0.727 113 111 99
-20.675 29.448 0.750 110 126 162
-20.684 29.461 0.755 211 229 241
-20.712 29.441 0.779 160 154 166
-20.684 29.464 0.754 211 229 241
-20.680 29.443 0.755 138 151 186
-20.683 29.459 0.755 204 227 245
-20.692 29.452 0.762 83 117 165
-20.717 29.449 0.781 190 189 185
-20.672 29.455 0.747 190 196 222
-20.683 29.454 0.756 150 172 209
-20.687 29.443 0.760 118 135 189
-20.680 29.450 0.754 105 120 163
-20.685 29.451 0.758 100 129 173
-20.684 29.458 0.756 195 221 246
-20.752 29.539 0.692 220 220 228
-20.763 29.578 0.704 185 190 210
-20.766 29.542 0.695 229 231 246
-20.721 29.584 0.697 183 177 189
-20.704 29.600 0.698 137 134 143
-20.762 29.574 0.703 191 198 214
-20.767 29.557 0.699 223 231 244
-20.762 29.570 0.702 201 209 220
-20.763 29.561 0.699 226 235 240
-20.680 29.625 0.700 193 190 181
-20.738 29.597 0.704 169 173 208
-20.794 29.584 0.711 183 189 215
-20.695 29.610 0.699 148 143 149
-20.751 29.540 0.692 220 220 228
-20.726 29.565 0.694 206 198 195
-20.702 29.619 0.703 165 175 177
-20.716 29.613 0.704 181 187 209
-20.783 29.566 0.705 224 231 247
-20.784 29.613 0.717 161 170 213
-20.762 29.538 0.693 230 229 245
-20.677 29.640 0.703 184 169 174
-20.679 29.639 0.703 170 159 163
-20.720 29.578 0.696 211 203 200
-20.747 29.543 0.692 230 229 234
-20.724 29.565 0.693 206 198 195
-20.754 29.539 0.692 224 227 236
-20.688 29.603 0.696 218 209 204
-20.773 29.593 0.709 161 169 208
-20.734 29.612 0.707 175 188 223
-20.708 29.614 0.703 155 161 173
-20.714 29.591 0.698 175 167 182
-20.672 29.642 0.703 189 173 176
-20.684 29.643 0.705 187 182 179
-20.661 29.644 0.701 181 167 156
-20.644 29.653 0.701 154 149 153
-20.708 29.623 0.705 202 212 222
-20.718 29.570 0.693 201 192 187
-20.712 29.612 0.703 161 167 183
-20.756 29.584 0.704 179 183 208
-20.711 29.596 0.699 156 150 164
-20.755 29.599 0.707 175 182 224
-20.755 29.565 0.699 219 227 230
-20.812 29.599 0.718 158 155 182
-20.697 29.590 0.695 220 206 203
-20.680 29.619 0.699 221 214 204
-20.774 29.611 0.714 152 162 211
-20.731 29.604 0.704 182 187 217
-20.694 29.614 0.700 132 133 138
-20.728 29.556 0.692 185 176 171
-20.727 29.584 0.699 163 161 175
-20.697 29.602 0.698 172 163 168
-20.762 29.561 0.699 226 235 240
-20.746 29.539 0.691 226 225 231
-20.734 29.628 0.711 141 164 196
-20.801 29.598 0.716 154 150 183
-20.652 29.648 0.701 134 129 133
-20.779 29.612 0.716 162 170 216
-20.684 29.617 0.699 206 201 195
-20.745 29.617 0.710 88 106 154
-20.650 29.650 0.701 117 112 118
-20.714 29.611 0.703 174 179 199
-20.711 29.595 0.698 170 162 175
-20.728 29.625 0.709 165 187 211
-20.696 29.618 0.701 134 143 142
-20.782 29.600 0.713 160 167 209
-20.684 29.629 0.702 175 172 167
-20.775 29.586 0.708 168 173 202
-20.726 29.588 0.699 140 139 157
-20.746 29.566 0.698 214 221 227
-20.755 29.558 0.697 229 237 240
-20.705 29.607 0.700 125 125 137
-20.769 29.574 0.704 206 216 228
-20.712 29.577 0.694 196 183 175
-20.705 29.618 0.703 165 175 177
-20.741 29.596 0.704 178 182 217
-20.746 29.601 0.707 166 173 217
-20.692 29.626 0.703 175 168 175
-20.766 29.548 0.697 213 216 233
-20.669 29.644 0.703 180 162 160
-20.717 29.582 0.696 195 188 195
-20.712 29.583 0.696 199 190 193
-20.750 29.556 0.696 234 239 242
-20.784 29.600 0.713 160 167 209
-20.735 29.544 0.690 165 156 151
-20.723 29.605 0.703 180 184 213
-20.699 29.613 0.701 119 124 127
-20.751 29.537 0.691 223 223 231
-20.679 29.628 0.701 203 199 190
-20.741 29.550 0.693 225 225 225
-20.671 29.631 0.700 223 209 206
-20.662 29.452 0.743 75 80 99
-20.661 29.456 0.742 175 177 190
-20.655 29.443 0.741 112 119 135
-20.658 29.447 0.742 74 79 98
-20.639 30.125 0.715 144 121 107
-20.648 30.144 0.710 132 120 108
-20.625 30.136 0.723 98 93 89
-20.654 30.032 0.706 150 132 112
-20.654 30.038 0.706 153 133 109
-20.665 30.016 0.699 144 126 102
-20.665 30.162 0.700 127 115 101
-20.667 30.147 0.699 116 102 89
-20.647 30.146 0.711 126 116 106
-20.641 30.076 0.714 125 114 92
-20.640 30.092 0.714 121 108 92
-20.648 30.065 0.709 149 134 105
-20.642 30.170 0.714 82 83 77
-20.662 30.154 0.702 128 118 106
-20.659 29.961 0.702 167 137 101
-20.657 30.034 0.704 150 132 112
-20.661 30.104 0.702 91 85 71
-20.648 30.134 0.710 141 122 108
-20.623 30.126 0.724 125 111 100
-20.636 30.120 0.717 141 118 102
-20.668 30.119 0.698 85 81 72
-20.658 30.198 0.705 78 73 67
-20.628 30.110 0.722 140 117 101
-20.628 30.108 0.722 141 118 104
-20.637 30.073 0.716 136 124 100
-20.659 30.113 0.704 95 86 79
-20.624 30.146 0.724 110 114 115
-20.650 30.187 0.710 92 92 90
-20.649 30.014 0.709 148 131 111
-20.649 30.162 0.710 114 110 99
-20.650 29.999 0.707 144 128 102
-20.666 30.000 0.698 146 127 97
-20.631 30.090 0.719 135 118 102
-20.641 30.109 0.714 124 106 92
-20.666 30.091 0.699 125 118 99
-20.657 29.995 0.704 143 126 98
-20.668 30.072 0.698 150 131 98
-20.661 29.942 0.701 175 146 104
-20.634 30.109 0.718 135 114 97
-20.634 30.150 0.718 103 103 101
-20.667 30.120 0.699 87 80 72
-20.640 30.137 0.715 124 111 102
-20.656 29.976 0.704 154 130 96
-20.642 30.113 0.713 127 108 94
-20.665 30.137 0.700 115 97 87
-20.657 30.107 0.705 93 90 83
-20.653 29.974 0.706 155 131 97
-20.637 30.070 0.716 141 129 103
-20.655 30.130 0.706 123 100 86
-20.620 30.137 0.726 95 95 93
-20.652 30.048 0.707 153 132 101
-20.633 30.124 0.719 143 121 107
-20.661 30.035 0.701 151 130 113
-20.664 30.046 0.700 156 132 108
-20.650 30.101 0.709 103 99 87
-20.667 29.977 0.698 157 133 99
-20.645 30.143 0.712 127 114 105
-20.637 30.123 0.716 143 120 104
-20.641 30.033 0.713 153 133 106
-20.645 30.054 0.711 155 132 98
-20.650 30.112 0.709 111 98 89
-20.642 30.144 0.714 120 111 102
-20.651 30.054 0.708 152 131 100
-20.663 30.037 0.701 150 129 112
-20.629 30.155 0.721 85 89 90
-20.661 30.175 0.703 113 109 100
-20.643 30.117 0.713 130 108 94
-20.630 30.148 0.721 99 100 102
-20.657 30.056 0.704 152 131 100
-20.636 30.154 0.717 103 102 98
-20.665 30.140 0.701 116 98 86
-20.651 30.168 0.709 103 100 93
-20.645 30.159 0.712 106 103 94
-20.661 30.180 0.703 98 93 87
-20.619 30.138 0.727 95 95 93
-20.663 30.065 0.701 151 130 99
-20.651 30.026 0.707 149 131 111
-20.668 30.100 0.698 80 78 65
-20.636 30.117 0.717 139 116 100
-20.642 30.043 0.713 152 133 100
-20.626 30.131 0.723 122 109 100
-20.644 30.066 0.712 149 134 103
-20.645 30.045 0.711 152 133 101
-20.665 30.120 0.700 88 81 73
-20.651 29.999 0.707 143 127 101
-20.627 30.110 0.722 141 118 104
-20.642 30.101 0.713 120 106 93
-20.646 30.112 0.711 117 103 92
-20.662 30.136 0.702 119 101 91
-20.666 30.073 0.699 148 129 97
-20.655 30.034 0.705 150 132 110
-20.641 30.089 0.714 101 92 77
-20.660 30.160 0.704 125 117 106
-20.660 29.993 0.702 146 127 97
-20.635 30.064 0.717 143 128 97
-20.659 30.186 0.704 104 101 94
-20.622 29.811 0.708 182 185 204
-20.627 29.767 0.705 196 194 207
-20.612 29.805 0.708 194 189 212
-20.639 29.802 0.707 173 173 165
-20.609 29.795 0.708 196 189 207
-20.627 29.816 0.708 141 144 159
-20.634 29.767 0.705 192 189 198
-20.598 29.775 0.707 187 183 198
-20.606 29.787 0.707 184 175 192
-20.621 29.797 0.707 204 200 214
-20.623 29.790 0.707 202 200 214
-20.593 29.797 0.708 165 154 168
-20.629 29.797 0.707 197 196 204
-20.584 29.788 0.708 185 177 198
-20.599 29.805 0.708 171 166 186
-20.629 29.740 0.704 198 201 206
-20.641 29.783 0.706 177 168 171
-20.630 29.733 0.703 203 202 216
-20.629 29.794 0.707 198 195 204
-20.617 29.737 0.704 194 192 205
-20.634 29.773 0.705 188 183 190
-20.640 29.768 0.705 186 177 182
-20.618 29.798 0.707 204 200 215
-20.631 29.762 0.705 195 193 204
-20.635 29.822 0.708 73 78 82
-20.637 29.804 0.707 174 173 169
-20.640 29.821 0.708 72 77 73
-20.586 29.784 0.708 183 174 191
-20.620 29.740 0.704 196 196 208
-20.642 29.826 0.708 60 64 65
-20.642 29.813 0.708 163 166 159
-20.645 29.820 0.708 120 121 113
-20.597 29.789 0.708 177 166 180
-20.615 29.758 0.705 176 178 191
-20.611 29.788 0.707 192 184 205
-20.609 29.812 0.708 195 191 214
-20.616 29.812 0.708 202 203 224
-20.646 29.472 0.738 90 90 98
-20.560 29.471 0.714 226 225 223
-20.633 29.476 0.735 82 81 77
-20.564 29.455 0.715 222 224 221
-20.606 29.477 0.727 181 173 170
-20.658 29.454 0.741 145 145 157
-20.612 29.474 0.729 48 44 41
-20.611 29.460 0.728 82 82 74
-20.666 29.471 0.744 222 223 244
-20.598 29.463 0.725 145 142 135
-20.599 29.475 0.725 192 185 179
-20.614 29.456 0.729 95 96 91
-20.628 29.452 0.733 82 92 94
-20.574 29.484 0.718 213 203 194
-20.624 29.447 0.732 81 85 88
-20.624 29.466 0.732 60 60 62
-20.649 29.456 0.739 82 85 90
-20.612 29.449 0.729 123 124 118
-20.562 29.479 0.715 232 227 223
-20.606 29.438 0.727 219 219 211
-20.630 29.460 0.734 75 77 76
-20.634 29.453 0.735 83 91 93
-20.562 29.460 0.715 224 226 223
-20.647 29.473 0.739 81 81 93
-20.601 29.464 0.725 81 78 71
-20.602 29.465 0.726 81 78 71
-20.552 29.462 0.712 222 226 229
-20.562 29.486 0.715 224 215 210
-20.575 29.479 0.718 220 211 202
-20.667 29.466 0.744 218 221 238
-20.652 29.474 0.740 87 86 102
-20.562 29.474 0.715 224 220 217
-20.576 29.454 0.718 226 227 221
-20.571 29.484 0.717 233 224 219
-20.574 29.478 0.718 220 211 202
-20.581 29.454 0.720 227 227 217
-20.652 29.466 0.740 85 93 104
-20.632 29.442 0.734 84 90 90
-20.653 29.475 0.740 107 106 124
-20.647 29.475 0.738 82 83 88
-20.658 29.462 0.741 165 169 181
-20.591 29.449 0.722 221 218 213
-20.576 29.485 0.719 200 190 181
-20.662 29.463 0.743 194 197 212
-20.557 29.442 0.713 222 223 225
-20.621 29.473 0.731 49 45 42
-20.618 29.478 0.730 100 95 92
-20.645 29.455 0.738 83 87 90
-20.566 29.490 0.716 220 211 204
-20.641 29.830 0.706 55 62 70
-20.625 29.827 0.705 81 88 106
-20.583 29.809 0.708 192 191 209
-20.650 29.835 0.705 87 90 95
-20.651 29.832 0.707 85 87 86
-20.646 29.835 0.704 80 84 93
-20.633 29.985 0.707 150 128 104
-20.587 30.097 0.721 89 88 86
-20.645 29.964 0.704 161 135 98
-20.562 30.063 0.716 86 89 94
-20.547 30.070 0.717 91 92 97
-20.591 30.094 0.721 87 86 84
-20.621 30.056 0.716 142 136 112
-20.602 30.043 0.714 123 108 89
-20.602 29.986 0.706 157 138 105
-20.647 29.967 0.705 159 133 96
-20.644 29.967 0.705 159 133 96
-20.551 30.084 0.718 91 92 94
-20.647 29.944 0.702 174 142 101
-20.607 30.093 0.721 98 90 79
-20.566 30.060 0.716 84 87 92
-20.623 29.969 0.705 162 134 94
-20.624 29.996 0.708 147 125 104
-20.550 30.066 0.716 91 92 97
-20.637 30.025 0.712 153 131 107
-20.632 29.967 0.705 160 134 97
-20.538 30.065 0.716 92 93 98
-20.651 29.943 0.702 172 143 103
-20.607 30.026 0.712 157 128 98
-20.576 30.071 0.717 79 86 92
-20.620 30.114 0.724 143 121 107
-20.535 30.065 0.716 92 92 100
-20.546 30.098 0.720 90 91 93
-20.592 30.032 0.712 124 113 91
-20.544 30.057 0.715 91 91 99
-20.522 30.083 0.718 92 93 98
-20.585 30.057 0.716 80 84 87
-20.624 29.980 0.706 158 134 100
-20.619 30.101 0.722 128 106 93
-20.625 30.041 0.714 153 133 98
-20.627 29.991 0.708 148 126 103
-20.621 30.031 0.713 157 133 97
-20.602 30.057 0.716 83 84 78
-20.626 30.033 0.713 155 132 101
-20.638 30.025 0.712 153 131 107
-20.590 30.045 0.714 87 86 82
-20.608 30.006 0.709 157 131 94
-20.614 29.984 0.706 157 135 98
-20.608 29.984 0.706 156 136 101
-20.624 29.995 0.708 147 125 104
-20.569 30.071 0.717 86 90 93
-20.618 30.017 0.711 154 128 95
-20.589 30.060 0.716 79 82 87
-20.609 30.070 0.718 76 81 77
-20.553 30.038 0.712 91 94 99
-20.649 29.936 0.701 175 142 99
-20.533 30.083 0.718 93 94 98
-20.568 30.107 0.722 95 91 88
-20.568 30.075 0.718 87 91 94
-20.593 30.059 0.716 79 83 86
-20.630 29.972 0.705 157 133 97
-20.606 30.118 0.724 128 118 106
-20.599 30.022 0.711 155 129 96
-20.639 29.974 0.706 154 131 97
-20.594 30.034 0.713 118 107 85
-20.616 30.116 0.724 142 123 109
-20.588 30.016 0.710 157 136 107
-20.636 30.006 0.710 142 125 107
-20.616 30.112 0.724 145 123 109
-20.572 30.018 0.710 104 99 80
-20.611 30.081 0.719 85 84 79
-20.599 30.090 0.720 89 84 80
-20.587 30.068 0.717 77 84 92
-20.508 30.079 0.717 91 92 96
-20.575 30.029 0.712 87 88 83
-20.569 30.034 0.712 92 93 95
-20.600 30.097 0.721 92 83 74
-20.552 30.062 0.716 88 91 98
-20.563 30.079 0.718 88 89 91
-20.596 30.008 0.709 160 133 103
-20.625 30.056 0.716 147 137 110
-20.586 30.045 0.714 87 89 88
-20.613 29.982 0.706 157 137 100
-20.596 30.018 0.711 156 130 97
-20.594 30.055 0.716 86 86 84
-20.574 30.103 0.721 91 90 86
-20.562 30.033 0.712 90 94 95
-20.632 30.055 0.716 150 134 101
-20.611 29.977 0.705 159 137 98
-20.641 29.959 0.704 163 138 98
-20.621 29.983 0.706 157 133 99
-20.593 30.097 0.721 89 85 82
-20.644 29.992 0.708 145 128 102
-20.613 30.032 0.713 152 128 100
-20.566 30.069 0.717 85 88 93
-20.562 30.061 0.716 88 91 96
-20.632 30.004 0.709 141 124 108
-20.607 29.987 0.707 156 138 102
-20.547 30.042 0.713 92 95 100
-20.589 30.016 0.710 157 134 103
-20.598 30.079 0.719 82 83 85
-20.545 30.049 0.714 90 93 100
-20.598 30.103 0.722 90 81 74
-20.596 30.059 0.716 80 84 85
-20.660 29.931 0.700 182 151 107
-20.560 30.030 0.711 92 96 97
-20.558 30.099 0.721 88 90 89
-20.649 29.949 0.702 170 142 102
-20.528 30.068 0.716 94 93 99
-20.514 30.076 0.717 92 93 97
-20.574 30.049 0.714 86 90 93
-20.622 30.070 0.718 88 85 70
-20.529 30.088 0.719 91 92 96
-20.552 30.059 0.715 87 90 97
-20.607 30.082 0.719 83 82 78
-20.618 30.110 0.723 138 116 102
-20.532 30.063 0.715 92 92 100
-20.645 29.989 0.708 145 128 100
-20.626 30.040 0.714 153 133 98
-20.542 30.089 0.719 90 91 93
-20.605 30.076 0.719 80 82 81
-20.632 29.979 0.706 155 132 100
-20.543 30.071 0.717 93 94 98
-20.635 30.038 0.714 153 133 100
-20.628 30.057 0.717 145 134 104
-20.569 29.970 0.820 28 29 31
-20.559 29.976 0.821 24 24 22
-20.558 29.974 0.824 29 28 23
-20.564 29.987 0.805 76 77 79
-20.567 29.967 0.825 32 31 27
-20.552 29.983 0.820 21 21 23
-20.865 29.610 0.811 179 182 197
-20.877 29.596 0.812 126 133 149
-20.886 29.592 0.802 173 186 203
-20.869 29.596 0.829 106 99 115
-20.897 29.569 0.826 141 164 216
-20.873 29.608 0.797 184 188 199
-20.889 29.571 0.840 66 80 107
-20.872 29.583 0.852 30 30 38
-20.866 29.615 0.797 196 194 208
-20.872 29.602 0.811 145 147 159
-20.881 29.570 0.858 44 48 77
-20.885 29.577 0.836 39 49 74
-20.889 29.584 0.811 151 168 198
-20.889 29.571 0.838 73 88 121
-20.878 29.568 0.867 83 90 119
-20.898 29.567 0.825 154 181 236
-20.871 29.601 0.816 125 124 138
-20.862 29.618 0.799 197 196 210
-20.885 29.567 0.855 67 73 107
-20.887 29.571 0.842 41 53 79
-20.888 29.564 0.855 87 95 131
-20.857 29.624 0.796 194 197 206
-20.884 29.570 0.851 50 57 85
-20.876 29.585 0.837 33 38 57
-20.894 29.583 0.803 178 199 228
-20.886 29.588 0.809 158 173 196
-20.858 29.617 0.811 193 199 223
-20.902 29.576 0.800 176 197 242
-20.885 29.594 0.798 170 194 206
-20.897 29.578 0.806 167 189 230
-20.887 29.596 0.792 176 187 205
-20.879 29.569 0.864 88 91 124
-20.878 29.601 0.800 179 193 204
-20.869 29.609 0.802 189 191 203
-20.891 29.568 0.840 95 111 145
-20.883 29.588 0.816 128 138 165
-20.863 29.598 0.838 122 118 132
-20.899 29.574 0.810 163 184 237
-20.896 29.579 0.806 167 189 230
-20.857 29.615 0.816 180 186 210
-20.899 29.572 0.816 153 182 238
-20.881 29.575 0.846 32 38 60
-20.902 29.577 0.797 182 201 234
-20.871 29.592 0.834 98 89 108
-20.872 29.610 0.795 192 192 204
-20.875 29.584 0.842 34 37 52
-20.834 29.614 0.750 205 205 205
-20.859 29.614 0.782 197 200 205
-20.900 29.579 0.780 173 182 199
-20.846 29.625 0.781 193 198 194
-20.845 29.600 0.742 200 199 197
-20.872 29.595 0.770 182 190 203
-20.832 29.614 0.748 207 206 204
-20.856 29.602 0.760 188 192 203
-20.860 29.592 0.749 189 193 205
-20.878 29.591 0.770 180 189 204
-20.870 29.612 0.793 199 197 210
-20.890 29.590 0.785 174 193 208
-20.896 29.569 0.760 175 177 190
-20.847 29.604 0.751 190 192 204
-20.893 29.589 0.786 175 192 208
-20.849 29.607 0.759 190 197 205
-20.871 29.589 0.759 182 188 202
-20.835 29.620 0.761 203 207 206
-20.882 29.572 0.747 163 170 180
-20.855 29.606 0.765 188 195 203
-20.857 29.586 0.738 188 186 187
-20.877 29.598 0.780 184 191 207
-20.837 29.599 0.731 206 198 196
-20.879 29.588 0.767 174 183 198
-20.853 29.600 0.753 194 196 208
-20.852 29.600 0.751 193 195 207
-20.875 29.607 0.790 188 191 208
-20.860 29.615 0.785 195 198 203
-20.839 29.625 0.773 196 201 197
-20.848 29.595 0.740 201 199 202
-20.850 29.595 0.741 200 199 205
-20.842 29.630 0.785 195 195 197
-20.864 29.587 0.746 173 175 187
-20.839 29.611 0.752 198 199 201
-20.884 29.578 0.758 188 194 210
-20.875 29.586 0.760 180 188 201
-20.896 29.585 0.784 174 190 206
-20.866 29.599 0.768 188 194 206
-20.863 29.616 0.789 192 193 198
-20.899 29.577 0.776 167 174 192
-20.864 29.588 0.748 174 178 189
-20.872 29.581 0.749 168 176 189
-20.858 29.591 0.745 191 191 199
-20.846 29.603 0.748 191 193 205
-20.830 29.603 0.729 205 194 200
-20.843 29.632 0.789 193 194 198
-20.855 29.588 0.738 198 196 199
-20.848 29.603 0.751 190 192 204
-20.856 29.613 0.777 192 200 203
-20.835 29.602 0.733 208 200 198
-20.871 29.580 0.745 149 153 164
-20.868 29.611 0.788 195 195 207
-20.850 29.603 0.753 193 195 207
-20.833 29.642 0.798 189 191 203
-20.810 29.651 0.797 177 176 184
-20.815 29.648 0.795 196 191 197
-20.790 29.658 0.794 95 98 113
-20.779 29.667 0.802 178 199 220
-20.828 29.629 0.771 203 204 198
-20.816 29.622 0.749 203 198 195
-20.799 29.651 0.788 191 182 185
-20.811 29.634 0.765 207 204 199
-20.776 29.661 0.790 132 137 156
-20.812 29.621 0.744 208 200 197
-20.827 29.645 0.798 189 189 199
-20.795 29.648 0.780 186 177 172
-20.792 29.652 0.785 151 145 149
-20.797 29.643 0.772 200 193 185
-20.807 29.650 0.791 182 173 178
-20.818 29.637 0.777 200 197 188
-20.835 29.632 0.781 199 200 192
-20.807 29.628 0.753 206 201 198
-20.829 29.624 0.763 201 203 200
-20.808 29.642 0.778 205 198 190
-20.812 29.633 0.765 206 203 196
-20.825 29.617 0.746 208 204 201
-20.785 29.661 0.795 117 124 142
-20.775 29.667 0.798 167 183 208
-20.820 29.614 0.737 208 200 198
-20.766 29.672 0.801 169 185 211
-20.818 29.638 0.779 201 197 186
-20.839 29.631 0.782 199 201 196
-20.810 29.623 0.747 207 199 197
-20.780 29.666 0.801 174 191 211
-20.805 29.647 0.785 204 192 192
-20.769 29.671 0.801 169 186 212
-20.837 29.633 0.784 200 200 200
-20.838 29.637 0.792 193 194 199
-20.805 29.625 0.745 207 199 197
-20.833 29.628 0.772 200 202 197
-20.809 29.641 0.777 205 198 190
-20.797 29.649 0.783 199 191 189
-20.825 29.635 0.779 198 198 188
-20.754 29.680 0.806 168 182 208
-20.782 29.653 0.779 145 137 134
-20.811 29.643 0.783 212 198 197
-20.784 29.665 0.802 178 197 214
-20.775 29.668 0.801 176 194 216
-20.756 29.655 0.767 125 126 118
-20.746 29.649 0.751 190 183 177
-20.685 29.660 0.733 158 174 190
-20.766 29.664 0.788 163 169 191
-20.688 29.671 0.754 168 167 172
-20.710 29.662 0.751 175 170 174
-20.741 29.629 0.715 101 127 164
-20.737 29.667 0.775 184 191 201
-20.720 29.647 0.733 170 177 203
-20.647 29.661 0.714 204 202 205
-20.720 29.675 0.779 209 213 225
-20.736 29.640 0.731 152 158 194
-20.694 29.663 0.744 154 159 178
-20.680 29.657 0.725 196 220 222
-20.727 29.656 0.752 174 169 165
-20.739 29.679 0.796 142 151 184
-20.803 29.620 0.736 206 202 199
-20.767 29.626 0.725 158 166 202
-20.797 29.619 0.731 207 195 209
-20.739 29.670 0.782 209 217 230
-20.779 29.642 0.759 206 196 187
-20.794 29.626 0.742 206 198 196
-20.756 29.669 0.789 184 192 213
-20.734 29.650 0.746 163 159 160
-20.686 29.655 0.726 200 223 229
-20.746 29.627 0.715 84 109 150
-20.749 29.658 0.768 129 130 125
-20.706 29.662 0.749 175 172 181
-20.733 29.672 0.781 209 217 230
-20.712 29.656 0.743 161 158 179
-20.748 29.639 0.736 169 172 191
-20.774 29.622 0.722 149 164 195
-20.732 29.671 0.779 208 214 226
-20.784 29.635 0.750 205 196 187
-20.757 29.651 0.760 169 160 155
-20.696 29.670 0.756 173 171 174
-20.711 29.654 0.740 155 155 179
-20.784 29.641 0.759 207 198 191
-20.696 29.660 0.740 145 150 170
-20.758 29.650 0.760 169 160 155
-20.793 29.624 0.736 205 196 199
-20.762 29.646 0.755 194 183 177
-20.751 29.658 0.769 141 143 138
-20.772 29.652 0.770 168 159 152
-20.735 29.633 0.717 111 137 170
-20.762 29.655 0.769 123 118 114
-20.744 29.673 0.789 179 189 214
-20.793 29.614 0.720 151 157 193
-20.803 29.617 0.731 200 192 203
-20.772 29.647 0.761 194 185 178
-20.715 29.652 0.738 156 158 183
-20.718 29.640 0.720 176 198 211
-20.742 29.655 0.759 158 154 153
-20.775 29.650 0.769 168 159 152
-20.723 29.653 0.743 162 158 172
-20.769 29.638 0.746 199 190 185
-20.715 29.652 0.737 156 158 183
-20.767 29.624 0.722 152 167 198
-20.757 29.631 0.727 165 173 209
-20.779 29.641 0.758 206 196 187
-20.679 29.645 0.705 169 164 160
-20.776 29.648 0.767 189 180 173
-20.668 29.654 0.714 223 229 225
-20.753 29.679 0.804 164 178 205
-20.656 29.658 0.713 198 196 199
-20.690 29.651 0.722 197 224 217
-20.754 29.652 0.761 162 156 156
-20.752 29.626 0.717 90 115 156
-20.658 29.659 0.716 225 226 231
-20.742 29.634 0.723 132 154 193
-20.754 29.636 0.734 167 172 194
-20.727 29.670 0.775 204 208 220
-20.688 29.655 0.727 202 225 231
-20.770 29.649 0.765 187 178 173
-20.734 29.671 0.780 209 217 230
-20.753 29.679 0.804 164 178 205
-20.755 29.673 0.796 167 180 212
-20.693 29.644 0.712 210 215 209
-20.700 29.669 0.757 173 171 174
-20.778 29.644 0.762 204 194 185
-20.774 29.628 0.733 181 179 203
-20.753 29.636 0.733 170 174 201
-20.751 29.675 0.796 158 169 201
-20.678 29.646 0.706 169 164 160
-20.732 29.652 0.747 170 164 164
-20.766 29.654 0.770 129 124 120
-20.724 29.638 0.720 142 167 187
-20.777 29.618 0.717 144 156 208
-20.674 29.661 0.729 192 213 218
-20.657 29.664 0.723 213 226 232
-20.775 29.643 0.757 205 195 186
-20.759 29.623 0.716 117 138 183
-20.696 29.668 0.753 175 173 178
-20.742 29.631 0.718 92 117 157
-20.771 29.629 0.733 188 181 197
-20.767 29.645 0.757 200 190 181
-20.750 29.648 0.752 195 185 183
-20.705 29.650 0.728 149 168 182
-20.731 29.637 0.723 130 156 183
-20.781 29.643 0.761 206 195 189
-20.765 29.640 0.746 197 189 186
-20.742 29.651 0.751 186 179 173
-20.656 29.656 0.710 159 151 149
-20.778 29.641 0.755 206 196 187
-20.737 29.651 0.749 174 169 165
-20.693 29.671 0.755 173 171 174
-20.645 29.659 0.709 130 119 113
-20.794 29.624 0.738 206 197 198
-20.753 29.656 0.766 131 130 126
-20.696 29.670 0.756 173 171 174
-20.643 29.661 0.710 155 150 147
-20.716 29.645 0.727 131 147 163
-20.773 29.620 0.718 147 161 206
-20.698 29.644 0.714 209 222 215
-20.704 29.651 0.729 149 168 182
-20.699 29.686 0.776 206 208 220
-20.634 29.661 0.706 111 95 82
-20.717 29.689 0.791 182 188 210
-20.697 29.712 0.797 213 211 212
-20.700 29.681 0.772 227 230 235
-20.703 29.698 0.789 200 203 220
-20.710 29.696 0.792 198 205 221
-20.695 29.691 0.777 202 204 217
-20.692 29.674 0.760 175 173 176
-20.669 29.728 0.790 220 220 210
-20.705 29.684 0.778 202 203 221
-20.713 29.702 0.799 205 218 227
-20.744 29.683 0.805 171 181 208
-20.675 29.672 0.745 171 176 195
-20.701 29.689 0.779 196 197 215
-20.704 29.713 0.803 209 218 217
-20.680 29.703 0.776 220 218 219
-20.655 29.711 0.765 229 219 209
-20.670 29.716 0.781 225 220 214
-20.656 29.688 0.745 210 207 226
-20.678 29.682 0.757 177 167 175
-20.675 29.720 0.788 221 219 207
-20.664 29.676 0.741 196 204 227
-20.678 29.696 0.768 218 209 210
-20.675 29.703 0.773 222 218 217
-20.657 29.717 0.771 228 220 209
-20.663 29.690 0.752 202 196 200
-20.711 29.704 0.800 207 217 226
-20.694 29.722 0.804 225 222 215
-20.731 29.690 0.802 183 189 211
-20.660 29.675 0.737 204 215 233
-20.714 29.684 0.784 189 195 209
-20.684 29.728 0.802 227 218 209
-20.742 29.687 0.807 188 196 219
-20.680 29.714 0.786 220 217 210
-20.683 29.699 0.775 219 219 221
-20.731 29.683 0.796 149 156 185
-20.688 29.707 0.785 211 209 212
-20.682 29.712 0.786 218 215 210
-20.657 29.701 0.758 227 213 213
-20.688 29.686 0.767 204 204 206
-20.689 29.720 0.799 225 218 210
-20.679 29.718 0.789 220 216 207
-20.718 29.705 0.806 198 212 213
-20.698 29.712 0.797 211 211 213
-20.665 29.708 0.770 224 217 207
-20.691 29.674 0.759 175 173 176
-20.703 29.683 0.776 211 213 226
-20.710 29.676 0.775 224 226 238
-20.696 29.717 0.801 217 218 213
-20.688 29.696 0.776 210 211 216
-20.645 29.664 0.717 223 222 227
-20.722 29.686 0.792 162 168 190
-20.656 29.666 0.726 209 224 229
-20.664 29.716 0.776 224 220 211
-20.673 29.690 0.759 216 204 204
-20.674 29.721 0.788 221 219 207
-20.680 29.688 0.763 206 200 200
-20.670 29.687 0.755 196 183 193
-20.675 29.726 0.793 223 221 208
-20.723 29.687 0.793 171 177 201
-20.670 29.690 0.757 207 194 204
-20.669 29.718 0.782 224 221 214
-20.691 29.715 0.796 218 213 209
-20.683 29.682 0.760 183 173 181
-20.694 29.673 0.760 179 177 180
-20.701 29.712 0.800 213 214 218
-20.708 29.704 0.798 208 217 224
-20.674 29.674 0.746 178 183 202
-20.822 29.855 0.793 26 29 36
-20.782 29.875 0.755 33 35 34
-20.804 29.846 0.798 43 44 49
-20.796 29.898 0.731 97 82 75
-20.783 29.836 0.804 50 50 58
-20.821 29.870 0.775 23 28 32
-20.819 29.879 0.762 23 24 29
-20.783 29.835 0.804 53 52 60
-20.865 29.856 0.808 27 32 38
-20.846 29.840 0.820 49 49 57
-20.785 29.845 0.793 37 40 45
-20.820 29.830 0.824 38 44 56
-20.799 29.866 0.771 22 25 30
-20.817 29.888 0.751 29 33 34
-20.787 29.883 0.747 33 32 30
-20.763 29.819 0.818 58 61 68
-20.814 29.874 0.767 24 25 30
-20.802 29.873 0.764 25 24 29
-20.831 29.869 0.779 24 25 29
-20.811 29.867 0.775 24 29 33
-20.807 29.904 0.727 126 106 97
-20.845 29.877 0.774 22 25 30
-20.857 29.865 0.793 19 23 26
-20.809 29.864 0.777 26 31 34
-20.814 29.846 0.802 41 44 51
-20.817 29.866 0.778 26 31 34
-20.782 29.833 0.807 53 51 62
-20.806 29.850 0.794 29 32 37
-20.810 29.877 0.763 24 25 30
-20.788 29.851 0.786 25 30 36
-20.834 29.836 0.822 47 49 61
-20.795 29.842 0.800 51 51 59
-20.790 29.859 0.777 24 32 35
-20.828 29.888 0.755 32 37 41
-20.839 29.865 0.787 23 24 28
-20.766 29.820 0.818 60 63 70
-20.775 29.847 0.787 25 30 36
-20.882 29.848 0.823 42 52 54
-20.807 29.843 0.804 50 50 58
-20.773 29.860 0.770 26 26 28
-20.826 29.871 0.775 22 27 31
-20.793 29.829 0.817 52 50 64
-20.782 29.881 0.748 29 29 27
-20.761 29.835 0.798 47 47 55
-20.833 29.880 0.766 24 24 32
-20.845 29.843 0.816 49 53 62
-20.826 29.868 0.778 24 29 33
-20.815 29.833 0.819 46 44 57
-20.778 29.843 0.793 39 42 47
-20.833 29.855 0.797 24 27 32
-20.779 29.836 0.802 49 49 57
-20.807 29.899 0.733 76 65 61
-20.822 29.894 0.744 37 35 38
-20.807 29.864 0.777 25 32 38
-20.853 29.851 0.810 41 44 51
-20.806 29.827 0.823 48 47 61
-20.813 29.832 0.819 47 45 59
-20.812 29.878 0.761 25 26 31
-20.832 29.853 0.799 27 30 37
-20.825 29.882 0.761 21 24 31
-20.822 29.834 0.820 49 48 62
-20.799 29.888 0.744 34 33 31
-20.830 29.887 0.757 33 38 44
-20.773 29.837 0.798 49 50 55
-20.785 29.870 0.762 26 26 28
-20.814 29.882 0.757 31 35 38
-20.854 29.840 0.824 43 51 54
-20.806 29.853 0.791 28 31 36
-20.815 29.897 0.738 49 42 36
-20.835 29.871 0.778 23 28 32
-20.782 29.859 0.774 22 27 30
-20.793 29.891 0.738 47 40 34
-20.871 29.849 0.818 46 49 56
-20.797 29.838 0.806 51 51 59
-20.820 29.844 0.807 47 50 59
-20.798 29.893 0.737 56 47 42
-20.832 29.886 0.759 27 32 38
-20.797 29.824 0.823 48 47 63
-20.862 29.852 0.811 37 40 47
-20.792 29.875 0.759 32 33 35
-20.805 29.874 0.764 24 23 28
-20.879 29.851 0.818 42 50 52
-20.796 29.832 0.813 51 49 62
-20.802 29.881 0.753 25 29 28
-20.853 29.871 0.785 24 25 29
-20.796 29.895 0.734 77 66 60
-20.795 29.884 0.747 34 34 32
-20.806 29.843 0.803 50 50 58
-20.790 29.876 0.756 31 35 34
-20.851 29.855 0.804 27 30 37
-20.859 29.844 0.820 49 50 55
-20.817 29.828 0.825 36 39 54
-20.761 29.832 0.802 49 48 54
-20.804 29.883 0.752 26 27 29
-20.768 29.847 0.784 22 29 35
-20.861 29.850 0.813 46 51 57
-20.813 29.868 0.774 24 29 33
-20.835 29.865 0.786 24 25 29
-20.785 29.860 0.774 22 27 30
-20.763 29.839 0.793 39 42 47
-20.805 29.886 0.749 33 33 33
-20.805 29.906 0.724 140 118 105
-20.755 29.865 0.747 27 29 26
-20.720 29.846 0.744 29 31 46
-20.714 29.847 0.738 46 49 66
-20.789 29.896 0.731 94 80 71
-20.710 29.825 0.767 68 62 62
-20.734 29.860 0.736 52 51 46
-20.728 29.820 0.790 39 39 41
-20.695 29.854 0.711 172 159 189
-20.689 29.831 0.739 158 178 211
-20.732 29.823 0.789 37 38 42
-20.728 29.870 0.716 160 141 147
-20.663 29.831 0.716 194 214 249
-20.751 29.827 0.800 50 47 54
-20.705 29.854 0.718 212 209 228
-20.713 29.856 0.723 213 207 219
-20.688 29.840 0.725 190 198 235
-20.757 29.884 0.721 142 122 113
-20.772 29.884 0.733 47 40 32
-20.689 29.836 0.732 194 212 250
-20.756 29.838 0.789 33 40 48
-20.679 29.844 0.711 166 160 208
-20.754 29.872 0.736 35 32 27
-20.664 29.833 0.714 177 181 226
-20.693 29.853 0.710 168 154 189
-20.680 29.836 0.724 190 202 240
-20.734 29.871 0.720 169 154 159
-20.746 29.821 0.805 58 53 59
-20.701 29.826 0.758 56 51 55
-20.697 29.839 0.735 171 186 219
-20.747 29.881 0.716 156 129 122
-20.708 29.848 0.730 167 177 189
-20.783 29.899 0.720 149 123 106
-20.760 29.839 0.791 33 40 48
-20.735 29.822 0.793 40 39 44
-20.738 29.868 0.727 145 136 139
-20.794 29.911 0.712 165 138 117
-20.725 29.843 0.753 39 33 43
-20.699 29.833 0.745 42 47 76
-20.734 29.859 0.738 37 37 35
-20.709 29.859 0.714 190 179 195
-20.735 29.822 0.794 46 44 47
-20.741 29.854 0.751 33 31 34
-20.746 29.831 0.791 34 39 45
-20.671 29.838 0.714 175 181 229
-20.727 29.828 0.778 51 52 54
-20.784 29.885 0.742 35 31 30
-20.791 29.906 0.718 159 130 112
-20.736 29.860 0.738 40 39 35
-20.749 29.849 0.765 35 34 32
-20.730 29.840 0.762 49 40 43
-20.779 29.878 0.749 28 28 26
-20.722 29.862 0.722 191 183 194
-20.746 29.862 0.744 29 30 25
-20.722 29.847 0.744 28 30 43
-20.735 29.821 0.794 46 44 47
-20.699 29.840 0.734 189 202 234
-20.758 29.859 0.759 30 29 27
-20.778 29.901 0.714 155 128 107
-20.761 29.884 0.723 144 124 115
-20.738 29.857 0.744 30 30 30
-20.737 29.822 0.795 46 44 47
-20.663 29.833 0.713 177 181 226
-20.741 29.855 0.749 33 31 34
-20.755 29.856 0.760 35 31 28
-20.747 29.857 0.751 28 28 26
-20.697 29.852 0.714 191 185 211
-20.769 29.880 0.736 41 34 28
-20.765 29.880 0.733 52 44 41
-20.781 29.884 0.742 34 30 27
-20.695 29.832 0.744 49 56 85
-20.729 29.871 0.715 158 137 142
-20.720 29.839 0.755 44 37 45
-20.750 29.851 0.764 39 35 32
-20.758 29.847 0.777 27 31 34
-20.775 29.874 0.752 28 30 27
-20.715 29.844 0.744 30 31 51
-20.722 29.854 0.734 72 72 80
-20.710 29.832 0.756 50 43 51
-20.766 29.846 0.785 28 33 39
-20.746 29.827 0.795 42 41 46
-20.721 29.821 0.783 41 45 48
-20.687 29.837 0.729 195 215 252
-20.772 29.899 0.711 156 131 109
-20.665 29.832 0.717 194 214 249
-20.776 29.883 0.739 34 29 26
-20.761 29.877 0.734 59 51 48
-20.686 29.835 0.731 195 215 252
-20.738 29.833 0.779 48 52 55
-20.771 29.898 0.712 156 131 109
-20.721 29.858 0.727 173 170 179
-20.733 29.849 0.752 36 31 38
-20.709 29.849 0.731 167 177 189
-20.748 29.820 0.808 55 52 61
-20.779 29.903 0.712 160 133 112
-20.765 29.859 0.765 32 30 31
-20.757 29.832 0.799 46 46 54
-20.793 29.907 0.718 159 130 112
-20.732 29.820 0.794 48 46 47
-20.721 29.830 0.769 68 68 66
-20.717 29.863 0.715 197 183 196
-20.735 29.832 0.779 49 53 56
-20.693 29.849 0.716 182 181 213
-20.665 29.836 0.711 173 170 217
-20.753 29.851 0.766 33 33 31
-20.685 29.847 0.712 174 171 216
-20.759 29.851 0.772 26 32 32
-20.733 29.887 0.701 159 137 123
-20.714 29.870 0.705 166 143 149
-20.673 29.845 0.706 168 156 194
-20.675 29.850 0.702 187 172 201
-20.767 29.897 0.710 156 131 109
-20.720 29.879 0.701 167 144 136
-20.713 29.868 0.707 171 148 156
-20.696 29.865 0.701 202 179 197
-20.728 29.884 0.701 164 142 129
-20.675 29.844 0.708 162 153 198
-20.732 29.877 0.709 164 139 135
-20.669 29.848 0.701 184 170 196
-20.701 29.864 0.704 194 171 191
-20.701 29.868 0.701 176 153 161
-20.679 29.854 0.701 206 187 209
-20.733 29.877 0.710 164 140 140
-20.779 29.906 0.708 168 146 122
-20.711 29.871 0.703 172 150 153
-20.668 29.851 0.698 182 165 171
-20.707 29.872 0.700 173 149 149
-20.636 29.705 0.708 162 153 146
-20.649 29.777 0.721 175 185 220
-20.643 29.693 0.736 211 206 238
-20.648 29.776 0.717 175 185 220
-20.637 29.694 0.714 225 212 232
-20.650 29.764 0.729 222 217 249
-20.641 29.711 0.720 203 199 224
-20.648 29.777 0.717 186 199 234
-20.651 29.773 0.729 204 208 237
-20.664 29.759 0.781 167 171 172
-20.646 29.717 0.737 219 211 248
-20.652 29.782 0.728 198 209 237
-20.635 29.711 0.702 129 116 100
-20.652 29.776 0.731 217 221 248
-20.666 29.740 0.796 222 216 216
-20.650 29.792 0.716 164 178 213
-20.660 29.761 0.764 176 172 169
-20.654 29.810 0.724 211 236 255
-20.662 29.749 0.776 197 199 198
-20.642 29.707 0.727 193 186 228
-20.640 29.695 0.724 206 195 229
-20.644 29.758 0.711 217 219 232
-20.656 29.753 0.754 175 170 177
-20.652 29.781 0.730 219 226 254
-20.664 29.753 0.782 178 182 185
-20.664 29.745 0.786 205 208 213
-20.646 29.764 0.714 193 198 220
-20.650 29.706 0.756 224 213 209
-20.651 29.739 0.744 221 217 234
-20.647 29.754 0.724 182 183 213
-20.652 29.723 0.753 228 219 210
-20.659 29.729 0.775 219 221 216
-20.661 29.756 0.770 173 172 168
-20.665 29.744 0.791 210 209 214
-20.642 29.754 0.707 196 193 200
-20.646 29.720 0.735 226 219 255
-20.652 29.718 0.755 225 215 206
-20.654 29.762 0.743 240 232 255
-20.661 29.757 0.769 173 172 168
-20.639 29.694 0.721 206 195 229
-20.648 29.744 0.730 173 172 204
-20.665 29.742 0.791 214 212 213
-20.650 29.774 0.727 204 208 237
-20.643 29.753 0.710 223 225 238
-20.668 29.745 0.799 216 211 215
-20.645 29.726 0.729 172 169 214
-20.638 29.690 0.721 229 218 248
-20.639 29.703 0.719 213 206 240
-20.662 29.757 0.774 176 176 174
-20.640 29.735 0.709 210 217 235
-20.646 29.759 0.717 195 197 218
-20.656 29.808 0.730 222 251 255
-20.660 29.784 0.755 193 184 187
-20.639 29.712 0.714 217 214 225
-20.647 29.710 0.744 218 207 223
-20.657 29.723 0.773 221 221 213
-20.655 29.785 0.738 214 219 238
-20.652 29.733 0.752 215 209 209
-20.653 29.723 0.759 228 220 209
-20.645 29.696 0.741 207 201 227
-20.651 29.802 0.715 184 199 238
-20.646 29.697 0.745 215 207 228
-20.633 29.676 0.711 110 101 94
-20.636 29.692 0.712 184 171 180
-20.641 29.750 0.705 164 159 163
-20.651 29.719 0.755 225 215 206
-20.643 29.718 0.727 184 178 224
-20.660 29.784 0.757 193 184 187
-20.649 29.769 0.724 193 194 225
-20.651 29.805 0.716 192 210 246
-20.660 29.784 0.755 193 184 187
-20.654 29.744 0.753 208 203 207
-20.659 29.764 0.762 177 171 171
-20.644 29.725 0.727 161 158 203
-20.657 29.788 0.743 224 225 243
-20.651 29.792 0.721 168 184 217
-20.652 29.782 0.728 198 209 237
-20.639 29.686 0.725 222 218 243
-20.663 29.754 0.779 168 172 173
-20.651 29.758 0.736 224 220 243
-20.662 29.741 0.780 208 216 219
-20.632 29.677 0.706 106 94 80
-20.654 29.731 0.758 224 217 211
-20.647 29.748 0.727 155 160 189
-20.641 29.749 0.705 164 159 163
-20.638 29.709 0.712 199 198 194
-20.654 29.792 0.733 228 243 255
-20.649 29.732 0.739 218 214 239
-20.724 29.810 0.797 80 72 70
-20.701 29.774 0.807 176 186 196
-20.677 29.755 0.800 188 190 202
-20.687 29.813 0.758 45 44 52
-20.653 29.827 0.712 176 185 226
-20.690 29.766 0.803 150 159 168
-20.669 29.790 0.760 217 210 204
-20.684 29.760 0.802 157 165 176
-20.679 29.764 0.794 183 182 190
-20.700 29.780 0.800 181 190 189
-20.687 29.802 0.767 103 96 90
-20.669 29.825 0.729 194 226 241
-20.669 29.762 0.785 169 177 180
-20.681 29.812 0.753 54 52 73
-20.689 29.796 0.775 172 165 155
-20.675 29.750 0.803 203 203 213
-20.693 29.793 0.782 243 239 230
-20.695 29.805 0.772 83 76 70
-20.670 29.818 0.736 198 225 244
-20.699 29.800 0.781 198 195 188
-20.713 29.820 0.777 54 53 51
-20.660 29.802 0.741 195 212 232
-20.683 29.818 0.749 61 65 94
-20.703 29.793 0.791 241 240 236
-20.694 29.793 0.783 243 239 230
-20.721 29.818 0.787 39 40 44
-20.687 29.817 0.754 49 47 60
-20.669 29.782 0.768 204 196 185
-20.733 29.801 0.813 240 237 244
-20.682 29.816 0.750 58 58 82
-20.701 29.772 0.808 161 171 181
-20.673 29.783 0.771 184 175 160
-20.730 29.816 0.797 58 52 52
-20.701 29.773 0.807 161 171 181
-20.689 29.795 0.776 197 191 179
-20.659 29.804 0.738 211 233 247
-20.667 29.798 0.751 140 138 159
-20.690 29.781 0.790 233 233 233
-20.730 29.814 0.800 59 53 53
-20.673 29.753 0.798 196 196 206
-20.666 29.791 0.757 210 202 199
-20.667 29.751 0.793 199 198 206
-20.702 29.820 0.766 65 61 58
-20.689 29.788 0.782 240 237 228
-20.719 29.789 0.811 235 240 246
-20.721 29.807 0.796 83 81 82
-20.731 29.809 0.805 86 82 83
-20.709 29.798 0.792 222 221 219
-20.667 29.818 0.734 216 246 255
-20.703 29.811 0.775 55 51 48
-20.726 29.809 0.799 76 68 66
-20.698 29.772 0.805 162 171 176
-20.696 29.787 0.790 243 242 238
-20.680 29.765 0.793 183 182 190
-20.718 29.808 0.792 89 89 89
-20.681 29.804 0.760 86 85 90
-20.709 29.808 0.784 74 73 71
-20.689 29.785 0.785 238 235 228
-20.694 29.786 0.789 240 239 235
-20.700 29.771 0.809 188 200 214
-20.661 29.791 0.752 199 196 213
-20.726 29.814 0.795 59 53 53
-20.667 29.757 0.788 170 178 181
-20.704 29.794 0.792 240 239 237
-20.718 29.786 0.812 234 241 251
-20.668 29.814 0.738 199 221 242
-20.666 29.768 0.777 148 147 142
-20.741 29.807 0.816 159 158 164
-20.673 29.798 0.757 173 167 179
-20.667 29.758 0.788 170 178 181
-20.733 29.438 0.834 123 141 163
-20.901 29.880 0.891 180 200 237
-20.880 29.891 0.886 170 171 199
-20.905 29.919 0.868 152 158 170
-20.893 29.903 0.878 173 171 193
-20.865 29.896 0.884 169 168 184
-20.874 29.875 0.896 177 191 226
-20.883 29.930 0.862 130 142 164
-20.885 29.872 0.897 180 200 237
-20.903 29.931 0.861 120 129 146
-20.884 29.871 0.897 178 197 237
-20.883 29.909 0.875 139 149 158
-20.894 29.887 0.887 162 175 209
-20.895 29.862 0.902 172 200 240
-20.899 29.951 0.849 148 162 188
-20.844 29.905 0.879 123 139 154
-20.840 29.904 0.880 122 137 156
-20.856 29.931 0.864 144 162 184
-20.899 29.950 0.849 148 162 188
-20.885 29.949 0.851 144 163 178
-20.897 29.893 0.883 163 168 198
-20.839 29.899 0.884 112 123 141
-20.899 29.893 0.883 163 168 198
-20.886 29.890 0.886 167 171 200
-20.901 29.954 0.847 142 165 183
-20.879 29.875 0.896 177 193 229
-20.875 29.907 0.877 149 156 166
-20.869 29.877 0.895 172 185 219
-20.898 29.870 0.897 174 196 233
-20.887 29.881 0.891 171 187 223
-20.881 29.914 0.872 114 127 136
-20.867 29.896 0.884 173 170 189
-20.876 29.897 0.883 173 170 189
-20.890 29.883 0.890 164 178 213
-20.862 29.930 0.863 148 163 186
-20.891 29.891 0.885 161 170 201
-20.895 29.885 0.888 165 181 215
-20.882 29.928 0.864 127 140 159
-20.903 29.960 0.843 132 155 173
-20.885 29.870 0.898 177 196 236
-20.877 29.902 0.880 174 173 189
-20.860 29.882 0.892 169 173 200
-20.869 29.896 0.884 171 168 189
-20.877 29.903 0.879 169 171 184
-20.864 29.885 0.890 169 171 196
-20.883 29.878 0.893 173 187 224
-20.906 29.929 0.861 117 126 141
-20.881 29.934 0.860 138 153 176
-20.905 29.905 0.876 177 171 197
-20.885 29.906 0.877 160 167 177
-20.868 29.909 0.875 119 129 139
-20.879 29.882 0.891 167 180 215
-20.893 29.887 0.888 162 175 209
-20.894 29.890 0.885 161 170 201
-20.897 29.942 0.854 139 153 179
-20.841 29.894 0.886 122 130 143
-20.881 29.917 0.870 114 126 138
-20.866 29.915 0.872 124 135 153
-20.851 29.926 0.866 149 164 185
-20.899 29.964 0.841 102 123 140
-20.892 29.941 0.855 143 158 181
-20.897 29.920 0.867 137 145 156
-20.895 29.942 0.855 135 150 173
-20.864 29.893 0.886 173 172 190
-20.904 29.911 0.873 169 176 186
-20.878 29.891 0.886 172 170 194
-20.889 29.868 0.899 178 196 236
-20.859 29.938 0.857 142 161 175
-20.859 29.952 0.828 127 137 146
-20.847 29.941 0.835 175 180 183
-20.906 29.987 0.821 196 209 217
-20.832 29.913 0.871 157 167 176
-20.866 29.942 0.856 137 155 177
-20.852 29.940 0.845 255 255 247
-20.863 29.948 0.841 248 252 251
-20.862 29.963 0.812 203 225 249
-20.860 29.963 0.809 180 202 225
-20.891 29.984 0.805 82 97 102
-20.850 29.934 0.854 246 254 255
-20.893 29.980 0.817 173 182 179
-20.847 29.937 0.842 243 240 233
-20.888 29.973 0.825 203 209 205
-20.886 29.978 0.811 131 148 156
-20.867 29.947 0.848 100 110 112
-20.864 29.954 0.832 180 184 187
-20.860 29.940 0.852 112 127 134
-20.882 29.961 0.840 79 92 98
-20.844 29.935 0.844 255 255 246
-20.881 29.962 0.837 97 108 110
-20.864 29.950 0.840 249 253 254
-20.851 29.941 0.839 224 225 219
-20.880 29.967 0.825 184 193 198
-20.841 29.921 0.866 162 170 191
-20.857 29.957 0.817 188 212 238
-20.874 29.953 0.845 77 100 106
-20.881 29.963 0.834 235 245 244
-20.890 29.980 0.813 122 137 144
-20.870 29.973 0.801 143 160 176
-20.852 29.946 0.831 127 138 144
-20.865 29.944 0.853 127 145 165
-20.883 29.966 0.833 227 237 236
-20.832 29.916 0.865 252 255 250
-20.901 29.980 0.827 113 126 134
-20.824 29.902 0.882 141 153 175
-20.851 29.944 0.835 184 188 189
-20.906 29.988 0.818 154 168 171
-20.851 29.928 0.865 149 164 185
-20.871 29.953 0.843 254 254 254
-20.810 29.967 0.741 134 134 136
-20.825 30.020 0.775 35 39 40
-20.856 29.965 0.798 152 168 181
-20.839 29.972 0.779 55 58 75
-20.828 29.966 0.763 185 191 215
-20.826 29.974 0.762 164 172 195
-20.836 29.953 0.770 93 96 103
-20.810 29.942 0.734 144 132 120
-20.842 29.988 0.787 28 32 43
-20.814 29.979 0.748 116 123 131
-20.801 29.923 0.717 159 137 113
-20.822 29.971 0.758 149 158 175
-20.831 29.972 0.769 147 151 178
-20.823 29.981 0.761 139 147 158
-20.825 29.947 0.755 169 175 175
-20.813 30.015 0.758 108 112 115
-20.820 29.952 0.749 137 142 146
-20.810 29.976 0.743 112 116 119
-20.822 30.002 0.766 100 104 107
-20.811 30.001 0.752 97 105 107
-20.820 29.981 0.757 126 137 143
-20.832 29.985 0.774 43 46 61
-20.822 29.983 0.761 128 137 144
-20.806 29.948 0.731 151 135 120
-20.807 29.947 0.732 148 134 123
-20.815 29.953 0.743 133 133 133
-20.825 29.966 0.759 160 168 187
-20.812 29.944 0.737 136 126 116
-20.836 29.990 0.780 23 25 37
-20.807 29.964 0.736 140 136 135
-20.813 30.016 0.757 107 111 112
-20.844 29.959 0.782 117 124 132
-20.839 30.000 0.787 25 29 30
-20.813 29.959 0.742 154 153 158
-20.805 29.966 0.734 140 133 127
-20.802 29.949 0.726 144 128 112
-20.824 30.003 0.768 69 73 74
-20.822 30.002 0.766 92 96 97
-20.825 29.977 0.763 156 163 182
-20.822 29.997 0.765 106 110 113
-20.805 29.931 0.724 158 137 116
-20.807 29.975 0.739 111 110 108
-20.823 29.991 0.764 114 122 125
-20.810 29.945 0.735 146 136 127
-20.829 30.006 0.776 23 27 28
-20.806 29.946 0.730 151 135 120
-20.819 29.969 0.752 130 140 150
-20.820 29.986 0.758 130 140 139
-20.808 29.934 0.729 157 139 117
-20.821 29.939 0.748 153 149 137
-20.831 29.954 0.764 111 115 126
-20.817 30.014 0.763 101 105 104
-20.809 29.985 0.744 100 104 105
-20.835 29.996 0.781 22 25 32
-20.818 29.956 0.747 147 151 160
-20.814 29.984 0.750 105 113 116
-20.810 29.948 0.735 146 136 127
-20.807 29.947 0.731 148 134 123
-20.846 29.985 0.792 34 38 50
-20.840 29.947 0.787 133 140 150
-20.829 29.914 0.862 253 253 245
-20.845 29.951 0.798 101 110 125
-20.842 29.944 0.809 192 216 242
-20.836 29.941 0.790 125 128 133
-20.826 29.919 0.831 185 204 218
-20.822 29.924 0.790 96 97 101
-20.826 29.908 0.869 248 253 247
-20.820 29.909 0.843 231 242 248
-20.822 29.931 0.765 134 136 135
-20.826 29.908 0.873 150 159 164
-20.847 29.953 0.800 96 115 132
-20.823 29.934 0.756 143 143 133
-20.836 29.938 0.807 206 230 255
-20.817 29.915 0.800 139 148 163
-20.833 29.928 0.828 166 188 212
-20.835 29.933 0.816 166 194 231
-20.816 29.910 0.817 195 221 248
-20.846 29.949 0.810 201 225 249
-20.819 29.901 0.865 252 252 250
-20.827 29.920 0.832 185 204 218
-20.838 29.938 0.812 193 219 254
-20.851 29.957 0.805 148 169 188
-20.816 29.921 0.774 137 145 148
-20.816 29.928 0.749 141 137 128
-20.845 29.950 0.803 94 112 132
-20.815 29.908 0.820 156 178 215
-20.826 29.933 0.776 114 122 125
-20.833 29.922 0.851 246 253 246
-20.812 29.914 0.780 103 108 112
-20.852 29.957 0.808 182 203 224
-20.825 29.930 0.783 98 102 103
-20.820 29.904 0.860 255 254 252
-20.810 29.915 0.764 152 161 166
-20.831 29.936 0.787 102 103 105
-20.818 29.920 0.790 101 102 106
-20.824 29.929 0.784 94 95 97
-20.850 29.954 0.810 197 219 242
-20.803 29.914 0.738 150 136 123
-20.810 29.922 0.737 157 141 125
-20.835 29.942 0.783 103 108 112
-20.838 29.933 0.832 143 159 174
-20.813 29.913 0.792 103 104 108
-20.809 29.913 0.770 138 153 160
-20.817 29.906 0.837 152 168 184
-20.799 29.915 0.716 158 138 114
-20.820 29.924 0.783 112 116 117
-20.810 29.907 0.797 93 94 99
-20.810 29.911 0.785 94 98 101
-20.822 29.918 0.812 185 209 237
-20.825 29.916 0.837 196 209 218
-20.814 29.905 0.828 126 143 169
-20.807 29.920 0.734 162 145 129
-20.815 29.908 0.821 173 194 225
-20.811 29.908 0.799 106 110 121
-20.818 29.904 0.849 248 254 254
-20.815 29.903 0.835 106 121 140
-20.837 29.934 0.823 126 151 182
-20.822 29.911 0.844 242 250 252
-20.807 29.919 0.738 145 131 118
-20.848 29.950 0.815 201 227 250
-20.822 29.919 0.811 201 222 249
-20.842 29.939 0.829 81 98 118
-20.829 29.933 0.787 91 95 96
-20.812 29.920 0.759 149 153 152
-20.820 29.930 0.755 137 134 129
-20.896 29.833 0.827 25 35 44
-20.903 29.828 0.829 25 42 50
-20.902 29.830 0.829 25 42 50
-20.905 29.792 0.793 247 255 254
-20.895 29.836 0.829 31 41 43
-20.902 29.813 0.812 240 253 255
-20.894 29.783 0.773 161 171 180
-20.902 29.782 0.780 192 208 221
-20.903 29.783 0.782 172 190 204
-20.892 29.788 0.776 195 205 215
-20.898 29.791 0.785 229 237 250
-20.881 29.803 0.780 229 234 238
-20.904 29.794 0.793 251 255 255
-20.872 29.807 0.776 209 209 209
-20.875 29.796 0.768 180 184 185
-20.899 29.799 0.793 254 254 255
-20.875 29.805 0.777 202 203 205
-20.878 29.802 0.777 187 192 195
-20.883 29.801 0.781 232 237 241
-20.874 29.828 0.800 60 58 72
-20.898 29.792 0.786 229 237 250
-20.905 29.768 0.768 191 196 202
-20.886 29.833 0.818 45 51 65
-20.886 29.819 0.802 215 213 226
-20.887 29.830 0.815 52 60 73
-20.900 29.795 0.792 253 255 254
-20.885 29.812 0.794 255 254 255
-20.896 29.806 0.799 252 254 253
-20.879 29.817 0.793 194 191 200
-20.896 29.809 0.802 255 255 250
-20.902 29.785 0.783 195 211 224
-20.884 29.789 0.770 167 172 175
-20.882 29.811 0.790 255 254 255
-20.904 29.780 0.779 168 186 200
-20.878 29.798 0.773 173 177 180
-20.885 29.807 0.790 248 252 255
-20.878 29.818 0.794 194 191 200
-20.876 29.825 0.798 119 115 129
-20.888 29.837 0.824 41 48 54
-20.875 29.814 0.786 216 214 219
-20.893 29.798 0.787 244 249 252
-20.891 29.816 0.804 254 255 255
-20.869 29.825 0.792 65 62 73
-20.888 29.794 0.779 220 227 233
-20.878 29.793 0.767 193 198 202
-20.892 29.834 0.824 30 39 48
-20.869 29.806 0.772 196 196 194
-20.862 29.822 0.782 82 77 81
-20.879 29.793 0.769 181 186 190
-20.861 29.822 0.783 82 77 81
-20.841 29.823 0.797 66 63 74
-20.837 29.826 0.809 60 59 73
-20.843 29.828 0.812 52 51 65
-20.773 29.818 0.819 69 67 81
-20.828 29.825 0.810 57 56 70
-20.826 29.818 0.790 85 79 81
-20.845 29.828 0.808 59 58 72
-20.848 29.830 0.815 43 45 58
-20.866 29.829 0.803 59 58 74
-20.794 29.820 0.812 67 64 81
-20.835 29.831 0.826 45 49 60
-20.795 29.822 0.818 58 57 75
-20.830 29.829 0.822 37 41 53
-20.847 29.822 0.790 72 69 76
-20.823 29.823 0.808 64 62 76
-20.848 29.819 0.781 78 74 73
-20.829 29.829 0.822 37 41 53
-20.884 29.842 0.830 48 54 54
-20.823 29.815 0.783 89 84 81
-20.795 29.822 0.820 58 57 75
-20.855 29.820 0.780 81 75 77
-20.843 29.826 0.806 63 61 75
-20.843 29.822 0.793 69 66 75
-20.877 29.834 0.812 43 45 58
-20.849 29.816 0.772 111 110 108
-20.840 29.828 0.813 50 49 63
-20.804 29.821 0.809 67 64 81
-20.837 29.829 0.818 41 43 56
-20.810 29.815 0.789 97 89 87
-20.814 29.825 0.818 50 52 67
-20.807 29.819 0.802 73 67 77
-20.827 29.829 0.824 39 43 55
-20.801 29.821 0.812 68 65 82
-20.814 29.824 0.813 59 58 74
-20.811 29.824 0.815 61 60 76
-20.789 29.822 0.823 53 52 70
-20.819 29.819 0.796 76 71 78
-20.808 29.826 0.824 35 38 53
-20.837 29.827 0.812 53 52 66
-20.815 29.823 0.812 62 61 77
-20.772 29.818 0.818 74 72 86
-20.877 29.836 0.817 44 46 58
-20.854 29.826 0.799 63 61 75
-20.834 29.820 0.792 78 73 79
-20.841 29.820 0.787 81 76 80
-20.817 30.067 0.776 36 37 42
-20.825 30.091 0.793 30 34 35
-20.808 30.120 0.775 34 33 39
-20.827 30.077 0.792 31 32 36
-20.813 30.064 0.770 32 31 26
-20.844 30.110 0.824 238 225 190
-20.832 30.141 0.814 181 178 171
-20.843 30.107 0.821 242 229 195
-20.822 30.097 0.790 29 33 44
-20.809 30.153 0.783 33 35 30
-20.848 30.121 0.831 206 191 148
-20.805 30.132 0.774 60 54 64
-20.802 30.186 0.781 38 40 35
-20.836 30.113 0.813 195 187 174
-20.823 30.072 0.786 42 41 49
-20.810 30.107 0.775 20 19 27
-20.831 30.108 0.804 101 102 96
-20.842 30.113 0.821 218 207 177
-20.819 30.158 0.800 148 149 143
-20.823 30.147 0.802 165 168 159
-20.825 30.153 0.806 181 182 174
-20.826 30.097 0.796 34 38 41
-20.824 30.167 0.808 183 180 171
-20.842 30.123 0.823 197 187 160
-20.830 30.102 0.802 71 73 68
-20.842 30.139 0.827 191 185 159
-20.811 30.158 0.789 56 57 61
-20.832 30.126 0.811 180 179 174
-20.810 30.130 0.780 104 106 105
-20.799 30.203 0.781 93 93 95
-20.830 30.083 0.798 54 58 57
-20.830 30.095 0.801 67 69 64
-20.815 30.183 0.798 134 133 131
-20.807 30.180 0.787 41 42 47
-20.813 30.072 0.772 30 30 32
-20.814 30.061 0.771 35 35 35
-20.819 30.091 0.784 28 24 38
-20.813 30.068 0.772 32 32 34
-20.837 30.115 0.815 195 187 174
-20.814 30.124 0.785 104 104 114
-20.818 30.121 0.789 55 56 61
-20.842 30.127 0.824 189 182 156
-20.810 30.125 0.780 98 100 99
-20.827 30.086 0.795 29 33 34
-20.813 30.084 0.774 21 21 29
-20.817 30.129 0.791 153 154 158
-20.837 30.144 0.822 188 185 170
-20.849 30.120 0.833 206 187 144
-20.813 30.135 0.785 90 91 96
-20.827 30.140 0.807 185 186 178
-20.832 30.150 0.815 174 171 162
-20.817 30.169 0.798 129 130 125
-20.834 30.106 0.809 158 156 144
-20.825 30.082 0.791 28 27 32
-20.843 30.104 0.821 253 241 203
-20.825 30.128 0.801 160 161 156
-20.820 30.160 0.800 148 149 143
-20.810 30.110 0.775 20 19 27
-20.807 30.120 0.775 34 33 39
-20.808 30.114 0.774 21 20 28
-20.810 30.146 0.784 46 47 51
-20.828 30.082 0.796 29 33 36
-20.847 30.124 0.831 197 184 142
-20.810 30.138 0.783 63 64 68
-20.806 30.136 0.776 51 51 53
-20.828 30.126 0.805 137 138 133
-20.805 30.192 0.787 93 93 93
-20.798 30.193 0.778 81 74 82
-20.769 29.450 0.771 71 82 102
-20.777 29.472 0.736 70 69 65
-20.783 29.442 0.779 204 210 222
-20.792 29.452 0.760 80 85 104
-20.777 29.475 0.732 79 78 74
-20.777 29.485 0.718 174 172 177
-20.772 29.483 0.723 159 154 158
-20.743 29.460 0.768 112 119 145
-20.768 29.494 0.709 188 184 185
-20.814 29.450 0.754 72 78 94
-20.750 29.467 0.755 86 86 88
-20.782 29.452 0.764 94 100 124
-20.772 29.452 0.768 75 86 106
-20.807 29.455 0.750 69 73 82
-20.778 29.477 0.729 119 117 122
-20.818 29.445 0.759 59 65 81
-20.781 29.448 0.770 73 81 100
-20.741 29.449 0.785 172 183 201
-20.749 29.497 0.712 189 183 187
-20.754 29.507 0.695 178 168 179
-20.817 29.446 0.758 54 60 76
-20.771 29.484 0.722 172 167 171
-20.753 29.461 0.763 82 88 112
-20.772 29.459 0.757 63 69 83
-20.754 29.473 0.745 75 74 70
-20.755 29.486 0.726 167 162 166
-20.795 29.441 0.774 192 198 212
-20.756 29.466 0.754 74 75 80
-20.769 29.446 0.777 138 147 162
-20.770 29.466 0.749 86 87 82
-20.760 29.443 0.785 239 246 255
-20.769 29.470 0.743 88 87 83
-20.823 29.440 0.764 89 92 109
-20.784 29.457 0.755 67 70 89
-20.771 29.452 0.768 75 86 106
-20.747 29.451 0.780 117 130 147
-20.745 29.502 0.706 186 180 184
-20.809 29.454 0.750 72 79 89
-20.775 29.486 0.717 174 172 177
-20.744 29.472 0.751 91 91 89
-20.818 29.444 0.760 59 65 81
-20.768 29.470 0.743 75 74 72
-20.757 29.489 0.720 182 176 178
-20.754 29.490 0.720 183 178 182
-20.771 29.462 0.754 73 77 80
-20.757 29.461 0.761 66 72 88
-20.754 29.500 0.705 191 185 189
-20.806 29.449 0.758 59 65 79
-20.774 29.485 0.718 172 170 173
-20.790 29.451 0.761 71 78 96
-20.761 29.482 0.729 149 147 150
-20.741 29.452 0.781 103 114 142
-20.764 29.465 0.752 79 78 83
-20.751 29.512 0.690 192 190 195
-20.755 29.467 0.753 79 79 81
-20.752 29.463 0.761 68 73 92
-20.769 29.473 0.738 71 70 68
-20.765 29.488 0.719 178 174 175
-20.747 29.453 0.777 90 102 126
-20.795 29.455 0.754 80 83 102
-20.782 29.471 0.736 68 67 63
-20.750 29.483 0.732 156 154 155
-20.725 29.727 0.810 220 217 208
-20.737 29.779 0.815 239 243 255
-20.708 29.769 0.810 202 219 229
-20.712 29.752 0.810 204 204 214
-20.719 29.709 0.808 208 219 221
-20.739 29.725 0.812 219 220 214
-20.737 29.775 0.815 228 241 255
-20.694 29.756 0.807 175 184 191
-20.732 29.754 0.813 189 199 209
-20.742 29.738 0.813 225 214 212
-20.718 29.769 0.812 208 223 242
-20.744 29.698 0.810 207 214 230
-20.724 29.754 0.811 189 197 208
-20.723 29.727 0.810 220 217 208
-20.728 29.734 0.811 222 215 207
-20.742 29.800 0.817 255 254 255
-20.747 29.703 0.811 207 214 224
-20.690 29.743 0.806 213 212 210
-20.749 29.725 0.813 218 221 214
-20.745 29.689 0.810 198 206 227
-20.721 29.775 0.813 222 235 251
-20.705 29.731 0.807 222 218 207
-20.727 29.781 0.814 231 241 253
-20.736 29.768 0.814 177 195 217
-20.708 29.715 0.807 216 222 218
-20.743 29.747 0.814 212 210 215
-20.697 29.734 0.806 230 221 212
-20.711 29.756 0.810 186 192 208
-20.730 29.787 0.815 237 246 255
-20.715 29.777 0.812 227 240 249
-20.750 29.761 0.816 167 185 205
-20.727 29.718 0.809 219 224 218
-20.704 29.763 0.809 165 177 193
-20.739 29.789 0.816 247 250 255
-20.744 29.802 0.818 254 253 255
-20.684 29.753 0.806 194 199 203
-20.728 29.783 0.814 231 241 253
-20.704 29.759 0.809 167 174 190
-20.672 29.742 0.804 213 212 218
-20.747 29.774 0.816 232 242 252
-20.698 29.754 0.808 193 200 210
-20.726 29.790 0.814 238 245 253
-20.731 29.763 0.813 155 173 193
-20.687 29.741 0.806 216 215 213
-20.745 29.786 0.817 253 254 255
-20.744 29.747 0.814 212 210 215
-20.746 29.805 0.818 193 191 202
-20.728 29.715 0.809 215 224 221
-20.737 29.737 0.812 224 213 209
-20.743 29.750 0.814 200 204 215
-20.721 29.759 0.811 171 180 195
-20.683 29.745 0.805 211 211 211
-20.680 29.747 0.805 202 206 209
-20.741 29.729 0.812 220 217 212
-20.812 30.186 0.801 31 32 37
-20.836 30.144 0.830 105 105 103
-20.810 30.181 0.808 18 21 26
-20.828 30.141 0.840 134 133 128
-20.787 30.177 0.833 57 57 59
-20.817 30.154 0.834 138 137 133
-20.802 30.162 0.837 96 96 94
-20.795 30.208 0.790 29 34 37
-20.807 30.164 0.831 59 61 60
-20.805 30.185 0.808 19 22 27
-20.809 30.193 0.796 42 46 47
-20.801 30.193 0.803 27 31 32
-20.818 30.158 0.828 100 100 98
-20.786 30.190 0.818 16 19 24
-20.796 30.180 0.821 25 28 33
-20.816 30.159 0.829 100 100 98
-20.807 30.195 0.795 45 49 50
-20.838 30.148 0.824 111 113 112
-20.805 30.163 0.834 80 82 81
-20.785 30.184 0.826 40 41 45
-20.806 30.159 0.837 106 106 104
-20.798 30.190 0.808 19 23 24
-20.811 30.161 0.831 87 89 88
-20.835 30.144 0.830 105 105 103
-20.833 30.145 0.831 129 129 127
-20.806 30.186 0.805 22 25 30
-20.796 30.184 0.817 16 19 24
-20.807 30.171 0.822 26 27 31
-20.788 30.191 0.816 18 21 28
-20.812 30.154 0.838 160 159 154
-20.821 30.173 0.809 25 28 35
-20.792 30.182 0.822 29 30 35
-20.827 30.149 0.831 141 141 139
-20.832 30.147 0.829 138 138 136
-20.823 30.166 0.815 45 46 51
