-20.127 28.408 0.341 125 128 119
-20.140 28.389 0.305 97 99 88
-20.156 28.412 0.366 32 30 31
-20.146 28.396 0.322 104 102 90
-20.130 28.399 0.322 110 112 101
-20.128 28.388 0.296 112 114 109
-20.133 28.408 0.346 124 125 119
-20.124 28.391 0.302 102 104 99
-20.136 28.394 0.314 114 116 103
-20.109 28.401 0.317 103 104 96
-20.119 28.391 0.299 117 118 113
-20.123 28.403 0.329 109 112 101
-20.122 28.386 0.288 165 166 161
-20.150 28.406 0.348 104 105 99
-20.125 28.413 0.351 132 135 128
-20.099 28.418 0.351 98 99 85
-20.140 28.410 0.353 97 98 92
-20.145 28.398 0.329 123 121 109
-20.094 28.421 0.355 109 107 92
-20.146 28.407 0.348 90 91 85
-20.167 28.410 0.366 29 29 29
-20.134 28.412 0.355 101 102 96
-20.115 28.405 0.329 103 106 95
-20.108 28.421 0.363 83 84 76
-20.168 28.411 0.368 29 29 29
-20.140 28.397 0.322 99 99 87
-20.146 28.398 0.327 113 111 99
-20.150 28.412 0.361 30 31 26
-20.105 28.412 0.340 107 107 95
-20.132 28.385 0.291 120 122 119
-20.098 28.414 0.342 109 107 95
-20.142 28.407 0.347 120 121 115
-20.126 28.381 0.279 177 176 171
-20.137 28.393 0.311 117 119 106
-20.125 28.381 0.277 172 171 166
-20.145 28.407 0.348 108 109 103
-20.107 28.412 0.341 107 109 96
-20.107 28.404 0.322 92 93 85
-20.141 28.415 0.365 79 80 74
-20.161 28.407 0.355 24 25 20
-20.154 28.404 0.345 88 89 83
-20.134 28.408 0.346 124 125 119
-20.172 28.410 0.367 30 30 32
-20.115 28.414 0.350 130 133 124
-20.102 28.416 0.349 103 104 88
-20.151 28.397 0.328 120 121 113
-20.106 28.481 0.137 22 22 20
-20.063 28.486 0.255 18 17 15
-20.038 28.492 0.293 16 14 15
-20.074 28.488 0.185 23 22 20
-20.058 28.487 0.265 17 16 14
-20.083 28.492 0.100 24 24 22
-20.100 28.483 0.129 20 20 18
-20.026 28.494 0.324 81 80 76
-20.073 28.485 0.226 21 20 18
-20.033 28.492 0.314 36 35 31
-20.073 28.491 0.147 21 20 18
-20.093 28.485 0.141 20 20 18
-20.097 28.488 0.078 25 25 23
-20.095 28.490 0.073 24 24 22
-20.071 28.494 0.124 22 22 20
-20.067 28.488 0.210 21 20 18
-20.084 28.485 0.172 23 22 20
-20.102 28.491 0.027 27 27 27
-20.071 28.490 0.177 21 21 19
-20.066 28.491 0.178 23 23 21
-20.104 28.491 0.018 27 27 27
-20.048 28.494 0.229 23 22 20
-20.102 28.483 0.124 21 21 19
-20.076 28.490 0.145 21 20 18
-20.084 28.488 0.143 20 19 17
-20.105 28.483 0.113 20 20 18
-20.101 28.487 0.078 24 24 22
-20.036 28.492 0.302 17 16 14
-20.089 28.492 0.068 25 25 23
-20.107 28.479 0.153 23 22 20
-20.047 28.493 0.241 21 21 21
-20.077 28.490 0.153 21 20 18
-20.081 28.491 0.117 21 21 19
-20.062 28.492 0.183 21 21 19
-20.101 28.485 0.109 20 20 18
-20.078 28.492 0.120 23 23 21
-20.099 28.480 0.176 24 23 19
-20.087 28.490 0.106 22 22 20
-20.068 28.494 0.136 23 23 21
-20.096 28.489 0.071 24 24 22
-20.105 28.490 0.026 27 27 27
-20.078 28.489 0.158 22 21 19
-20.058 28.491 0.224 22 21 19
-20.096 28.491 0.050 26 26 24
-20.018 28.496 0.332 47 46 42
-20.102 28.478 0.179 24 23 19
-20.090 28.485 0.150 22 21 19
-20.041 28.493 0.276 17 17 15
-20.079 28.491 0.131 21 21 19
-20.105 28.479 0.160 24 23 21
-20.081 28.486 0.184 24 23 21
-20.053 28.493 0.211 23 22 20
-20.076 28.484 0.223 22 21 19
-20.035 28.494 0.278 17 17 15
-20.050 28.490 0.273 17 15 16
-20.101 28.486 0.094 21 21 19
-20.097 28.480 0.185 25 24 20
-20.099 28.493 0.019 27 27 27
-20.076 28.488 0.181 22 21 19
-20.103 28.488 0.049 25 25 25
-20.095 28.492 0.039 27 27 27
-20.064 28.491 0.192 22 21 19
-20.076 28.487 0.183 23 22 20
-20.081 28.493 0.098 25 25 23
-20.070 28.485 0.239 20 20 18
-20.090 28.490 0.087 24 24 22
-20.092 28.491 0.073 25 25 23
-20.057 28.489 0.253 18 18 16
-20.026 28.496 0.299 17 16 14
-20.037 28.494 0.273 17 17 15
-20.058 28.487 0.265 17 16 14
-20.086 28.491 0.101 23 23 21
-20.078 28.491 0.128 21 21 19
-20.089 28.489 0.112 22 22 20
-20.099 28.487 0.090 22 22 20
-20.107 28.479 0.154 23 22 20
-20.067 28.491 0.178 23 23 21
-20.086 28.492 0.088 25 25 23
-20.099 28.487 0.088 22 22 20
-20.074 28.492 0.133 21 21 19
-20.096 28.489 0.073 24 24 22
-20.097 28.491 0.044 27 27 27
-20.065 28.494 0.145 21 21 19
-20.024 28.496 0.302 17 16 14
-20.098 28.482 0.151 23 22 20
-20.028 28.493 0.324 81 80 76
-20.058 28.490 0.230 22 21 19
-20.097 28.481 0.173 24 23 19
-20.074 28.486 0.206 23 22 20
-20.102 28.490 0.040 27 27 27
-20.106 28.481 0.126 21 21 19
-20.066 28.493 0.165 19 19 17
-20.007 28.498 0.363 68 67 62
-20.051 28.495 0.201 21 20 18
-20.057 28.489 0.243 19 19 17
-20.105 28.489 0.036 27 27 27
-20.023 28.495 0.327 4 3 0
-20.097 28.489 0.073 25 25 23
-20.054 28.494 0.199 22 21 19
-20.064 28.491 0.188 21 21 19
-20.078 28.511 0.305 27 24 19
-20.102 28.492 0.221 24 23 19
-20.111 28.490 0.202 25 24 20
-20.067 28.494 0.274 23 19 18
-20.092 28.495 0.240 25 21 20
-20.107 28.509 0.260 26 22 21
-20.099 28.511 0.277 26 22 21
-20.109 28.504 0.244 26 22 21
-20.061 28.498 0.292 23 22 20
-20.107 28.507 0.257 26 22 21
-20.116 28.508 0.246 28 24 23
-20.085 28.496 0.255 23 22 18
-20.110 28.486 0.193 25 24 20
-20.061 28.491 0.272 19 18 16
-20.101 28.484 0.197 24 23 19
-20.083 28.511 0.301 27 24 19
-20.112 28.508 0.251 26 22 21
-20.099 28.480 0.190 25 24 20
-20.039 28.499 0.326 66 66 58
-20.060 28.497 0.292 23 22 20
-20.033 28.505 0.351 119 119 111
-20.086 28.494 0.247 23 22 18
-20.101 28.489 0.211 24 23 19
-20.037 28.494 0.316 65 64 60
-20.097 28.486 0.209 23 22 18
-20.096 28.508 0.273 26 22 21
-20.048 28.494 0.299 16 15 13
-20.099 28.519 0.301 28 25 20
-20.110 28.512 0.264 26 22 21
-20.103 28.492 0.218 24 23 19
-20.112 28.521 0.287 30 26 23
-20.044 28.497 0.315 14 13 8
-20.114 28.516 0.270 27 23 22
-20.100 28.512 0.278 26 22 21
-20.103 28.503 0.251 25 21 20
-20.097 28.495 0.234 23 22 18
-20.076 28.514 0.317 28 25 20
-20.069 28.504 0.298 26 22 19
-20.106 28.503 0.245 25 21 20
-20.061 28.509 0.325 19 19 11
-20.067 28.492 0.268 20 19 17
-20.060 28.497 0.290 26 24 25
-20.038 28.495 0.317 145 144 140
-20.106 28.500 0.236 24 23 19
-20.086 28.489 0.233 23 22 20
-20.099 28.493 0.226 24 23 19
-20.046 28.504 0.330 49 49 41
-20.087 28.505 0.278 26 22 19
-20.043 28.495 0.311 70 69 65
-20.076 28.510 0.305 27 24 19
-20.043 28.504 0.335 85 82 73
-20.040 28.503 0.335 112 112 102
-20.073 28.500 0.283 25 21 20
-20.016 28.499 0.357 72 72 64
-20.095 28.511 0.282 26 22 21
-20.081 28.514 0.310 26 23 18
-20.077 28.494 0.260 23 22 18
-20.043 28.499 0.321 29 28 23
-20.106 28.507 0.256 25 21 20
-20.102 28.515 0.285 28 24 23
-20.103 28.498 0.235 24 23 19
-20.103 28.496 0.231 24 23 19
-20.059 28.492 0.279 18 17 15
-20.053 28.488 0.278 17 16 14
-20.111 28.510 0.259 26 22 21
-20.073 28.503 0.290 25 21 18
-20.073 28.514 0.321 27 24 19
-20.112 28.501 0.233 24 23 19
-20.086 28.498 0.259 25 21 18
-20.098 28.497 0.238 25 21 20
-20.044 28.508 0.343 107 107 97
-20.088 28.505 0.275 26 22 19
-20.103 28.494 0.224 24 23 19
-20.097 28.483 0.201 23 22 18
-20.106 28.485 0.194 25 24 20
-20.121 28.515 0.259 27 23 22
-20.080 28.484 0.226 20 19 17
-20.113 28.515 0.268 27 23 22
-20.099 28.496 0.233 23 22 18
-20.088 28.502 0.267 24 20 17
-20.105 28.499 0.236 24 23 19
-20.097 28.512 0.283 26 22 21
-20.026 28.497 0.340 67 66 61
-20.061 28.492 0.275 20 19 17
-20.105 28.497 0.230 24 23 19
-20.111 28.499 0.227 24 23 19
-20.068 28.501 0.292 25 21 20
-20.100 28.495 0.229 24 23 19
-20.101 28.520 0.302 29 25 22
-20.085 28.491 0.240 22 21 17
-20.092 28.515 0.331 49 46 39
-20.099 28.513 0.355 73 71 59
-20.053 28.507 0.354 80 80 70
-20.073 28.509 0.361 69 66 59
-20.087 28.517 0.318 25 22 15
-20.091 28.513 0.344 151 148 139
-20.023 28.503 0.361 60 60 52
-20.053 28.506 0.366 34 33 28
-20.110 28.514 0.355 56 56 44
-20.087 28.511 0.354 85 82 73
-20.055 28.507 0.354 80 80 70
-20.032 28.504 0.359 59 60 52
-20.116 28.517 0.337 131 132 116
-20.110 28.517 0.335 117 118 102
-20.115 28.522 0.301 29 25 24
-20.091 28.512 0.351 95 92 83
-20.055 28.508 0.349 142 142 132
-20.063 28.511 0.339 101 98 89
-20.118 28.518 0.334 111 112 96
-20.060 28.508 0.357 93 93 85
-20.085 28.516 0.317 25 22 15
-20.045 28.507 0.347 142 142 132
-20.069 28.508 0.359 79 76 69
-20.118 28.520 0.322 24 25 17
-20.114 28.516 0.342 143 144 128
-20.035 28.503 0.367 33 34 28
-20.057 28.507 0.360 84 84 76
-20.046 28.506 0.359 62 62 54
-20.111 28.522 0.301 29 25 24
-20.074 28.510 0.356 74 71 62
-20.076 28.511 0.346 157 154 145
-20.108 28.514 0.352 77 75 63
-20.125 28.524 0.300 33 29 30
-20.081 28.512 0.348 101 97 88
-20.106 28.519 0.319 29 28 23
-20.076 28.510 0.359 81 78 71
-20.079 28.511 0.353 83 80 71
-20.093 28.512 0.356 73 70 61
-20.116 28.523 0.295 28 24 23
-20.044 28.505 0.366 35 36 30
-20.104 28.519 0.317 30 27 22
-20.074 28.511 0.348 120 117 108
-20.056 28.507 0.358 83 83 75
-20.065 28.511 0.340 113 110 101
-20.120 28.516 0.353 54 54 44
-20.054 28.489 0.054 27 27 25
-20.098 28.492 0.011 27 27 27
-20.064 28.488 0.012 31 31 31
-20.051 28.494 0.162 20 20 18
-20.081 28.490 0.008 30 30 30
-20.017 28.496 0.300 16 15 13
-19.988 28.489 0.207 20 20 18
-19.974 28.479 0.044 24 24 22
-19.992 28.490 0.219 18 18 16
-20.024 28.490 0.158 21 21 19
-20.043 28.495 0.200 19 19 17
-20.015 28.498 0.330 24 23 21
-20.073 28.492 0.067 28 28 26
-20.005 28.492 0.236 17 17 15
-19.980 28.482 0.095 23 23 23
-20.032 28.487 0.064 25 25 23
-20.041 28.489 0.074 26 26 26
-19.995 28.487 0.162 23 24 19
-19.992 28.484 0.097 24 24 24
-20.028 28.493 0.192 18 18 16
-20.020 28.488 0.126 23 23 21
-20.033 28.488 0.092 25 25 23
-20.038 28.490 0.112 25 25 23
-20.071 28.492 0.085 25 25 23
-19.991 28.480 0.020 23 24 19
-19.979 28.484 0.139 24 24 24
-19.996 28.484 0.093 24 24 24
-20.049 28.488 0.042 27 27 27
-19.985 28.486 0.150 22 22 20
-19.972 28.478 0.024 25 25 25
-20.049 28.486 0.010 27 27 29
-20.022 28.490 0.155 21 21 19
-20.020 28.485 0.047 23 23 21
-20.028 28.495 0.248 17 17 15
-20.049 28.492 0.132 23 23 21
-20.027 28.487 0.077 24 24 24
-20.049 28.487 0.032 27 27 27
-20.046 28.492 0.128 23 23 21
-19.984 28.479 0.009 24 24 22
-20.000 28.497 0.344 127 128 123
-20.018 28.494 0.249 16 16 14
-20.093 28.493 0.034 27 27 27
-19.988 28.489 0.210 20 20 18
-19.979 28.485 0.157 23 23 23
-20.000 28.495 0.323 18 16 17
-20.024 28.493 0.206 19 19 17
-19.985 28.480 0.022 23 23 21
-20.029 28.491 0.150 22 22 20
-19.987 28.485 0.133 23 23 23
-19.997 28.489 0.182 21 21 19
-19.994 28.482 0.056 23 23 21
-20.019 28.491 0.190 19 19 17
-20.017 28.489 0.136 22 22 20
-20.067 28.491 0.074 27 27 25
-20.032 28.488 0.092 25 25 23
-20.006 28.485 0.076 25 25 25
-20.081 28.493 0.063 26 26 24
-19.986 28.486 0.160 23 23 21
-19.966 28.478 0.044 24 24 22
-19.997 28.485 0.107 24 24 24
-20.023 28.489 0.139 22 22 20
-19.985 28.486 0.161 23 23 21
-20.027 28.493 0.203 19 19 17
-19.988 28.484 0.112 23 23 23
-20.033 28.487 0.060 26 26 24
-19.997 28.486 0.134 23 23 21
-20.001 28.485 0.108 24 24 22
-20.040 28.487 0.053 26 26 24
-20.041 28.496 0.226 20 20 18
-19.984 28.488 0.212 18 18 16
-20.006 28.492 0.242 17 17 15
-20.036 28.494 0.193 18 18 16
-19.995 28.488 0.169 22 23 18
-19.987 28.480 0.017 23 23 21
-19.982 28.481 0.059 23 23 21
-20.032 28.492 0.178 20 20 18
-20.033 28.488 0.091 25 25 25
-19.974 28.479 0.034 22 22 22
-20.046 28.487 0.038 27 27 25
-20.049 28.490 0.078 25 25 23
-20.021 28.483 0.006 24 23 19
-20.043 28.488 0.066 26 26 24
-20.004 28.494 0.287 17 16 12
-20.057 28.488 0.027 29 29 29
-20.002 28.487 0.140 23 23 21
-20.039 28.489 0.098 25 25 23
-20.024 28.495 0.254 16 16 14
-20.016 28.484 0.036 25 24 22
-20.035 28.490 0.114 24 24 22
-20.005 28.488 0.159 21 21 19
-19.999 28.480 0.008 23 24 18
-19.977 28.482 0.100 24 24 24
-20.006 28.482 0.026 25 24 20
-20.087 28.491 0.014 27 27 27
-19.982 28.479 0.014 25 25 23
-19.991 28.482 0.056 23 23 21
-20.002 28.488 0.152 22 22 20
-19.994 28.482 0.045 23 23 21
-19.982 28.486 0.165 22 22 20
-19.995 28.493 0.277 16 16 14
-20.046 28.489 0.069 27 27 25
-20.000 28.488 0.170 21 21 19
-20.065 28.491 0.063 27 27 25
-20.034 28.488 0.076 25 25 25
-20.045 28.489 0.074 26 26 26
-19.986 28.485 0.129 23 23 23
-20.033 28.488 0.080 24 24 24
-19.998 28.487 0.142 23 23 21
-20.020 28.493 0.231 17 17 15
-20.012 28.483 0.029 25 24 20
-20.040 28.485 0.003 25 25 27
-19.973 28.482 0.109 24 24 24
-20.038 28.486 0.040 25 25 23
-20.009 28.485 0.084 24 24 24
-20.037 28.490 0.115 25 25 23
-20.056 28.493 0.141 22 22 20
-20.073 28.490 0.025 28 28 28
-20.041 28.492 0.138 23 23 21
-20.031 28.484 0.014 25 25 25
-20.040 28.486 0.027 27 27 27
-20.014 28.484 0.040 25 24 22
-20.082 28.493 0.061 26 26 24
-19.998 28.489 0.189 20 20 18
-20.025 28.493 0.217 18 18 16
-20.069 28.491 0.068 26 26 24
-19.989 28.483 0.078 22 22 20
-19.997 28.490 0.207 19 19 17
-19.971 28.478 0.020 26 26 26
-20.036 28.489 0.097 25 25 23
-20.001 28.489 0.194 20 20 18
-20.011 28.491 0.208 18 18 16
-20.005 28.482 0.021 25 24 20
-19.985 28.480 0.027 22 22 20
-20.006 28.487 0.133 23 23 21
-20.030 28.488 0.102 25 25 23
-20.000 28.496 0.330 18 16 17
-20.061 28.492 0.105 25 25 23
-20.060 28.489 0.033 28 28 28
-20.038 28.488 0.073 26 26 24
-20.042 28.491 0.119 25 25 23
-19.980 28.483 0.102 24 24 24
-19.967 28.479 0.060 22 22 20
-20.023 28.489 0.137 22 22 20
-20.074 28.493 0.080 26 26 24
-19.992 28.492 0.268 17 17 15
-20.043 28.490 0.099 24 24 22
-20.062 28.491 0.072 26 26 24
-20.062 28.488 0.020 30 30 30
-19.999 28.490 0.210 18 18 16
-20.081 28.492 0.052 26 26 24
-19.969 28.479 0.043 24 24 22
-20.031 28.489 0.109 24 24 22
-20.028 28.495 0.241 18 18 16
-20.053 28.494 0.161 20 20 18
-20.004 28.487 0.133 23 23 21
-20.022 28.486 0.071 26 26 24
-20.081 28.491 0.028 27 27 27
-20.004 28.483 0.053 23 23 21
-20.020 28.494 0.249 16 16 14
-20.000 28.496 0.342 83 83 81
-20.006 28.488 0.144 23 23 21
-19.983 28.485 0.144 23 23 21
-20.024 28.497 0.296 16 15 13
-20.071 28.494 0.108 24 24 22
-19.992 28.493 0.281 16 16 14
-19.992 28.489 0.215 18 18 16
-20.003 28.490 0.199 19 19 17
-19.990 28.485 0.120 23 23 23
-20.035 28.489 0.107 24 24 22
-20.007 28.485 0.080 24 24 24
-20.022 28.483 0.010 25 24 20
-20.038 28.487 0.044 26 26 24
-20.058 28.488 0.027 29 29 29
-20.005 28.490 0.193 20 20 18
-20.078 28.493 0.078 24 24 22
-20.006 28.482 0.015 25 24 19
-19.969 28.478 0.028 24 24 24
-20.028 28.485 0.042 24 24 22
-20.001 28.495 0.302 17 16 14
-20.006 28.484 0.060 23 23 21
-20.045 28.486 0.012 27 27 29
-20.015 28.483 0.014 26 25 21
-19.993 28.481 0.034 24 25 20
-20.045 28.488 0.053 26 26 24
-20.025 28.495 0.244 17 17 15
-20.006 28.491 0.212 18 18 16
-20.068 28.492 0.076 27 27 25
-19.972 28.482 0.110 24 24 24
-20.014 28.494 0.250 17 17 15
-20.002 28.493 0.263 17 17 15
-20.090 28.493 0.051 26 26 24
-20.047 28.493 0.153 22 22 20
-20.074 28.494 0.104 24 24 22
-19.994 28.486 0.146 23 24 19
-19.971 28.478 0.024 25 25 25
-19.998 28.490 0.205 19 19 17
-20.028 28.487 0.075 24 24 24
-20.004 28.493 0.267 17 17 15
-20.030 28.492 0.175 21 21 19
-20.003 28.482 0.035 25 24 20
-19.994 28.489 0.201 19 19 17
-20.011 28.491 0.207 18 18 16
-20.005 28.495 0.301 17 16 14
-20.003 28.491 0.224 18 18 16
-19.971 28.479 0.055 23 23 21
-19.996 28.481 0.028 24 25 19
-19.970 28.478 0.018 26 26 26
-20.011 28.488 0.137 22 22 20
-20.093 28.493 0.036 27 27 27
-19.991 28.483 0.090 24 24 22
-19.983 28.488 0.200 22 22 20
-20.001 28.484 0.075 23 23 23
-20.034 28.487 0.068 25 25 23
-20.012 28.492 0.218 18 18 16
-20.005 28.492 0.246 17 17 15
-20.034 28.492 0.176 20 20 18
-20.050 28.494 0.171 20 20 18
-20.034 28.487 0.051 26 26 24
-20.010 28.484 0.047 24 24 22
-20.000 28.489 0.179 20 20 18
-20.003 28.488 0.158 21 21 19
-20.014 28.482 0.010 25 24 20
-20.089 28.491 0.010 27 27 27
-20.015 28.494 0.250 17 17 15
-20.089 28.492 0.042 26 26 26
-20.059 28.492 0.103 25 25 23
-19.987 28.480 0.031 23 23 21
-20.000 28.487 0.136 23 23 21
-20.048 28.490 0.089 26 26 24
-20.019 28.496 0.278 16 16 14
-20.011 28.494 0.266 16 16 14
-20.029 28.495 0.235 17 17 15
-20.079 28.492 0.051 25 25 23
-20.038 28.493 0.184 19 19 17
-20.060 28.487 0.007 30 30 30
-20.032 28.495 0.227 18 18 16
-20.021 28.492 0.198 18 18 16
-20.062 28.494 0.141 22 22 20
-20.003 28.487 0.125 23 23 21
-20.040 28.490 0.115 25 25 23
-20.067 28.490 0.039 29 29 29
-20.026 28.485 0.040 25 25 23
-20.019 28.492 0.202 19 19 17
-20.017 28.484 0.032 25 24 22
-20.022 28.491 0.179 21 21 19
-19.988 28.486 0.145 23 23 21
-20.072 28.493 0.095 24 24 22
-20.027 28.495 0.244 17 17 15
-19.995 28.493 0.277 16 16 14
-19.986 28.488 0.207 20 20 18
-20.001 28.488 0.171 21 21 19
-20.037 28.496 0.242 20 20 18
-19.994 28.484 0.086 23 23 21
-19.981 28.484 0.119 23 23 23
-20.023 28.490 0.142 22 22 20
-20.056 28.488 0.018 29 29 29
-20.033 28.487 0.053 26 26 24
-19.986 28.483 0.082 23 23 21
-19.995 28.490 0.224 18 18 16
-20.026 28.491 0.175 21 21 19
-20.062 28.490 0.048 28 28 26
-20.005 28.482 0.036 25 24 20
-20.016 28.485 0.064 27 27 25
-20.015 28.490 0.177 20 20 18
-20.028 28.484 0.017 25 25 23
-19.998 28.262 0.284 19 19 17
-19.982 28.353 0.351 106 107 102
-19.996 28.252 0.255 22 22 22
-20.009 28.255 0.331 138 143 136
-20.007 28.269 0.344 54 54 46
-19.988 28.328 0.340 28 28 28
-20.010 28.213 0.260 49 49 49
-20.002 28.271 0.319 20 20 18
-19.972 28.384 0.350 161 164 157
-20.008 28.231 0.285 33 33 31
-19.963 28.426 0.371 54 55 49
-19.998 28.282 0.318 21 21 23
-19.996 28.309 0.351 35 40 34
-19.982 28.346 0.338 22 22 20
-20.011 28.217 0.273 95 96 91
-19.997 28.252 0.260 21 21 21
-19.973 28.382 0.354 143 146 139
-19.963 28.415 0.355 158 159 154
-20.013 28.242 0.329 143 145 142
-19.976 28.380 0.367 79 78 74
-20.010 28.245 0.321 42 44 43
-19.996 28.299 0.331 16 16 16
-20.009 28.253 0.329 132 137 131
-19.970 28.386 0.341 59 60 55
-20.010 28.258 0.340 35 38 31
-20.016 28.213 0.295 164 163 158
-19.985 28.332 0.330 17 17 17
-20.015 28.211 0.287 160 159 154
-19.982 28.334 0.316 18 18 18
-20.008 28.241 0.298 23 23 25
-19.988 28.295 0.284 18 18 18
-20.012 28.223 0.293 163 164 158
-19.997 28.264 0.280 19 19 17
-19.994 28.259 0.254 20 20 20
-20.013 28.247 0.341 48 48 46
-20.026 28.204 0.339 109 92 85
-20.005 28.256 0.308 20 20 20
-19.993 28.280 0.284 17 17 17
-19.997 28.275 0.297 19 19 19
-19.964 28.415 0.359 115 118 111
-20.013 28.217 0.287 164 165 157
-20.005 28.278 0.349 72 71 66
-20.006 28.233 0.277 26 26 26
-20.007 28.237 0.288 29 29 29
-19.968 28.397 0.349 159 162 155
-19.992 28.291 0.296 17 17 17
-19.983 28.332 0.320 18 18 18
-19.983 28.323 0.305 17 17 17
-19.970 28.395 0.358 81 87 77
-20.022 28.228 0.354 57 53 52
-19.995 28.316 0.358 95 96 88
-20.016 28.242 0.350 57 57 55
-19.977 28.353 0.323 18 18 20
-19.991 28.306 0.320 20 20 18
-19.991 28.307 0.319 18 18 16
-19.990 28.328 0.353 38 39 33
-20.019 28.230 0.343 53 52 47
-20.013 28.214 0.282 163 164 158
-19.997 28.259 0.269 17 17 17
-20.009 28.246 0.316 22 22 24
-19.986 28.322 0.318 17 17 15
-19.983 28.319 0.295 17 17 17
-19.999 28.298 0.351 84 86 81
-20.029 28.201 0.347 169 150 144
-19.973 28.388 0.362 56 61 54
-19.981 28.348 0.337 15 15 13
-19.999 28.255 0.277 21 21 21
-20.021 28.226 0.346 53 53 43
-19.993 28.274 0.275 18 18 18
-20.003 28.263 0.309 19 19 17
-20.005 28.280 0.351 99 98 94
-20.000 28.270 0.307 19 19 19
-19.998 28.259 0.273 19 19 19
-20.007 28.269 0.342 36 36 28
-20.006 28.227 0.263 40 39 44
-19.991 28.303 0.315 18 18 16
-20.016 28.230 0.326 104 107 100
-20.011 28.247 0.329 146 148 145
-19.993 28.324 0.360 72 74 63
-19.997 28.270 0.292 19 19 19
-19.995 28.292 0.319 20 20 22
-19.959 28.437 0.371 38 41 32
-20.001 28.269 0.311 21 21 23
-20.000 28.248 0.266 22 22 22
-19.990 28.283 0.276 19 19 19
-20.017 28.218 0.308 152 158 154
-20.023 28.210 0.331 172 165 157
-19.983 28.356 0.365 89 96 89
-19.983 28.345 0.344 123 123 121
-19.989 28.293 0.287 18 18 18
-19.973 28.380 0.347 153 155 150
-20.011 28.264 0.357 41 46 39
-19.995 28.301 0.334 31 33 32
-19.991 28.325 0.350 68 69 64
-20.002 28.291 0.356 83 85 80
-19.977 28.346 0.312 16 16 16
-19.982 28.351 0.347 148 149 144
-20.004 28.239 0.276 23 23 25
-20.009 28.221 0.274 87 88 83
-20.008 28.210 0.249 47 45 48
-19.963 28.420 0.364 65 66 60
-19.988 28.299 0.287 18 18 18
-19.988 28.330 0.346 113 113 111
-20.021 28.230 0.353 63 62 60
-19.996 28.305 0.343 102 104 101
-20.002 28.280 0.336 131 132 127
-20.007 28.229 0.274 39 39 39
-20.005 28.281 0.355 65 64 60
-20.001 28.291 0.351 86 88 83
-19.983 28.336 0.328 18 18 18
-19.998 28.297 0.345 45 47 44
-20.008 28.253 0.321 22 24 21
-19.975 28.378 0.357 54 57 50
-19.965 28.420 0.372 84 85 79
-20.008 28.222 0.270 40 40 40
-20.000 28.261 0.289 19 19 17
-20.000 28.262 0.289 19 19 17
-20.006 28.227 0.262 40 39 44
-19.969 28.396 0.353 164 167 160
-20.004 28.241 0.280 22 22 24
-19.998 28.264 0.285 19 19 17
-20.009 28.270 0.356 46 48 45
-19.993 28.310 0.336 20 22 21
-19.991 28.280 0.273 19 19 19
-20.000 28.280 0.323 20 20 20
-19.984 28.350 0.357 49 50 45
-20.014 28.251 0.351 51 51 49
-19.983 28.334 0.325 17 17 17
-20.004 28.242 0.281 21 21 23
-20.010 28.257 0.339 35 38 31
-20.025 28.219 0.354 63 60 55
-19.975 28.386 0.367 80 86 76
-20.010 28.268 0.359 85 87 86
-20.004 28.235 0.269 27 27 29
-20.001 28.255 0.285 20 20 20
-20.017 28.210 0.296 165 162 157
-20.002 28.284 0.343 52 53 48
-20.005 28.234 0.273 27 27 29
-20.021 28.213 0.322 171 170 165
-19.986 28.331 0.334 17 17 19
-20.006 28.238 0.284 26 26 26
-19.999 28.291 0.338 132 132 132
-19.972 28.374 0.330 19 19 17
-19.992 28.327 0.364 49 46 41
-20.000 28.288 0.337 136 136 134
-19.994 28.259 0.254 20 20 20
-19.990 28.298 0.298 18 18 18
-19.987 28.327 0.335 19 19 21
-20.023 28.204 0.321 173 159 159
-20.003 28.236 0.265 30 30 32
-20.009 28.271 0.356 46 48 45
-19.989 28.323 0.337 11 11 13
-20.020 28.204 0.304 161 152 155
-19.979 28.359 0.343 93 94 89
-20.014 28.209 0.278 169 166 161
-20.020 28.210 0.312 167 163 162
-20.014 28.251 0.352 51 51 49
-19.990 28.288 0.281 18 18 18
-20.009 28.265 0.346 76 79 72
-19.971 28.398 0.368 77 80 71
-20.025 28.216 0.350 68 60 47
-20.004 28.284 0.351 89 88 84
-19.979 28.335 0.303 17 17 17
-19.998 28.275 0.305 18 18 18
-20.006 28.264 0.332 135 141 131
-20.005 28.235 0.275 29 29 31
-20.009 28.233 0.291 24 24 22
-20.020 28.225 0.337 117 119 106
-20.007 28.266 0.340 33 33 25
-20.020 28.226 0.341 76 78 67
-19.993 28.282 0.289 17 17 17
-20.002 28.231 0.249 46 44 45
-20.029 28.197 0.341 187 169 165
-20.009 28.248 0.318 26 28 27
-19.976 28.368 0.344 106 107 102
-20.011 28.211 0.268 35 34 32
-20.006 28.235 0.278 25 25 25
-19.966 28.471 0.162 24 24 24
-19.989 28.490 0.269 17 17 15
-19.997 28.492 0.363 45 44 39
-19.972 28.463 0.357 81 82 74
-19.972 28.464 0.333 12 13 8
-19.963 28.476 0.065 22 22 20
-19.992 28.487 0.358 38 37 32
-19.974 28.477 0.202 22 22 20
-19.960 28.448 0.364 107 107 97
-19.963 28.475 0.069 22 22 20
-19.988 28.487 0.305 16 15 13
-19.969 28.468 0.242 19 19 17
-19.970 28.465 0.301 18 18 16
-19.968 28.456 0.372 27 28 20
-19.981 28.475 0.336 35 35 33
-19.959 28.472 0.038 22 22 20
-19.964 28.468 0.165 24 24 22
-19.984 28.480 0.316 17 17 15
-19.959 28.460 0.191 24 24 22
-20.002 28.497 0.367 53 52 47
-19.979 28.481 0.239 18 18 16
-19.977 28.474 0.283 17 17 17
-19.960 28.449 0.342 26 21 15
-19.981 28.481 0.264 18 18 16
-19.970 28.467 0.269 18 18 16
-19.977 28.474 0.287 17 17 17
-20.001 28.496 0.372 35 34 30
-20.001 28.496 0.372 35 34 30
-19.959 28.459 0.201 23 23 21
-19.966 28.471 0.155 24 24 22
-19.966 28.478 0.074 23 23 21
-19.983 28.477 0.347 151 152 147
-19.975 28.466 0.363 43 44 36
-19.966 28.468 0.207 22 22 20
-19.970 28.481 0.098 24 24 24
-19.986 28.487 0.266 17 17 15
-19.968 28.467 0.234 20 20 18
-19.967 28.464 0.265 18 18 16
-19.998 28.494 0.356 109 108 103
-19.968 28.459 0.335 14 13 9
-19.965 28.460 0.278 19 19 17
-19.960 28.473 0.047 23 23 21
-19.959 28.459 0.217 22 22 20
-19.959 28.469 0.091 26 26 26
-19.964 28.477 0.058 23 23 21
-19.981 28.483 0.246 18 18 16
-19.959 28.456 0.246 20 20 18
-19.984 28.485 0.265 17 17 15
-19.964 28.465 0.205 22 22 20
-19.974 28.473 0.257 18 18 16
-19.964 28.472 0.120 25 25 25
-19.959 28.474 0.028 24 24 22
-19.963 28.455 0.316 19 18 14
-19.965 28.461 0.272 18 18 16
-19.962 28.455 0.299 19 18 14
-19.974 28.479 0.188 23 23 21
-19.969 28.468 0.245 19 19 17
-19.964 28.470 0.147 24 24 22
-19.988 28.481 0.369 26 22 19
-19.978 28.476 0.289 18 18 18
-19.982 28.486 0.213 18 18 16
-19.991 28.491 0.282 17 17 15
-19.976 28.466 0.374 78 79 73
-19.966 28.456 0.341 58 55 50
-19.968 28.477 0.127 25 25 25
-19.973 28.472 0.253 18 18 16
-19.968 28.474 0.148 24 24 24
-19.978 28.479 0.236 18 18 16
-19.983 28.478 0.329 17 19 16
-19.963 28.473 0.093 26 26 26
-19.961 28.454 0.297 21 17 14
-19.965 28.455 0.339 23 20 15
-19.963 28.475 0.065 22 22 20
-19.980 28.475 0.322 16 18 17
-19.976 28.470 0.330 14 16 15
-19.961 28.458 0.256 19 19 17
-19.961 28.477 0.022 23 23 21
-19.966 28.467 0.207 22 22 20
-19.964 28.457 0.307 18 17 15
-19.963 28.474 0.082 24 24 22
-19.984 28.482 0.296 17 17 15
-19.960 28.449 0.342 26 21 15
-19.960 28.457 0.240 20 20 18
-19.978 28.483 0.195 22 22 20
-19.986 28.481 0.342 140 140 138
-19.961 28.452 0.336 18 15 10
-19.987 28.484 0.324 16 16 14
-19.990 28.491 0.281 17 17 15
-19.990 28.485 0.354 58 57 53
-19.968 28.466 0.250 19 19 17
-19.963 28.467 0.169 24 24 22
-19.979 28.473 0.329 14 16 15
-19.966 28.476 0.105 25 25 25
-19.992 28.487 0.345 151 151 149
-19.961 28.462 0.203 22 22 20
-19.990 28.490 0.273 17 17 15
-19.961 28.462 0.197 22 22 20
-19.974 28.473 0.252 19 19 17
-19.963 28.471 0.130 24 24 24
-19.969 28.480 0.098 24 24 24
-19.961 28.461 0.219 22 22 20
-19.964 28.477 0.059 23 23 21
-19.961 28.475 0.044 23 23 21
-19.971 28.475 0.192 22 22 20
-19.975 28.469 0.329 14 16 15
-19.988 28.490 0.251 17 17 15
-19.979 28.473 0.331 14 16 15
-19.992 28.488 0.344 155 155 153
-19.966 28.461 0.291 19 18 16
-19.981 28.480 0.276 17 17 15
-19.960 28.471 0.075 23 23 21
-19.970 28.473 0.202 22 22 20
-19.978 28.469 0.367 21 22 16
-19.961 28.465 0.174 24 24 22
-19.962 28.463 0.196 22 22 20
-19.984 28.478 0.341 141 141 139
-19.991 28.485 0.373 19 15 12
-19.978 28.484 0.177 22 22 22
-19.964 28.478 0.042 21 21 21
-19.966 28.455 0.355 102 102 92
-19.964 28.474 0.097 25 25 25
-19.986 28.485 0.281 17 17 15
-19.961 28.459 0.242 20 20 18
-19.966 28.457 0.335 16 12 9
-19.969 28.480 0.105 24 24 24
-19.962 28.454 0.320 19 18 14
-19.966 28.465 0.243 20 20 18
-19.967 28.463 0.277 18 18 16
-19.971 28.478 0.148 25 25 25
-19.973 28.478 0.178 23 23 23
-19.962 28.467 0.162 25 25 23
-19.960 28.453 0.295 21 17 14
-19.969 28.470 0.223 20 20 18
-19.996 28.492 0.355 115 114 109
-19.979 28.485 0.181 22 22 22
-19.968 28.404 0.013 28 28 26
-19.961 28.448 0.063 29 29 27
-19.958 28.468 0.072 23 23 21
-19.972 28.365 0.163 25 25 23
-19.961 28.426 0.298 19 19 19
-19.968 28.386 0.247 22 22 20
-19.979 28.323 0.042 28 28 28
-19.962 28.441 0.038 26 26 24
-19.965 28.402 0.263 20 20 18
-19.978 28.326 0.128 28 28 26
-19.960 28.449 0.160 24 24 24
-19.980 28.319 0.057 29 29 29
-19.970 28.381 0.088 30 30 30
-19.971 28.375 0.114 27 27 27
-19.963 28.430 0.134 25 25 25
-19.971 28.375 0.136 27 27 25
-19.958 28.441 0.366 47 46 41
-19.969 28.388 0.104 28 28 28
-19.979 28.321 0.114 28 28 28
-19.960 28.443 0.155 22 22 22
-19.962 28.439 0.107 26 26 26
-19.968 28.387 0.226 23 23 21
-19.968 28.385 0.217 23 23 21
-19.979 28.322 0.116 28 28 28
-19.970 28.383 0.072 28 28 28
-19.974 28.349 0.144 27 27 25
-19.984 28.297 0.019 30 30 30
-19.978 28.332 0.036 28 28 28
-19.974 28.352 0.099 30 30 30
-19.970 28.382 0.094 29 29 29
-19.958 28.466 0.071 24 24 22
-19.970 28.384 0.115 27 27 27
-19.963 28.432 0.064 37 37 35
-19.964 28.414 0.173 25 25 23
-19.966 28.416 0.064 36 36 36
-19.981 28.305 0.096 31 31 31
-19.985 28.286 0.021 28 30 29
-19.976 28.342 0.122 26 26 24
-19.965 28.418 0.093 27 27 27
-19.976 28.344 0.106 31 31 31
-19.977 28.338 0.076 28 28 28
-19.965 28.405 0.236 21 21 19
-19.983 28.296 0.064 28 28 28
-19.965 28.420 0.064 34 34 34
-19.969 28.384 0.137 26 26 24
-19.980 28.318 0.023 28 28 28
-19.959 28.442 0.276 19 19 19
-19.976 28.343 0.043 28 28 26
-19.965 28.423 0.021 24 24 22
-19.959 28.456 0.108 26 26 24
-19.960 28.431 0.300 19 19 19
-19.969 28.394 0.043 29 29 29
-19.959 28.446 0.225 21 21 19
-19.975 28.358 0.011 28 27 25
-19.975 28.350 0.054 29 29 27
-19.963 28.434 0.104 31 31 29
-19.970 28.385 0.112 27 27 27
-19.972 28.373 0.030 30 29 27
-19.977 28.344 0.027 28 27 25
-19.963 28.428 0.109 24 24 22
-19.962 28.445 0.031 24 24 24
-19.964 28.416 0.168 26 26 24
-19.965 28.408 0.194 25 25 23
-19.960 28.432 0.302 19 19 19
-19.982 28.307 0.031 29 29 29
-19.981 28.312 0.040 30 30 30
-19.978 28.332 0.085 29 29 29
-19.964 28.421 0.156 25 25 23
-19.966 28.398 0.263 20 20 18
-19.971 28.382 0.053 27 27 27
-19.968 28.388 0.217 23 23 21
-19.960 28.451 0.110 26 26 26
-19.969 28.375 0.233 22 22 20
-19.961 28.428 0.269 20 20 18
-19.958 28.445 0.319 18 18 18
-19.970 28.373 0.176 26 26 24
-19.978 28.333 0.043 26 26 24
-19.964 28.432 0.012 26 26 26
-19.986 28.280 0.053 29 29 29
-19.976 28.342 0.100 32 32 32
-19.984 28.294 0.030 29 29 29
-19.978 28.336 0.022 26 25 20
-19.971 28.367 0.184 25 25 23
-19.981 28.310 0.027 29 29 29
-19.962 28.430 0.200 24 24 22
-19.970 28.387 0.021 27 27 25
-19.977 28.338 0.054 30 30 30
-19.977 28.343 0.038 27 27 25
-19.978 28.324 0.107 30 30 30
-19.959 28.446 0.249 21 21 19
-19.977 28.336 0.101 30 30 30
-19.968 28.399 0.043 29 29 29
-19.982 28.303 0.051 29 29 29
-19.985 28.288 0.034 28 28 28
-19.959 28.449 0.231 20 20 18
-19.958 28.459 0.164 24 24 22
-19.969 28.385 0.162 26 26 24
-19.978 28.322 0.137 28 28 26
-19.970 28.389 0.013 31 31 29
-19.964 28.426 0.054 29 29 29
-19.965 28.410 0.196 24 24 22
-19.966 28.415 0.048 25 25 25
-19.962 28.430 0.230 20 20 18
-19.965 28.427 0.006 27 27 25
-19.976 28.344 0.104 32 32 32
-19.960 28.452 0.094 28 28 28
-19.967 28.407 0.048 28 28 28
-19.973 28.361 0.123 27 27 25
-19.968 28.390 0.153 27 27 25
-19.966 28.401 0.178 26 26 24
-19.972 28.377 0.017 27 27 27
-19.976 28.342 0.089 29 29 29
-19.970 28.373 0.196 24 24 22
-19.959 28.455 0.124 27 27 25
-19.961 28.435 0.246 20 20 18
-19.981 28.312 0.036 29 29 29
-19.962 28.449 0.010 24 24 24
-19.967 28.399 0.179 26 26 24
-19.972 28.360 0.209 22 22 20
-19.975 28.353 0.043 27 27 25
-19.965 28.413 0.147 24 24 22
-19.963 28.424 0.204 23 23 21
-19.969 28.380 0.208 22 22 20
-19.960 28.434 0.272 20 20 20
-19.980 28.319 0.076 29 29 29
-19.973 28.367 0.019 29 29 27
-19.970 28.376 0.202 23 23 21
-19.962 28.443 0.072 28 28 26
-19.983 28.294 0.062 28 28 28
-19.970 28.381 0.108 27 27 27
-19.982 28.300 0.071 28 28 28
-19.958 28.463 0.091 25 25 23
-19.958 28.460 0.128 25 25 23
-19.980 28.315 0.109 29 29 29
-19.976 28.337 0.121 27 27 25
-19.975 28.354 0.019 29 28 24
-19.965 28.411 0.180 24 24 22
-19.986 28.279 0.030 28 28 28
-19.974 28.353 0.098 30 30 30
-19.962 28.431 0.181 24 24 22
-19.979 28.323 0.100 29 29 29
-19.970 28.377 0.200 23 23 21
-19.959 28.442 0.291 19 19 19
-19.981 28.316 0.038 30 30 30
-19.978 28.326 0.108 30 30 30
-19.963 28.415 0.268 19 19 17
-19.987 28.275 0.027 29 29 29
-19.961 28.451 0.050 24 24 22
-19.983 28.296 0.043 30 30 30
-19.964 28.425 0.095 28 29 24
-19.963 28.412 0.281 19 19 19
-19.962 28.429 0.238 20 20 18
-19.985 28.290 0.024 30 30 30
-19.960 28.446 0.152 25 25 25
-19.958 28.455 0.187 24 25 20
-19.972 28.364 0.133 27 27 25
-19.973 28.369 0.028 30 29 27
-19.959 28.443 0.248 20 20 18
-19.960 28.451 0.120 26 26 26
-19.964 28.423 0.098 26 26 26
-19.989 28.262 0.021 32 32 32
-19.959 28.447 0.265 19 19 17
-19.967 28.409 0.016 26 26 24
-19.976 28.350 0.013 29 28 24
-19.982 28.306 0.052 29 29 29
-19.977 28.332 0.126 27 27 25
-19.965 28.409 0.167 25 25 23
-19.972 28.362 0.146 26 26 24
-19.972 28.363 0.173 25 25 23
-19.982 28.300 0.071 29 29 29
-19.958 28.461 0.142 24 24 22
-19.963 28.428 0.150 27 27 27
-19.976 28.350 0.006 28 27 23
-19.962 28.420 0.300 18 18 18
-19.968 28.401 0.015 29 29 27
-19.967 28.388 0.247 23 23 21
-19.965 28.408 0.187 26 26 24
-19.967 28.393 0.179 26 26 24
-19.971 28.385 0.018 29 29 27
-19.976 28.347 0.068 27 29 28
-19.961 28.447 0.051 24 24 22
-19.970 28.384 0.071 28 28 28
-19.968 28.396 0.120 28 28 28
-19.966 28.409 0.136 26 26 24
-19.970 28.382 0.085 30 30 30
-19.969 28.382 0.203 24 24 22
-19.983 28.296 0.052 29 29 29
-19.960 28.454 0.057 25 25 23
-19.964 28.413 0.197 25 25 23
-19.966 28.401 0.187 25 25 23
-19.963 28.422 0.197 25 25 25
-19.958 28.466 0.065 26 26 24
-19.960 28.431 0.323 20 20 18
-19.967 28.389 0.249 23 23 21
-19.960 28.460 0.036 23 23 21
-19.984 28.293 0.055 29 29 29
-19.973 28.360 0.097 28 28 28
-19.965 28.411 0.183 24 24 22
-19.961 28.427 0.276 19 19 19
-19.960 28.430 0.328 21 21 21
-19.966 28.404 0.207 23 23 21
-19.963 28.422 0.180 25 25 25
-19.962 28.439 0.113 28 28 28
-19.973 28.359 0.103 28 28 28
-19.964 28.417 0.217 22 22 22
-19.960 28.447 0.139 24 24 24
-19.961 28.448 0.036 26 26 24
-19.962 28.433 0.145 27 27 27
-19.958 28.468 0.038 22 22 20
-19.962 28.432 0.152 26 26 26
-19.972 28.370 0.095 29 29 29
-19.970 28.382 0.073 28 28 28
-19.963 28.432 0.077 27 27 25
-19.972 28.373 0.066 26 28 27
-19.969 28.383 0.148 25 25 23
-19.971 28.380 0.049 29 29 29
-19.978 28.330 0.059 28 28 28
-19.959 28.461 0.025 24 24 24
-19.958 28.443 0.324 13 15 12
-19.972 28.371 0.101 28 28 28
-19.958 28.472 0.023 21 21 21
-19.968 28.391 0.143 27 27 25
-19.971 28.368 0.204 23 23 21
-19.974 28.351 0.186 24 24 22
-19.966 28.415 0.072 30 30 30
-19.959 28.448 0.238 20 20 18
-19.959 28.450 0.172 25 25 23
-19.973 28.364 0.111 28 28 28
-19.966 28.400 0.187 25 25 23
-19.967 28.390 0.242 21 21 19
-19.978 28.333 0.076 28 28 28
-19.969 28.396 0.026 30 30 28
-19.966 28.405 0.137 25 25 23
-19.960 28.453 0.090 26 26 26
-19.967 28.405 0.086 29 29 29
-19.963 28.431 0.086 25 25 23
-19.962 28.439 0.045 23 23 21
-19.973 28.367 0.051 29 29 27
-19.962 28.433 0.189 23 23 21
-19.978 28.325 0.117 27 27 27
-19.983 28.296 0.061 29 29 29
-19.970 28.387 0.076 29 29 29
-19.978 28.329 0.085 29 29 29
-19.959 28.437 0.319 17 17 17
-19.968 28.383 0.237 21 21 19
-19.960 28.450 0.118 26 26 26
-19.976 28.343 0.113 29 29 29
-19.962 28.418 0.299 18 18 18
-19.978 28.332 0.015 29 27 28
-19.970 28.382 0.137 26 26 24
-19.971 28.381 0.030 26 26 26
-19.960 28.456 0.076 23 23 21
-19.971 28.368 0.165 24 24 22
-19.968 28.402 0.054 28 28 28
-19.964 28.415 0.230 22 22 20
-19.980 28.320 0.033 27 27 27
-19.979 28.322 0.052 29 29 29
-19.974 28.346 0.185 25 25 23
-19.963 28.417 0.277 19 19 19
-19.962 28.423 0.254 20 20 18
-19.964 28.414 0.192 26 26 24
-19.964 28.417 0.194 25 25 25
-19.961 28.436 0.163 26 26 28
-19.961 28.438 0.198 22 22 20
-19.961 28.423 0.318 19 19 19
-19.963 28.434 0.101 30 30 28
-19.980 28.318 0.047 30 30 30
-19.973 28.364 0.115 28 28 28
-19.978 28.326 0.125 28 28 26
-19.980 28.319 0.014 32 30 31
-19.960 28.453 0.055 26 26 24
-19.961 28.436 0.189 23 23 21
-19.965 28.399 0.279 18 18 18
-19.959 28.460 0.121 26 26 24
-19.962 28.435 0.119 27 27 25
-19.965 28.411 0.133 29 29 27
-19.979 28.320 0.091 29 29 29
-19.962 28.426 0.203 23 23 21
-19.966 28.406 0.181 25 25 23
-19.976 28.340 0.151 26 26 24
-19.960 28.456 0.035 24 24 22
-19.983 28.293 0.066 28 28 28
-19.988 28.268 0.028 30 30 30
-19.969 28.388 0.117 28 28 28
-19.964 28.418 0.177 26 26 26
-19.967 28.405 0.090 27 27 27
-19.965 28.422 0.007 26 26 24
-19.959 28.456 0.120 26 26 24
-19.958 28.464 0.077 24 24 22
-19.968 28.384 0.243 21 21 19
-19.975 28.349 0.099 30 30 30
-19.971 28.372 0.172 27 27 25
-19.962 28.442 0.085 27 27 27
-19.964 28.425 0.088 27 28 23
-19.968 28.383 0.224 21 21 19
-19.980 28.312 0.089 28 28 28
-19.959 28.467 0.007 27 27 27
-19.959 28.453 0.143 23 23 21
-19.966 28.407 0.121 28 28 28
-19.982 28.305 0.042 29 29 29
-19.969 28.380 0.185 26 26 24
-19.984 28.287 0.059 28 28 28
-19.973 28.361 0.130 27 27 25
-19.961 28.443 0.156 23 23 23
-19.972 28.378 0.027 29 29 29
-19.964 28.408 0.298 18 18 18
-19.964 28.411 0.222 21 21 19
-19.981 28.317 0.016 31 29 30
-19.961 28.453 0.029 25 25 25
-19.986 28.281 0.022 26 28 27
-19.960 28.436 0.275 20 20 20
-19.974 28.363 0.015 28 28 26
-19.977 28.340 0.042 27 27 25
-19.981 28.315 0.020 30 28 29
-19.980 28.317 0.047 30 30 30
-19.969 28.398 0.006 31 31 29
-19.979 28.324 0.096 29 29 29
-19.967 28.392 0.219 22 22 20
-19.983 28.302 0.039 30 30 30
-19.968 28.393 0.103 28 28 28
-19.977 28.333 0.126 27 27 25
-19.966 28.395 0.272 19 19 19
-19.974 28.348 0.183 24 24 22
-19.969 28.383 0.163 25 25 23
-19.968 28.398 0.056 30 30 30
-19.984 28.294 0.029 30 30 30
-19.958 28.447 0.322 19 21 18
-19.962 28.445 0.023 24 24 24
-19.964 28.429 0.073 27 27 25
-19.961 28.449 0.051 25 25 23
-19.975 28.351 0.080 27 27 27
-19.974 28.351 0.161 24 24 22
-19.965 28.406 0.240 22 22 20
-19.961 28.444 0.069 28 28 26
-19.960 28.434 0.329 19 19 19
-19.969 28.389 0.121 28 28 28
-19.963 28.441 0.006 24 24 24
-19.972 28.360 0.201 22 22 20
-19.960 28.447 0.132 25 25 25
-19.966 28.414 0.045 25 25 25
-19.962 28.420 0.326 20 20 20
-19.964 28.415 0.185 24 24 22
-19.963 28.411 0.304 17 17 17
-19.975 28.358 0.015 28 27 25
-19.965 28.412 0.183 24 24 22
-19.974 28.360 0.047 28 28 26
-19.979 28.320 0.103 28 28 28
-19.973 28.355 0.160 25 25 23
-19.963 28.426 0.175 25 25 23
-19.976 28.337 0.112 28 28 28
-19.964 28.420 0.148 25 25 23
-19.976 28.338 0.161 26 26 24
-19.977 28.336 0.080 28 28 28
-19.982 28.308 0.043 29 29 29
-19.975 28.354 0.067 26 28 27
-19.979 28.321 0.087 30 30 30
-19.978 28.339 0.009 31 30 25
-19.968 28.386 0.259 21 21 19
-19.985 28.288 0.033 28 28 28
-19.978 28.327 0.116 29 29 29
-19.981 28.314 0.054 29 29 29
-19.964 28.420 0.183 24 24 24
-19.968 28.386 0.250 22 22 20
-19.971 28.376 0.128 26 26 24
-19.965 28.412 0.157 26 26 24
-19.984 28.291 0.057 28 28 28
-19.987 28.275 0.025 29 29 29
-19.978 28.337 0.026 27 26 24
-19.971 28.367 0.180 25 25 23
-19.976 28.337 0.125 27 27 25
-19.961 28.429 0.251 20 20 18
-19.979 28.317 0.118 28 28 28
-19.965 28.417 0.104 27 27 27
-19.977 28.339 0.028 28 27 25
-19.964 28.414 0.195 26 26 24
-19.971 28.382 0.024 27 27 25
-19.968 28.398 0.059 29 29 29
-19.972 28.361 0.173 25 25 23
-19.962 28.431 0.138 25 25 25
-19.967 28.397 0.145 27 27 25
-19.974 28.359 0.079 28 28 28
-19.974 28.356 0.065 26 28 27
-19.962 28.424 0.284 19 19 19
-19.967 28.402 0.128 27 27 25
-19.984 28.294 0.050 29 29 29
-19.961 28.449 0.031 25 25 25
-19.978 28.323 0.129 27 27 25
-19.983 28.300 0.013 30 30 30
-19.989 28.259 0.013 32 32 32
-19.970 28.382 0.125 27 27 25
-19.972 28.374 0.016 27 27 27
-19.964 28.430 0.062 35 35 33
-19.977 28.338 0.088 29 29 29
-19.967 28.402 0.083 30 30 30
-19.977 28.334 0.103 29 29 29
-19.958 28.456 0.182 25 26 21
-19.965 28.407 0.215 23 23 21
-19.984 28.293 0.062 28 28 28
-19.965 28.410 0.172 24 24 22
-19.969 28.395 0.006 29 29 27
-19.960 28.441 0.217 21 21 19
-19.961 28.448 0.077 28 28 26
-19.971 28.380 0.029 28 27 25
-19.971 28.381 0.028 26 26 26
-19.967 28.413 0.022 26 26 24
-19.980 28.315 0.106 28 28 28
-19.970 28.390 0.012 32 32 30
-19.962 28.440 0.070 34 34 32
-19.958 28.466 0.055 24 24 22
-19.984 28.306 0.264 17 17 17
-19.999 28.230 0.220 41 39 40
-19.977 28.347 0.302 17 17 17
-19.971 28.368 0.261 23 23 21
-20.000 28.226 0.230 42 40 41
-19.974 28.351 0.241 19 19 19
-19.998 28.229 0.144 51 49 52
-19.996 28.235 0.098 54 52 53
-19.985 28.289 0.108 26 26 26
-19.969 28.386 0.329 18 18 18
-19.979 28.326 0.219 20 20 18
-19.975 28.346 0.190 26 26 24
-19.981 28.319 0.253 18 18 18
-19.977 28.334 0.206 22 22 20
-19.981 28.320 0.264 18 18 18
-19.991 28.267 0.189 21 21 19
-19.961 28.425 0.361 138 139 133
-19.986 28.286 0.122 25 25 27
-19.965 28.405 0.347 156 156 154
-19.973 28.357 0.218 22 22 20
-19.988 28.284 0.240 19 19 19
-19.985 28.295 0.196 19 19 17
-19.997 28.240 0.217 31 29 30
-19.998 28.230 0.164 44 44 46
-19.981 28.315 0.205 21 21 19
-19.989 28.274 0.180 20 20 18
-19.987 28.282 0.128 33 33 35
-19.980 28.325 0.257 19 19 19
-19.973 28.363 0.288 18 18 18
-19.992 28.262 0.220 20 20 20
-19.994 28.255 0.223 22 22 22
-19.976 28.349 0.305 18 18 18
-19.991 28.268 0.224 20 20 20
-19.988 28.271 0.077 27 27 27
-19.985 28.299 0.220 20 20 20
-19.968 28.387 0.316 18 18 18
-19.985 28.301 0.228 20 20 20
-19.989 28.281 0.259 20 20 20
-19.987 28.289 0.209 20 20 18
-19.966 28.401 0.334 12 12 12
-19.991 28.260 0.140 25 25 25
-19.975 28.351 0.290 19 19 19
-19.983 28.308 0.224 19 19 19
-19.981 28.319 0.220 19 19 17
-19.977 28.341 0.247 20 20 20
-19.979 28.329 0.233 20 20 18
-19.966 28.395 0.293 18 18 18
-19.991 28.266 0.184 21 21 19
-19.964 28.412 0.337 29 29 29
-19.963 28.415 0.335 22 22 22
-19.973 28.358 0.259 22 22 22
-19.979 28.334 0.288 17 17 17
-19.967 28.393 0.317 18 18 18
-19.975 28.344 0.191 25 25 23
-19.983 28.307 0.228 19 19 19
-19.981 28.312 0.161 25 25 23
-19.985 28.296 0.184 21 21 19
-19.976 28.351 0.309 19 19 19
-19.988 28.286 0.242 19 19 19
-19.963 28.413 0.331 17 17 17
-19.971 28.365 0.226 22 22 20
-19.991 28.271 0.215 21 21 21
-19.983 28.312 0.261 17 17 17
-19.983 28.304 0.173 23 23 21
-19.982 28.314 0.249 18 18 18
-19.988 28.287 0.228 18 18 18
-19.997 28.235 0.173 45 45 47
-19.979 28.335 0.294 17 17 17
-19.973 28.363 0.302 18 18 18
-19.992 28.244 0.029 48 43 47
-19.975 28.347 0.240 20 20 20
-19.978 28.328 0.181 24 24 22
-19.994 28.256 0.202 22 22 22
-19.988 28.267 0.045 31 29 30
-19.983 28.304 0.199 20 20 18
-19.985 28.301 0.233 19 19 19
-19.991 28.257 0.088 32 32 32
-19.986 28.290 0.203 21 21 19
-19.997 28.235 0.158 47 47 47
-19.973 28.358 0.222 22 22 20
-19.984 28.302 0.227 20 20 20
-19.979 28.319 0.136 29 29 27
-19.986 28.278 0.076 28 28 28
-19.983 28.295 0.095 28 28 28
-19.986 28.281 0.109 26 26 26
-19.992 28.257 0.114 28 28 30
-19.988 28.277 0.172 22 22 20
-19.970 28.376 0.289 17 17 17
-19.973 28.362 0.301 18 18 18
-19.960 28.431 0.351 158 158 156
-19.974 28.357 0.284 18 18 18
-19.983 28.299 0.140 26 26 26
-19.985 28.292 0.155 22 22 22
-19.979 28.324 0.167 24 24 22
-19.965 28.402 0.323 20 18 21
-19.988 28.282 0.229 18 18 18
-19.987 28.273 0.064 27 29 28
-19.971 28.366 0.253 24 24 22
-19.986 28.299 0.267 17 17 17
-19.988 28.272 0.114 24 24 24
-19.966 28.393 0.285 19 19 19
-19.999 28.223 0.153 51 49 52
-19.990 28.268 0.171 21 21 19
-20.001 28.219 0.173 47 45 46
-19.985 28.294 0.150 24 24 24
-19.977 28.337 0.219 21 21 19
-19.981 28.321 0.284 17 17 17
-19.996 28.242 0.185 30 30 30
-19.983 28.311 0.269 17 17 17
-19.969 28.383 0.292 18 18 18
-19.994 28.250 0.156 25 25 25
-19.993 28.245 0.060 40 38 41
-19.963 28.415 0.332 17 17 17
-19.991 28.260 0.107 28 28 28
-19.989 28.278 0.190 21 21 19
-19.979 28.335 0.293 17 17 17
-19.970 28.377 0.280 17 17 17
-19.979 28.324 0.185 24 24 22
-19.986 28.290 0.187 23 23 21
-19.972 28.367 0.284 18 18 18
-19.999 28.228 0.180 45 45 47
-19.998 28.228 0.135 56 54 57
-19.965 28.400 0.303 18 18 18
-19.994 28.242 0.083 49 47 48
-19.976 28.351 0.297 19 19 19
-19.986 28.292 0.197 19 19 17
-19.990 28.275 0.212 21 21 21
-19.972 28.371 0.316 19 19 17
-19.985 28.287 0.123 24 24 26
-19.970 28.374 0.267 18 18 16
-19.986 28.290 0.209 21 21 19
-19.984 28.307 0.246 17 17 17
-19.990 28.275 0.218 19 19 19
-19.990 28.262 0.103 27 27 27
-19.964 28.407 0.315 19 19 19
-19.986 28.295 0.215 21 21 21
-19.972 28.365 0.246 22 22 20
-19.959 28.437 0.367 63 62 57
-19.998 28.237 0.219 37 35 36
-19.977 28.331 0.157 26 26 24
-19.983 28.294 0.091 28 28 28
-19.979 28.318 0.130 29 29 27
-19.997 28.239 0.212 33 31 32
-19.984 28.291 0.096 28 28 28
-20.000 28.222 0.176 46 44 45
-19.975 28.352 0.272 18 18 18
-19.992 28.264 0.207 21 21 19
-19.998 28.228 0.133 50 48 51
-19.973 28.356 0.250 22 22 22
-19.987 28.289 0.225 18 18 18
-19.990 28.273 0.203 21 21 19
-19.967 28.396 0.319 16 14 17
-19.972 28.368 0.314 18 18 18
-19.993 28.248 0.079 34 32 33
-19.987 28.287 0.194 21 21 19
-19.968 28.393 0.340 42 42 40
-19.996 28.246 0.225 28 28 28
-19.972 28.363 0.260 24 24 22
-19.986 28.299 0.268 17 17 17
-19.994 28.247 0.155 27 27 27
-19.986 28.288 0.159 23 23 23
-19.987 28.293 0.272 18 18 18
-19.988 28.278 0.172 22 22 20
-19.970 28.374 0.255 25 25 23
-19.962 28.417 0.321 19 18 16
-19.993 28.252 0.117 29 29 31
-19.974 28.357 0.303 18 18 18
-19.999 28.229 0.177 46 46 48
-19.995 28.253 0.240 22 22 22
-19.987 28.287 0.215 19 19 19
-19.983 28.313 0.255 17 17 17
-19.990 28.274 0.228 19 19 19
-19.995 28.239 0.098 50 48 49
-19.994 28.245 0.136 33 33 33
-19.987 28.294 0.254 18 18 18
-19.989 28.282 0.230 19 19 19
-19.989 28.261 0.048 33 31 32
-19.992 28.256 0.134 28 28 30
-19.962 28.420 0.344 135 135 135
-19.990 28.269 0.173 21 21 19
-19.964 28.410 0.332 15 13 14
-19.981 28.321 0.255 18 18 18
-19.977 28.334 0.179 24 24 22
-19.992 28.256 0.136 27 27 27
-19.975 28.345 0.229 20 20 18
-19.988 28.275 0.112 25 25 25
-19.992 28.261 0.202 22 22 20
-19.997 28.240 0.201 37 37 37
-19.984 28.301 0.207 20 20 18
-19.987 28.287 0.215 19 19 19
-19.997 28.239 0.203 38 38 38
-19.988 28.284 0.231 19 19 19
-20.002 28.216 0.204 54 52 53
-19.965 28.405 0.339 70 70 70
-19.987 28.290 0.233 18 18 18
-19.984 28.296 0.123 28 28 28
-19.979 28.329 0.261 18 18 18
-19.973 28.364 0.293 17 17 17
-19.983 28.296 0.117 28 28 28
-19.965 28.403 0.331 20 18 19
-19.980 28.312 0.137 27 27 27
-19.982 28.312 0.229 20 20 20
-19.970 28.380 0.312 17 17 17
-19.972 28.366 0.265 19 19 17
-19.997 28.244 0.238 27 27 27
-19.990 28.258 0.040 35 30 34
-19.991 28.251 0.011 34 34 34
-19.978 28.336 0.252 20 20 20
-19.991 28.264 0.151 25 25 25
-19.969 28.381 0.261 22 22 20
-19.996 28.240 0.168 31 31 31
-20.001 28.220 0.184 50 48 49
-19.991 28.255 0.070 32 30 31
-19.976 28.340 0.224 21 21 19
-19.994 28.251 0.198 24 24 24
-19.993 28.254 0.152 28 28 28
-19.996 28.250 0.241 23 23 23
-19.968 28.389 0.319 19 17 18
-19.992 28.257 0.119 27 27 29
-19.985 28.299 0.207 20 20 18
-19.993 28.254 0.163 24 24 24
-19.982 28.314 0.235 19 19 19
-19.976 28.339 0.217 22 22 20
-19.992 28.254 0.088 32 32 32
-19.983 28.309 0.212 19 19 17
-19.964 28.408 0.324 19 18 16
-19.985 28.284 0.072 28 28 28
-19.985 28.295 0.174 24 24 22
-19.985 28.292 0.147 24 24 24
-19.974 28.357 0.303 18 18 18
-20.000 28.226 0.228 45 43 44
-19.962 28.423 0.351 151 151 149
-19.983 28.299 0.129 26 26 26
-19.990 28.266 0.136 24 24 24
-19.998 28.229 0.131 50 48 51
-19.998 28.233 0.209 41 39 40
-19.986 28.296 0.240 18 18 18
-19.989 28.269 0.129 23 23 25
-19.991 28.248 0.007 53 53 53
-19.975 28.350 0.264 19 19 19
-19.971 28.370 0.244 19 19 17
-19.996 28.242 0.188 30 30 30
-19.992 28.267 0.236 20 20 20
-19.991 28.260 0.103 27 27 27
-19.991 28.272 0.230 19 19 19
-19.981 28.311 0.155 25 25 25
-19.989 28.262 0.054 33 31 32
-19.977 28.337 0.205 22 22 20
-19.983 28.306 0.200 21 21 19
-20.000 28.223 0.188 48 46 47
-19.971 28.370 0.247 21 21 19
-19.996 28.246 0.240 25 25 25
-19.968 28.382 0.265 20 20 18
-19.963 28.412 0.320 19 18 16
-19.976 28.345 0.238 21 21 21
-19.970 28.372 0.238 20 20 18
-19.992 28.268 0.250 19 19 19
-19.988 28.279 0.159 23 23 25
-19.987 28.275 0.085 28 28 28
-19.999 28.231 0.221 41 39 40
-19.985 28.283 0.064 28 28 28
-19.981 28.324 0.282 17 17 17
-19.988 28.274 0.106 27 27 27
-19.990 28.256 0.029 36 34 37
-19.974 28.351 0.210 23 23 21
-19.983 28.297 0.120 28 28 28
-19.988 28.275 0.137 28 28 28
-19.974 28.347 0.190 26 26 24
-19.977 28.343 0.302 17 17 17
-19.980 28.324 0.228 20 20 18
-19.982 28.315 0.248 18 18 18
-19.989 28.264 0.088 28 28 28
-19.989 28.280 0.227 18 18 18
-19.987 28.282 0.168 22 22 20
-19.968 28.383 0.273 19 19 19
-19.992 28.250 0.068 35 33 34
-19.978 28.336 0.268 18 18 18
-19.998 28.233 0.180 43 43 45
-19.995 28.241 0.125 40 40 42
-20.001 28.219 0.178 48 46 47
-19.972 28.361 0.226 20 20 18
-19.977 28.338 0.249 20 20 20
-19.986 28.288 0.150 23 23 23
-19.991 28.253 0.052 33 31 34
-19.990 28.275 0.242 21 21 21
-19.989 28.268 0.077 27 27 27
-19.975 28.345 0.218 21 21 19
-19.975 28.348 0.258 20 20 20
-19.995 28.251 0.227 22 22 22
-19.982 28.305 0.114 27 27 27
-19.993 28.259 0.223 22 22 22
-19.982 28.304 0.146 25 25 25
-19.966 28.400 0.318 20 18 21
-19.992 28.250 0.070 34 32 33
-19.982 28.299 0.096 28 28 28
-19.995 28.243 0.161 33 33 33
-19.984 28.300 0.194 20 20 18
-19.976 28.341 0.236 21 21 19
-20.047 28.244 0.362 85 86 80
-20.106 28.218 0.363 45 46 41
-20.096 28.235 0.365 47 46 42
-20.061 28.198 0.356 74 72 60
-20.106 28.216 0.363 41 42 37
-20.051 28.286 0.368 37 33 32
-20.050 28.283 0.367 47 43 42
-20.048 28.219 0.358 95 95 83
-20.040 28.236 0.360 89 88 83
-20.051 28.243 0.362 79 80 74
-20.048 28.206 0.356 58 58 48
-20.058 28.230 0.361 76 76 66
-20.046 28.200 0.355 50 50 40
-20.062 28.226 0.360 83 85 74
-20.052 28.240 0.362 77 76 71
-20.055 28.254 0.364 46 47 42
-20.079 28.260 0.367 50 46 45
-20.071 28.265 0.367 52 48 49
-20.047 28.209 0.357 79 79 67
-20.106 28.202 0.361 37 38 30
-20.114 28.201 0.361 34 35 30
-20.050 28.215 0.358 94 94 82
-20.067 28.199 0.357 99 97 85
-20.069 28.261 0.366 41 35 35
-20.055 28.266 0.365 39 38 34
-20.067 28.275 0.368 46 44 45
-20.043 28.253 0.363 77 78 73
-20.044 28.237 0.360 90 89 84
-20.110 28.213 0.363 44 43 39
-20.044 28.289 0.368 60 56 53
-20.066 28.273 0.368 46 44 45
-20.082 28.218 0.361 39 40 32
-20.059 28.280 0.368 31 31 31
-20.045 28.294 0.369 52 48 45
-20.067 28.251 0.365 33 29 26
-20.064 28.206 0.358 109 109 97
-20.102 28.212 0.362 35 36 30
-20.048 28.262 0.364 65 66 61
-20.056 28.206 0.357 86 86 74
-20.053 28.272 0.366 37 37 35
-20.086 28.223 0.362 35 37 26
-20.073 28.213 0.360 83 83 73
-20.062 28.278 0.368 44 42 43
-20.066 28.234 0.362 31 32 24
-20.081 28.244 0.365 40 39 37
-20.067 28.236 0.362 31 32 24
-20.045 28.273 0.366 69 68 64
-20.065 28.258 0.365 35 29 29
-20.081 28.251 0.366 47 43 42
-20.070 28.214 0.359 100 100 90
-20.072 28.248 0.364 34 30 27
-20.053 28.290 0.369 37 33 32
-20.037 28.196 0.354 77 73 61
-20.052 28.234 0.361 86 86 76
-20.068 28.197 0.357 94 92 80
-20.012 28.316 0.362 90 86 77
-19.971 28.410 0.371 87 85 86
-19.998 28.353 0.366 125 120 114
-19.989 28.364 0.367 105 102 97
-20.019 28.317 0.362 65 64 59
-20.009 28.319 0.363 90 87 78
-20.019 28.314 0.362 87 86 81
-19.973 28.409 0.371 45 43 46
-19.962 28.435 0.373 67 64 59
-19.995 28.347 0.365 77 75 63
-19.989 28.389 0.369 102 101 99
-20.021 28.282 0.360 89 87 88
-20.021 28.270 0.359 98 96 97
-20.018 28.296 0.361 96 96 94
-20.019 28.316 0.362 65 64 59
-19.997 28.341 0.365 116 114 102
-20.018 28.320 0.362 90 86 77
-20.004 28.295 0.362 95 94 90
-20.013 28.340 0.364 109 102 96
-19.991 28.365 0.367 105 102 97
-19.994 28.325 0.364 58 55 46
-19.981 28.375 0.368 65 67 62
-20.015 28.260 0.359 101 103 100
-19.996 28.353 0.366 117 115 103
-20.013 28.277 0.360 116 114 115
-19.988 28.388 0.369 102 101 99
-19.997 28.323 0.364 69 66 59
-19.985 28.380 0.368 70 71 66
-20.007 28.287 0.361 71 70 68
-19.973 28.395 0.370 80 78 79
-20.009 28.305 0.362 100 99 94
-19.969 28.425 0.372 101 102 97
-20.006 28.346 0.365 120 113 107
-20.017 28.336 0.363 106 99 93
-19.983 28.362 0.367 51 50 46
-20.024 28.240 0.357 101 101 101
-19.995 28.350 0.366 111 109 97
-20.009 28.283 0.360 106 104 105
-20.030 28.281 0.362 87 85 86
-20.037 28.277 0.364 76 70 70
-20.025 28.316 0.364 69 66 59
-20.027 28.303 0.363 92 92 90
-20.021 28.332 0.364 102 97 91
-20.031 28.219 0.355 52 49 44
-20.025 28.282 0.360 85 83 84
-20.028 28.283 0.361 89 87 88
-20.037 28.277 0.364 82 78 77
-20.030 28.264 0.360 97 98 92
-20.038 28.249 0.361 81 82 77
-20.029 28.255 0.359 103 104 99
-20.033 28.239 0.358 73 72 70
-20.034 28.216 0.356 55 52 45
-20.034 28.286 0.364 89 87 88
-20.033 28.209 0.355 39 35 23
-20.028 28.301 0.363 98 100 97
-20.039 28.282 0.365 75 71 72
-20.028 28.316 0.365 95 92 85
-20.025 28.315 0.363 69 66 59
-20.191 28.428 0.357 28 28 28
-20.196 28.410 0.360 27 27 27
-20.154 28.479 0.356 26 26 24
-20.167 28.448 0.360 28 27 25
-20.173 28.423 0.366 29 29 29
-20.155 28.473 0.358 26 27 22
-20.147 28.478 0.360 22 23 15
-20.188 28.410 0.363 28 28 28
-20.161 28.457 0.360 27 27 25
-20.138 28.502 0.356 26 26 26
-20.191 28.426 0.357 28 28 28
-20.191 28.409 0.362 27 27 27
-20.191 28.425 0.357 28 28 28
-20.176 28.448 0.357 27 27 27
-20.172 28.451 0.357 28 28 26
-20.199 28.418 0.356 29 29 29
-20.185 28.440 0.355 27 27 27
-20.162 28.444 0.364 31 30 28
-20.212 28.411 0.353 28 27 23
-20.201 28.421 0.354 27 27 27
-20.164 28.468 0.356 27 27 27
-20.172 28.427 0.364 30 30 30
-20.178 28.441 0.358 26 26 26
-20.185 28.414 0.363 27 27 27
-20.212 28.414 0.352 28 27 23
-20.176 28.427 0.363 30 30 30
-20.146 28.479 0.359 25 26 18
-20.119 28.477 0.359 96 96 86
-20.142 28.462 0.362 46 47 39
-20.134 28.451 0.363 85 84 82
-20.131 28.486 0.359 122 118 107
-20.119 28.436 0.363 64 64 64
-20.121 28.420 0.365 77 79 74
-20.112 28.443 0.362 64 64 64
-20.128 28.494 0.358 86 85 80
-20.135 28.466 0.361 109 111 100
-20.095 28.432 0.362 98 101 94
-20.114 28.455 0.361 66 68 63
-20.110 28.428 0.363 70 72 67
-20.134 28.419 0.366 89 90 85
-20.128 28.493 0.358 86 85 80
-20.125 28.444 0.363 70 70 70
-20.103 28.435 0.362 79 81 76
-20.133 28.437 0.364 96 96 94
-20.125 28.473 0.360 101 99 87
-20.138 28.424 0.365 85 86 81
-20.146 28.425 0.366 33 34 28
-20.100 28.436 0.362 77 77 75
-20.107 28.441 0.362 67 67 67
-20.118 28.429 0.364 75 75 73
-20.140 28.430 0.365 39 40 34
-20.135 28.440 0.364 88 88 86
-20.121 28.470 0.360 64 65 57
-20.114 28.453 0.361 63 65 62
-20.123 28.427 0.364 78 78 76
-20.133 28.427 0.365 96 97 92
-20.148 28.459 0.363 30 29 25
-20.118 28.457 0.361 67 69 64
-20.127 28.494 0.358 86 85 80
-20.127 28.467 0.361 129 131 120
-20.133 28.495 0.359 126 125 121
-20.127 28.461 0.361 106 107 101
-20.141 28.455 0.363 43 42 38
-20.152 28.450 0.364 30 29 27
-20.111 28.476 0.359 68 69 64
-20.129 28.467 0.361 129 131 120
-20.132 28.461 0.362 134 135 127
-20.139 28.467 0.361 57 59 48
-20.078 28.499 0.363 26 26 26
-20.087 28.472 0.362 74 76 75
-20.080 28.435 0.364 122 126 111
-20.053 28.464 0.367 118 118 106
-20.054 28.486 0.367 76 76 74
-20.057 28.459 0.367 116 117 103
-20.084 28.440 0.363 100 102 91
-20.087 28.432 0.363 116 120 106
-20.033 28.486 0.370 42 43 38
-20.088 28.489 0.362 47 47 45
-20.093 28.505 0.361 21 22 17
-20.100 28.459 0.361 68 70 67
-20.079 28.442 0.364 99 101 88
-20.043 28.471 0.369 138 138 128
-20.096 28.460 0.361 76 76 74
-20.077 28.457 0.364 78 78 70
-20.076 28.459 0.364 75 75 67
-20.071 28.483 0.365 80 81 83
-20.054 28.482 0.367 88 88 86
-20.015 28.497 0.373 28 27 25
-20.032 28.491 0.370 32 33 28
-20.111 28.485 0.359 82 81 77
-20.075 28.450 0.364 97 97 85
-20.046 28.474 0.368 118 118 110
-20.090 28.442 0.362 82 83 77
-20.049 28.504 0.368 29 30 24
-20.080 28.505 0.363 18 17 15
-20.020 28.491 0.372 39 39 37
-20.063 28.454 0.366 108 106 93
-20.030 28.495 0.370 35 36 31
-20.061 28.495 0.366 25 27 26
-20.020 28.498 0.372 23 22 20
-20.055 28.475 0.367 83 84 78
-20.097 28.471 0.361 68 70 69
-20.047 28.497 0.368 35 36 31
-20.045 28.502 0.368 20 21 15
-20.033 28.486 0.370 76 77 72
-20.090 28.442 0.362 82 83 77
-20.101 28.462 0.361 68 70 67
-20.067 28.447 0.366 120 121 107
-20.115 28.510 0.358 35 35 27
-20.118 28.501 0.358 33 32 27
-20.094 28.447 0.362 83 83 81
-20.098 28.480 0.361 73 73 73
-20.034 28.477 0.370 104 105 97
-20.024 28.493 0.371 32 32 30
-20.034 28.488 0.370 42 43 38
-20.088 28.505 0.362 21 21 19
-20.047 28.480 0.368 107 108 102
-20.075 28.471 0.364 92 93 88
-20.084 28.441 0.363 97 98 90
-20.112 28.513 0.358 51 51 41
-20.065 28.451 0.366 118 119 105
-20.184 28.360 0.361 29 29 31
-20.169 28.338 0.347 72 73 68
-20.217 28.316 0.367 77 75 63
-20.178 28.390 0.366 31 31 29
-20.174 28.378 0.360 32 30 31
-20.218 28.275 0.357 19 21 20
-20.157 28.329 0.339 113 115 110
-20.192 28.254 0.338 89 88 84
-20.187 28.343 0.358 21 25 24
-20.218 28.310 0.366 99 97 84
-20.172 28.256 0.328 73 74 69
-20.150 28.258 0.317 65 65 65
-20.159 28.354 0.347 97 94 85
-20.166 28.368 0.354 89 86 81
-20.195 28.328 0.358 28 29 24
-20.189 28.271 0.341 51 51 49
-20.200 28.264 0.345 24 23 19
-20.180 28.297 0.343 69 70 65
-20.217 28.310 0.365 99 97 84
-20.184 28.277 0.340 75 76 71
-20.163 28.366 0.352 191 188 183
-20.165 28.258 0.325 75 75 73
-20.225 28.277 0.361 57 54 49
-20.155 28.287 0.327 59 58 54
-20.203 28.309 0.358 25 25 25
-20.204 28.301 0.356 28 28 28
-20.186 28.328 0.354 28 30 27
-20.184 28.287 0.342 70 71 66
-20.135 28.265 0.311 73 73 73
-20.212 28.291 0.358 23 22 17
-20.228 28.266 0.360 43 42 38
-20.168 28.368 0.355 31 26 22
-20.161 28.313 0.337 129 129 121
-20.165 28.286 0.332 75 74 70
-20.197 28.360 0.368 29 31 20
-20.168 28.333 0.346 74 75 69
-20.155 28.258 0.320 65 65 65
-20.213 28.303 0.361 28 24 25
-20.159 28.282 0.328 65 66 61
-20.192 28.261 0.339 59 58 54
-20.159 28.342 0.343 136 135 130
-20.204 28.252 0.344 22 22 20
-20.238 28.250 0.360 108 101 95
-20.151 28.316 0.333 62 63 58
-20.219 28.308 0.366 97 95 82
-20.146 28.260 0.316 64 64 64
-20.177 28.261 0.332 67 67 65
-20.170 28.325 0.345 104 103 98
-20.160 28.274 0.327 57 57 55
-20.176 28.279 0.336 99 100 94
-20.238 28.257 0.363 105 98 88
-20.173 28.373 0.359 29 24 20
-20.228 28.249 0.355 16 16 16
-20.178 28.359 0.358 29 28 23
-20.172 28.291 0.337 88 89 83
-20.177 28.400 0.368 29 31 30
-20.205 28.330 0.364 25 24 20
-20.242 28.253 0.364 96 87 78
-20.172 28.394 0.364 30 30 28
-20.192 28.338 0.359 26 27 22
-20.168 28.257 0.326 79 79 77
-20.196 28.352 0.365 26 25 21
-20.205 28.300 0.356 25 25 25
-20.170 28.290 0.336 111 112 106
-20.192 28.370 0.368 24 26 15
-20.177 28.381 0.363 30 29 27
-20.181 28.351 0.357 27 29 26
-20.208 28.333 0.367 33 35 24
-20.172 28.294 0.338 108 109 103
-20.229 28.273 0.362 66 63 58
-20.171 28.262 0.329 56 56 54
-20.165 28.365 0.352 151 147 138
-20.206 28.291 0.355 22 22 22
-20.204 28.330 0.364 20 18 21
-20.165 28.353 0.349 119 116 109
-20.144 28.263 0.315 60 60 60
-20.223 28.299 0.366 104 102 89
-20.197 28.319 0.357 23 23 21
-20.182 28.345 0.356 27 29 28
-20.168 28.335 0.346 74 75 69
-20.190 28.298 0.348 29 29 27
-20.212 28.266 0.351 21 23 22
-20.163 28.349 0.347 136 133 126
-20.196 28.287 0.348 22 22 20
-20.230 28.269 0.361 74 71 66
-20.188 28.288 0.345 49 49 47
-20.186 28.339 0.357 24 28 27
-20.181 28.253 0.332 67 68 62
-20.194 28.358 0.366 29 28 24
-20.174 28.298 0.340 84 85 79
-20.214 28.322 0.367 87 89 76
-20.131 28.258 0.307 68 68 68
-20.208 28.274 0.351 27 27 27
-20.146 28.311 0.329 60 61 56
-20.196 28.344 0.363 27 25 28
-20.185 28.379 0.367 28 28 28
-20.168 28.264 0.328 55 55 53
-20.188 28.359 0.363 27 26 31
-20.190 28.347 0.361 26 26 26
-20.189 28.368 0.366 29 28 24
-20.217 28.312 0.366 92 90 77
-20.164 28.347 0.347 142 141 136
-20.187 28.362 0.363 28 26 29
-20.156 28.271 0.324 58 58 56
-20.178 28.322 0.348 64 63 58
-20.149 28.261 0.317 63 63 63
-20.192 28.305 0.351 23 23 21
-20.196 28.322 0.357 24 24 22
-20.173 28.326 0.346 111 110 105
-20.142 28.348 0.313 120 121 116
-20.139 28.363 0.304 156 155 150
-20.158 28.353 0.346 93 90 81
-20.146 28.328 0.326 62 63 58
-20.128 28.317 0.291 108 107 102
-20.159 28.376 0.343 169 170 162
-20.135 28.296 0.308 59 58 56
-20.141 28.355 0.310 137 134 127
-20.135 28.292 0.310 55 54 52
-20.140 28.324 0.314 68 69 64
-20.137 28.320 0.308 75 76 71
-20.141 28.378 0.306 163 166 159
-20.157 28.386 0.339 110 113 104
-20.141 28.368 0.308 171 172 166
-20.147 28.345 0.324 69 70 65
-20.137 28.304 0.313 59 58 56
-20.158 28.358 0.345 118 114 105
-20.153 28.343 0.337 68 69 63
-20.126 28.344 0.282 109 106 99
-20.164 28.402 0.348 39 41 36
-20.128 28.313 0.291 107 106 102
-20.133 28.274 0.309 65 64 62
-20.124 28.360 0.274 154 149 145
-20.130 28.267 0.304 88 88 88
-20.139 28.365 0.304 167 168 162
-20.135 28.283 0.313 54 53 51
-20.133 28.270 0.311 67 67 65
-20.137 28.348 0.303 90 85 79
-20.137 28.311 0.310 67 66 62
-20.144 28.388 0.311 107 111 97
-20.123 28.358 0.272 156 151 147
-20.141 28.327 0.316 65 66 61
-20.153 28.381 0.330 153 156 147
-20.137 28.336 0.305 100 101 95
-20.149 28.331 0.331 59 60 55
-20.132 28.309 0.301 69 68 64
-20.141 28.337 0.314 77 78 73
-20.138 28.302 0.314 61 60 58
-20.169 28.394 0.360 32 30 31
-20.139 28.386 0.300 84 85 80
-20.158 28.392 0.338 88 91 82
-20.136 28.339 0.303 115 116 110
-20.160 28.385 0.345 156 157 149
-20.128 28.369 0.280 163 162 157
-20.151 28.368 0.330 161 164 153
-20.135 28.368 0.296 163 164 158
-20.129 28.367 0.284 165 164 159
-20.147 28.386 0.318 128 131 120
-20.154 28.354 0.337 60 57 50
-20.130 28.259 0.306 68 68 68
-20.141 28.388 0.305 97 98 93
-20.142 28.310 0.321 59 60 55
-20.141 28.334 0.315 74 75 70
-20.152 28.346 0.335 66 67 61
-20.139 28.327 0.311 68 69 64
-20.133 28.307 0.302 71 70 68
-20.134 28.346 0.297 99 96 89
-20.135 28.332 0.302 101 100 95
-20.158 28.398 0.338 137 140 133
-20.158 28.360 0.344 134 130 121
-20.140 28.383 0.303 150 153 146
-20.137 28.290 0.314 55 54 52
-20.155 28.369 0.337 173 174 166
-20.133 28.353 0.295 119 116 109
-20.148 28.325 0.332 54 55 50
-20.141 28.369 0.307 164 165 159
-20.154 28.374 0.333 169 172 163
-20.122 28.376 0.267 160 162 157
-20.151 28.376 0.328 171 174 165
-20.146 28.365 0.320 156 159 148
-20.152 28.376 0.329 171 174 165
-20.152 28.385 0.327 105 108 99
-20.134 28.373 0.292 161 162 156
-20.148 28.367 0.324 156 159 148
-20.145 28.379 0.314 149 155 143
-20.137 28.323 0.309 80 81 76
-20.215 28.242 0.357 28 28 28
-20.134 28.230 0.335 91 91 91
-20.143 28.210 0.357 21 21 21
-20.143 28.253 0.316 55 55 55
-20.163 28.228 0.348 20 20 20
-20.179 28.222 0.361 20 20 20
-20.157 28.239 0.336 75 75 73
-20.172 28.226 0.353 25 25 25
-20.176 28.236 0.346 52 52 50
-20.133 28.235 0.329 67 67 69
-20.185 28.233 0.353 23 23 23
-20.147 28.241 0.329 81 81 81
-20.143 28.228 0.340 36 36 36
-20.180 28.232 0.352 23 22 20
-20.215 28.249 0.351 36 36 36
-20.155 28.230 0.343 37 37 37
-20.142 28.250 0.319 61 61 61
-20.132 28.254 0.311 63 63 63
-20.160 28.246 0.330 61 61 59
-20.161 28.215 0.360 23 23 25
-20.187 28.247 0.341 76 72 69
-20.157 28.226 0.348 20 20 20
-20.155 28.210 0.362 18 28 17
-20.233 28.245 0.361 42 37 34
-20.174 28.219 0.362 19 19 21
-20.131 28.210 0.352 24 24 24
-20.170 28.244 0.336 70 71 66
-20.180 28.223 0.361 20 20 20
-20.138 28.212 0.353 23 23 23
-20.161 28.233 0.343 41 41 41
-20.182 28.249 0.336 69 70 65
-20.234 28.246 0.361 84 79 75
-20.174 28.246 0.336 69 70 65
-20.230 28.240 0.365 86 81 77
-20.130 28.219 0.343 22 22 22
-20.169 28.221 0.357 22 22 22
-20.224 28.246 0.356 19 19 19
-20.146 28.235 0.335 77 77 77
-20.135 28.227 0.337 93 93 93
-20.154 28.223 0.349 22 22 22
-20.232 28.244 0.362 42 37 34
-20.143 28.233 0.335 71 71 71
-20.135 28.255 0.311 58 58 60
-20.159 28.239 0.336 75 75 73
-20.213 28.233 0.364 18 18 18
-20.166 28.226 0.351 26 26 26
-20.157 28.242 0.333 72 72 70
-20.176 28.253 0.330 68 69 64
-20.152 28.236 0.336 77 77 77
-20.185 28.236 0.350 28 27 25
-20.217 28.237 0.362 15 15 15
-20.152 28.255 0.318 61 61 61
-20.019 28.404 0.371 50 51 45
-20.007 28.464 0.373 108 108 100
-20.031 28.373 0.372 34 39 32
-20.020 28.364 0.367 117 112 106
-20.013 28.447 0.373 38 37 35
-20.043 28.319 0.371 33 32 28
-20.018 28.429 0.373 26 33 26
-20.014 28.440 0.373 96 98 93
-20.021 28.358 0.366 122 122 114
-20.022 28.390 0.370 61 64 57
-20.013 28.413 0.369 154 155 149
-20.044 28.315 0.371 32 31 27
-20.035 28.342 0.371 32 33 27
-20.010 28.438 0.371 88 90 85
-20.036 28.339 0.371 30 29 24
-20.043 28.319 0.371 33 32 28
-20.005 28.485 0.374 78 77 72
-20.010 28.421 0.369 157 156 151
-20.028 28.348 0.368 108 107 102
-20.027 28.367 0.370 32 33 27
-20.013 28.387 0.367 109 109 101
-19.974 28.456 0.374 142 142 134
-19.985 28.477 0.374 79 78 74
-20.003 28.481 0.373 60 60 52
-20.004 28.393 0.368 108 103 97
-19.977 28.459 0.374 147 146 141
-20.002 28.395 0.368 98 93 87
-20.013 28.388 0.367 109 109 101
-20.006 28.366 0.366 110 105 99
-20.001 28.403 0.369 105 98 92
-19.985 28.465 0.374 123 122 117
-19.972 28.423 0.372 58 59 53
-19.999 28.412 0.369 147 139 136
-20.004 28.408 0.369 145 135 133
-20.006 28.373 0.366 101 98 91
-19.978 28.416 0.371 83 82 77
-19.993 28.398 0.369 92 87 83
-20.006 28.378 0.367 98 95 88
-20.006 28.410 0.369 148 140 137
-19.998 28.485 0.374 78 77 72
-19.988 28.479 0.374 65 64 60
-20.009 28.376 0.366 93 90 83
-20.004 28.396 0.368 104 99 93
-19.966 28.436 0.373 122 123 117
-20.003 28.463 0.372 124 124 116
-20.001 28.432 0.370 168 169 163
-19.995 28.386 0.368 100 99 94
-20.007 28.419 0.369 163 160 155
-19.994 28.414 0.370 160 152 149
-19.975 28.425 0.372 63 64 58
-19.991 28.459 0.373 60 60 52
-19.977 28.434 0.372 74 75 67
-20.009 28.406 0.368 115 110 104
-20.013 28.383 0.366 105 105 97
-19.989 28.448 0.372 106 107 101
-19.992 28.476 0.374 97 96 91
-20.002 28.482 0.373 75 75 67
-19.970 28.451 0.374 140 140 132
-20.231 28.315 0.363 93 91 79
-20.216 28.345 0.364 109 107 95
-20.217 28.376 0.358 88 85 70
-20.226 28.332 0.362 101 98 89
-20.233 28.330 0.360 89 85 73
-20.239 28.293 0.364 90 86 74
-20.190 28.394 0.366 30 29 27
-20.188 28.388 0.367 29 25 26
-20.229 28.302 0.366 95 93 81
-20.214 28.336 0.366 93 90 81
-20.212 28.365 0.362 55 55 47
-20.203 28.354 0.367 29 29 21
-20.209 28.386 0.360 33 30 23
-20.198 28.360 0.368 32 31 27
-20.218 28.365 0.360 113 110 93
-20.245 28.267 0.366 92 83 74
-20.244 28.280 0.364 95 88 78
-20.213 28.382 0.359 54 50 39
-20.214 28.392 0.356 45 45 37
-20.215 28.336 0.365 93 90 81
-20.193 28.376 0.367 29 25 26
-20.229 28.303 0.366 95 93 81
-20.187 28.400 0.366 30 30 30
-20.213 28.366 0.361 71 71 63
-20.216 28.400 0.354 41 40 35
-20.233 28.291 0.366 94 92 80
-20.227 28.301 0.367 98 95 86
-20.191 28.393 0.365 33 29 28
-20.208 28.361 0.364 41 41 31
-20.243 28.289 0.363 86 82 73
-20.216 28.344 0.364 98 96 84
-20.225 28.332 0.362 101 98 89
-20.213 28.351 0.364 81 78 69
-20.239 28.284 0.365 94 87 77
-20.224 28.322 0.364 96 94 82
-20.240 28.302 0.362 92 88 77
-20.228 28.306 0.365 93 91 79
-20.202 28.358 0.367 32 32 24
-20.196 28.385 0.365 34 30 29
-20.217 28.334 0.365 96 93 84
-20.108 28.224 0.363 42 41 39
-20.079 28.285 0.350 65 64 62
-20.077 28.273 0.364 46 42 41
-20.119 28.223 0.349 30 30 22
-20.109 28.224 0.362 42 41 39
-20.053 28.306 0.368 31 27 24
-20.123 28.219 0.347 36 36 28
-20.121 28.252 0.322 16 16 16
-20.083 28.282 0.348 69 68 66
-20.098 28.276 0.334 21 21 19
-20.125 28.233 0.333 85 84 79
-20.103 28.258 0.341 82 81 77
-20.086 28.277 0.348 72 71 69
-20.092 28.262 0.352 35 34 32
-20.091 28.278 0.341 51 50 48
-20.091 28.279 0.340 51 50 48
-20.066 28.298 0.358 44 43 41
-20.107 28.251 0.343 66 65 61
-20.118 28.228 0.347 32 32 24
-20.108 28.243 0.347 24 23 19
-20.125 28.223 0.341 44 44 36
-20.101 28.238 0.360 46 42 39
-20.065 28.291 0.364 38 34 31
-20.119 28.242 0.334 78 77 73
-20.121 28.204 0.361 37 36 32
-20.116 28.253 0.329 60 61 56
-20.118 28.208 0.362 39 38 34
-20.078 28.270 0.364 54 50 49
-20.111 28.251 0.336 78 77 73
-20.082 28.286 0.346 61 60 58
-20.102 28.240 0.358 40 36 33
-20.080 28.269 0.362 49 45 44
-20.095 28.250 0.359 45 41 38
-20.118 28.216 0.356 41 40 35
-20.124 28.238 0.330 78 77 73
-20.105 28.245 0.348 23 22 18
-20.062 28.296 0.364 38 34 31
-20.126 28.237 0.329 80 79 75
-20.105 28.238 0.355 33 32 28
-20.126 28.260 0.310 16 16 16
-20.094 28.281 0.335 15 15 13
-20.116 28.230 0.347 31 30 25
-20.103 28.235 0.360 47 43 40
-20.111 28.225 0.358 41 40 36
-20.098 28.265 0.343 82 81 79
-20.076 28.280 0.359 37 36 34
-20.090 28.253 0.362 49 45 42
-20.095 28.276 0.338 35 34 32
-20.128 28.256 0.310 14 14 12
-20.036 28.253 0.031 29 29 29
-20.027 28.255 0.032 31 29 30
-20.035 28.251 0.023 32 32 32
-20.017 28.255 0.028 29 27 30
-20.061 28.242 0.011 28 28 26
-20.015 28.256 0.028 29 27 30
-20.007 28.252 0.014 29 27 30
-20.066 28.244 0.017 27 27 25
-20.006 28.251 0.011 31 29 30
-20.023 28.255 0.031 30 28 29
-20.020 28.250 0.014 29 27 30
-20.030 28.261 0.052 28 28 28
-20.052 28.243 0.009 30 30 30
-20.051 28.247 0.020 29 29 29
-20.055 28.242 0.007 30 30 30
-20.019 28.258 0.037 29 27 30
-20.051 28.242 0.004 30 30 30
-20.026 28.260 0.046 28 28 28
-20.056 28.248 0.024 27 27 25
-20.009 28.258 0.031 29 27 30
-20.038 28.250 0.022 30 30 30
-20.003 28.252 0.012 34 32 33
-20.018 28.262 0.047 30 30 32
-20.038 28.252 0.028 29 29 29
-20.067 28.243 0.014 27 27 25
-20.033 28.250 0.019 31 29 30
-20.035 28.251 0.024 32 32 32
-20.025 28.258 0.040 31 29 30
-20.010 28.251 0.072 28 28 28
-20.007 28.255 0.041 36 31 37
-20.013 28.247 0.099 26 26 26
-20.004 28.246 0.068 34 29 33
-19.995 28.249 0.011 39 39 37
-20.016 28.257 0.071 27 27 27
-20.003 28.236 0.104 42 42 42
-20.009 28.237 0.131 33 33 33
-20.006 28.236 0.124 36 34 35
-20.012 28.241 0.127 27 27 27
-19.993 28.246 0.017 48 48 48
-20.005 28.228 0.153 41 42 46
-20.002 28.246 0.058 32 30 33
-20.000 28.242 0.066 38 36 37
-20.005 28.221 0.187 42 40 41
-20.002 28.236 0.101 41 41 41
-20.000 28.245 0.054 36 34 35
-20.003 28.243 0.074 34 29 33
-20.009 28.246 0.090 29 29 29
-19.998 28.239 0.068 56 55 53
-20.009 28.248 0.076 28 28 26
-20.015 28.250 0.096 23 23 23
-20.000 28.234 0.102 45 45 45
-20.017 28.260 0.059 29 29 29
-19.994 28.240 0.048 56 54 55
-19.997 28.242 0.049 43 41 42
-20.000 28.228 0.126 49 47 50
-20.005 28.235 0.123 36 34 35
-20.000 28.229 0.122 54 52 55
-20.015 28.250 0.097 23 23 23
-20.020 28.262 0.067 26 26 26
-20.016 28.256 0.075 27 27 27
-20.004 28.226 0.161 47 48 50
-20.005 28.231 0.138 38 39 43
-20.001 28.237 0.095 43 43 43
-20.010 28.232 0.159 34 34 34
-20.004 28.249 0.052 34 29 33
-20.000 28.251 0.025 39 35 36
-20.017 28.258 0.070 27 27 27
-19.998 28.245 0.041 38 36 37
-20.000 28.225 0.142 49 49 49
-20.014 28.249 0.098 26 26 26
-20.002 28.221 0.170 46 46 46
-20.001 28.219 0.178 45 45 45
