-16.907 28.005 0.201 217 91 50
-16.915 28.000 0.209 255 188 166
-16.889 28.013 0.210 224 121 86
-16.881 28.017 0.208 238 95 51
-16.940 27.988 0.193 232 110 71
-16.874 28.021 0.212 242 100 64
-16.928 27.994 0.194 237 99 52
-16.881 28.017 0.204 243 101 53
-16.876 28.019 0.220 246 162 136
-16.897 28.009 0.207 210 104 65
-16.870 28.023 0.213 249 99 62
-16.944 27.986 0.192 236 110 69
-16.868 28.024 0.215 239 105 70
-16.908 28.004 0.194 238 99 40
-16.878 28.018 0.218 246 176 151
-16.917 28.000 0.191 250 100 47
-16.886 28.015 0.192 255 96 44
-16.880 28.018 0.212 229 110 78
-16.868 28.020 0.198 253 97 46
-16.863 28.024 0.213 255 93 55
-16.865 28.020 0.198 247 101 44
-16.858 28.025 0.214 252 93 54
-16.862 28.025 0.215 244 95 63
-16.862 28.022 0.206 255 102 50
-16.874 28.019 0.199 253 97 46
-16.862 28.019 0.194 255 95 45
-16.870 28.019 0.197 253 97 46
-16.949 27.985 0.218 206 160 144
-16.888 28.014 0.227 171 152 135
-16.952 27.987 0.265 243 105 58
-16.964 27.977 0.211 63 27 5
-16.953 27.987 0.272 245 94 47
-16.969 27.974 0.192 124 80 35
-16.954 27.987 0.276 253 101 54
-16.945 27.987 0.216 202 168 158
-16.942 27.991 0.262 255 166 134
-16.859 28.028 0.240 187 170 154
-16.957 27.984 0.259 231 100 56
-16.889 28.014 0.235 173 162 140
-16.965 27.977 0.214 107 50 30
-16.930 27.997 0.262 249 200 183
-16.953 27.988 0.283 250 102 54
-16.878 28.019 0.235 172 156 133
-16.940 27.990 0.238 219 200 185
-16.884 28.016 0.238 176 166 139
-16.891 28.012 0.222 209 183 170
-16.953 27.987 0.268 245 99 50
-16.953 27.987 0.274 253 101 54
-16.873 28.021 0.238 159 148 126
-16.956 27.981 0.199 129 82 52
-16.935 27.992 0.225 211 195 180
-16.953 27.987 0.273 245 94 47
-16.952 27.988 0.277 249 101 55
-16.884 28.017 0.248 77 58 28
-16.920 28.000 0.241 184 167 157
-16.913 28.004 0.256 165 139 124
-16.919 27.998 0.208 252 204 184
-16.942 27.993 0.278 255 130 81
-16.961 27.983 0.263 255 102 46
-16.905 28.008 0.257 171 146 124
-16.866 28.024 0.230 211 183 161
-16.922 27.998 0.234 188 171 163
-16.872 28.022 0.248 109 94 73
-16.961 27.978 0.203 93 67 40
-16.946 27.991 0.285 249 111 62
-16.940 27.991 0.239 219 200 185
-16.933 27.992 0.216 198 169 163
-16.922 28.002 0.275 203 80 39
-16.949 27.990 0.287 252 108 58
-16.855 28.030 0.239 202 183 166
-16.938 27.992 0.243 210 188 174
-16.952 27.989 0.290 245 98 46
-16.876 28.020 0.243 157 146 124
-16.961 27.981 0.236 227 101 53
-16.923 27.997 0.224 194 176 164
-16.875 28.020 0.235 184 166 144
-16.951 27.984 0.219 188 131 112
-16.912 28.006 0.268 224 150 123
-16.934 27.996 0.273 224 105 62
-16.896 28.010 0.228 191 175 162
-16.970 27.974 0.200 104 74 38
-16.975 27.972 0.212 80 51 21
-16.963 27.978 0.203 93 67 40
-16.910 28.005 0.240 200 179 158
-16.906 28.005 0.231 187 169 159
-16.889 28.014 0.246 137 116 85
-16.970 27.974 0.201 104 74 38
-16.855 28.030 0.238 202 183 166
-16.924 27.996 0.213 200 166 157
-16.857 28.028 0.234 211 173 154
-16.947 27.990 0.279 254 117 71
-16.923 27.998 0.243 199 185 174
-16.890 28.014 0.243 144 127 97
-16.967 27.976 0.210 74 36 15
-16.900 28.008 0.226 197 177 168
-16.937 27.991 0.227 219 202 182
-16.901 28.010 0.257 178 158 133
-16.938 27.990 0.213 208 180 169
-16.937 27.991 0.227 190 177 160
-16.889 28.015 0.248 176 153 121
-16.964 27.978 0.217 164 88 64
-16.941 27.990 0.237 241 212 194
-16.896 28.033 0.366 189 162 145
-16.886 28.032 0.334 161 94 68
-16.883 28.031 0.321 209 91 55
-16.933 28.010 0.348 248 102 53
-16.869 28.029 0.275 141 113 99
-16.907 28.030 0.385 216 129 102
-16.930 28.005 0.316 241 108 63
-16.941 27.996 0.300 255 121 73
-16.902 28.012 0.275 185 82 51
-16.918 28.009 0.304 235 107 58
-16.938 27.999 0.311 254 117 75
-16.891 28.027 0.325 202 93 62
-16.905 28.026 0.357 209 124 93
-16.898 28.026 0.337 203 146 116
-16.932 28.008 0.335 246 104 54
-16.903 28.021 0.328 209 102 68
-16.872 28.027 0.274 192 155 136
-16.913 28.019 0.343 243 104 61
-16.905 28.021 0.331 216 116 84
-16.907 28.032 0.393 209 118 91
-16.937 28.000 0.312 254 117 73
-16.903 28.011 0.274 177 97 72
-16.889 28.024 0.306 208 73 41
-16.911 28.029 0.388 210 99 71
-16.915 28.010 0.304 234 106 59
-16.889 28.025 0.307 206 76 44
-16.898 28.018 0.299 224 86 50
-16.918 28.005 0.286 241 105 63
-16.924 28.005 0.300 239 111 66
-16.901 28.030 0.366 193 142 121
-16.918 28.006 0.293 241 105 55
-16.885 28.033 0.337 182 130 108
-16.879 28.027 0.289 190 85 53
-16.919 28.003 0.280 236 93 53
-16.930 28.016 0.376 240 103 57
-16.889 28.020 0.280 162 78 44
-16.913 28.014 0.318 237 108 69
-16.894 28.020 0.295 227 93 56
-16.919 28.032 0.427 234 133 103
-16.883 28.030 0.317 205 85 50
-16.919 28.032 0.424 235 123 85
-16.937 28.004 0.329 248 113 65
-16.909 28.021 0.342 235 103 65
-16.894 28.023 0.310 213 88 56
-16.896 28.027 0.335 204 138 106
-16.917 28.032 0.422 227 119 93
-16.876 28.030 0.298 189 75 48
-16.928 28.018 0.378 239 94 50
-16.912 28.017 0.326 232 105 64
-16.919 28.033 0.429 234 133 103
-16.878 28.033 0.319 203 86 51
-16.872 28.024 0.257 125 118 89
-16.895 28.031 0.354 167 146 125
-16.869 28.031 0.283 193 138 118
-16.921 28.006 0.296 237 106 62
-16.880 28.026 0.288 155 62 31
-16.877 28.029 0.297 165 50 19
-16.903 28.025 0.348 204 115 81
-16.937 27.997 0.298 255 127 78
-16.908 28.026 0.364 226 121 92
-16.938 28.001 0.318 252 115 69
-16.873 28.027 0.277 191 148 129
-16.894 28.027 0.334 203 138 108
-16.912 28.011 0.301 235 102 57
-16.880 28.032 0.322 200 95 63
-16.896 28.016 0.279 178 79 47
-16.908 28.019 0.331 224 105 71
-16.864 28.032 0.275 144 106 87
-16.918 28.016 0.340 244 107 61
-16.862 28.027 0.247 200 178 167
-16.892 28.020 0.291 210 86 50
-16.898 28.012 0.267 219 179 154
-16.933 28.008 0.343 251 107 57
-16.884 28.026 0.299 220 87 54
-16.886 28.032 0.334 170 96 71
-16.893 28.026 0.324 199 96 63
-16.924 28.017 0.364 236 92 40
-16.894 28.027 0.329 188 99 67
-16.915 28.032 0.418 225 127 90
-16.917 28.029 0.403 228 109 67
-16.935 28.009 0.348 248 102 53
-16.889 28.033 0.351 174 156 136
-16.894 28.032 0.357 159 142 124
-16.933 28.002 0.312 247 112 67
-16.939 28.005 0.339 233 105 58
-16.920 28.028 0.410 246 105 62
-16.912 28.012 0.303 235 104 60
-16.882 28.033 0.333 161 94 68
-16.915 28.006 0.283 231 99 61
-16.902 28.028 0.358 195 141 113
-16.888 28.022 0.288 177 69 33
-16.897 28.032 0.366 189 162 145
-16.919 28.006 0.294 237 104 59
-16.934 28.009 0.345 242 96 47
-16.932 28.016 0.380 245 96 56
-16.924 28.007 0.312 231 106 60
-16.800 27.969 0.389 213 74 43
-16.893 28.031 0.377 161 158 153
-16.847 28.019 0.295 196 77 55
-16.863 28.019 0.348 146 93 77
-16.868 28.030 0.308 198 84 58
-16.827 28.006 0.297 209 100 61
-16.857 28.010 0.369 176 100 74
-16.872 28.025 0.345 156 139 129
-16.799 27.970 0.378 214 73 43
-16.881 28.020 0.394 162 166 169
-16.780 27.964 0.352 206 82 44
-16.802 27.970 0.390 221 78 46
-16.859 28.017 0.341 165 97 76
-16.856 28.029 0.280 175 112 95
-16.849 28.023 0.285 143 56 39
-16.849 28.014 0.323 195 90 71
-16.868 28.020 0.358 194 160 151
-16.833 28.002 0.334 203 76 43
-16.901 28.030 0.410 230 174 157
-16.850 28.005 0.370 200 81 41
-16.853 28.020 0.310 196 98 71
-16.790 27.973 0.339 206 76 50
-16.825 27.994 0.346 214 76 39
-16.859 28.018 0.335 161 90 68
-16.817 27.988 0.353 193 75 39
-16.828 28.000 0.327 195 75 40
-16.780 27.958 0.382 238 89 47
-16.882 28.017 0.411 208 146 133
-16.859 28.014 0.357 171 100 82
-16.831 28.012 0.283 184 81 50
-16.860 28.027 0.298 195 84 57
-16.848 27.995 0.412 252 139 105
-16.852 28.000 0.401 255 146 117
-16.839 27.998 0.372 237 88 46
-16.826 27.989 0.376 222 102 65
-16.839 28.015 0.291 197 83 56
-16.865 28.025 0.321 188 93 71
-16.781 27.961 0.368 234 85 52
-16.863 28.007 0.404 223 134 116
-16.804 27.985 0.327 195 73 36
-16.843 28.017 0.293 191 75 52
-16.898 28.025 0.421 230 151 134
-16.812 27.992 0.317 195 73 36
-16.862 28.014 0.363 166 104 83
-16.900 28.026 0.424 230 148 134
-16.812 27.987 0.341 185 66 34
-16.909 28.032 0.421 226 140 115
-16.840 28.020 0.272 133 81 59
-16.890 28.022 0.410 249 212 206
-16.869 28.017 0.372 147 113 103
-16.841 28.019 0.278 131 65 41
-16.822 28.004 0.293 208 81 48
-16.820 28.001 0.300 205 78 45
-16.816 27.983 0.370 202 76 38
-16.829 27.992 0.370 236 83 39
-16.908 28.030 0.430 223 155 136
-16.831 28.005 0.311 207 86 65
-16.815 27.992 0.325 187 71 32
-16.832 27.994 0.368 232 83 40
-16.811 27.995 0.301 204 71 36
-16.799 27.975 0.356 198 72 49
-16.880 28.022 0.380 164 163 158
-16.875 28.027 0.345 165 156 141
-16.832 28.003 0.327 195 76 42
-16.855 28.012 0.351 183 79 52
-16.855 28.013 0.347 173 72 44
-16.869 28.022 0.349 154 120 108
-16.815 27.995 0.309 196 72 36
-16.784 27.957 0.394 251 97 43
-16.826 28.007 0.290 202 93 52
-16.847 28.007 0.356 231 93 57
-16.832 27.989 0.393 255 147 101
-16.875 28.033 0.315 201 83 53
-16.806 27.980 0.357 187 68 44
-16.892 28.031 0.376 161 158 153
-16.830 27.996 0.355 214 79 34
-16.870 28.008 0.416 247 148 127
-16.805 27.971 0.393 210 71 38
-16.859 28.007 0.390 213 147 133
-16.877 28.012 0.421 238 150 128
-16.790 27.962 0.389 246 91 47
-16.791 27.965 0.381 231 79 42
-16.862 28.032 0.281 200 149 130
-16.791 27.972 0.348 199 70 41
-16.853 28.015 0.332 185 87 60
-16.832 27.992 0.379 234 99 52
-16.836 28.019 0.263 127 92 73
-16.842 28.004 0.349 227 84 50
-16.874 28.027 0.342 166 144 131
-16.786 27.960 0.391 249 95 45
-16.898 28.034 0.382 175 147 133
-16.839 28.009 0.318 201 81 56
-16.838 28.012 0.301 202 90 66
-16.792 27.968 0.370 221 79 41
-16.845 27.999 0.383 247 108 69
-16.802 27.968 0.398 223 75 39
-16.767 27.949 0.385 195 98 55
-16.888 28.029 0.375 170 181 177
-16.801 27.976 0.361 194 72 48
-16.874 28.027 0.338 165 133 120
-16.867 28.010 0.399 255 228 217
-16.852 28.006 0.371 192 86 47
-16.879 28.019 0.391 156 160 159
-16.873 28.024 0.352 145 137 126
-16.838 28.014 0.292 200 87 57
-16.882 28.024 0.379 129 131 126
-16.792 27.969 0.365 217 79 43
-16.799 27.969 0.386 218 75 43
-16.852 28.012 0.346 194 76 48
-16.845 27.996 0.398 255 146 106
-16.844 28.004 0.357 228 86 50
-16.860 28.029 0.290 152 66 43
-16.908 28.032 0.421 226 140 115
-16.810 27.976 0.386 188 69 39
-16.847 28.022 0.282 129 51 31
-16.784 27.963 0.371 231 85 38
-16.835 28.001 0.345 210 70 35
-16.838 27.996 0.378 253 93 57
-16.803 27.970 0.395 210 71 38
-16.856 28.001 0.406 255 139 114
-16.900 28.033 0.391 189 138 119
-16.820 27.999 0.310 196 72 38
-16.888 28.019 0.422 224 150 137
-16.917 28.035 0.435 237 150 133
-16.764 27.946 0.386 177 94 54
-16.817 27.980 0.387 244 134 99
-16.801 27.968 0.396 223 75 39
-16.850 28.010 0.349 220 90 58
-16.827 28.001 0.322 194 83 40
-16.803 27.981 0.344 184 66 40
-16.809 27.979 0.368 185 64 37
-16.872 28.008 0.420 245 144 124
-16.828 28.003 0.312 202 80 57
-16.845 27.996 0.400 255 146 106
-16.784 27.959 0.386 245 88 43
-16.851 28.004 0.377 212 92 58
-16.844 28.007 0.346 219 82 50
-16.860 28.006 0.398 255 168 154
-16.834 28.013 0.286 183 83 51
-16.834 27.991 0.385 250 118 70
-16.831 27.994 0.365 229 87 41
-16.896 28.024 0.419 230 151 134
-16.796 27.970 0.372 214 74 41
-16.831 28.012 0.283 184 81 50
-16.876 28.031 0.327 178 101 75
-16.791 27.974 0.336 207 75 50
-16.776 27.956 0.377 232 92 59
-16.884 28.020 0.404 219 219 219
-16.805 27.982 0.342 188 70 44
-16.843 28.015 0.301 201 91 68
-16.820 27.989 0.355 214 86 47
-16.858 28.019 0.329 161 83 63
-16.808 27.981 0.355 184 69 42
-16.798 27.975 0.353 196 72 48
-16.912 28.032 0.431 232 153 136
-16.866 28.026 0.319 189 89 66
-16.880 28.032 0.334 163 105 81
-16.872 28.014 0.394 232 227 221
-16.865 28.011 0.388 211 191 184
-16.883 28.023 0.389 215 209 211
-16.891 28.033 0.365 224 216 214
-16.810 27.973 0.400 197 69 34
-16.876 28.016 0.398 235 236 241
-16.900 28.028 0.412 246 204 192
-16.796 27.977 0.338 204 76 51
-16.833 27.992 0.379 242 99 55
-16.773 27.952 0.385 231 104 61
-16.870 28.019 0.365 215 185 177
-16.848 28.022 0.286 157 64 46
-16.817 27.993 0.327 198 70 35
-16.889 28.033 0.356 149 140 133
-16.829 28.024 0.214 244 123 94
-16.834 28.019 0.197 244 105 48
-16.840 28.018 0.191 255 95 47
-16.829 28.017 0.192 250 103 51
-16.845 28.031 0.231 252 190 167
-16.813 28.017 0.196 254 111 69
-16.828 28.018 0.193 250 103 51
-16.825 28.019 0.200 249 107 57
-16.833 28.025 0.215 236 102 67
-16.845 28.023 0.206 250 99 44
-16.848 28.020 0.194 252 100 51
-16.820 28.019 0.200 255 99 61
-16.835 28.022 0.229 199 174 154
-16.803 28.009 0.191 243 118 90
-16.794 27.977 0.215 161 71 37
-16.784 27.973 0.205 182 94 70
-16.805 27.998 0.208 227 190 184
-16.806 27.990 0.220 216 158 147
-16.782 27.958 0.219 218 74 63
-16.808 27.999 0.212 226 192 191
-16.784 27.949 0.235 214 77 43
-16.786 27.971 0.210 179 67 43
-16.788 27.976 0.207 162 80 58
-16.836 28.016 0.239 192 175 155
-16.803 27.969 0.242 213 93 59
-16.783 27.974 0.201 169 95 70
-16.821 27.998 0.236 142 109 100
-16.790 27.968 0.220 193 70 36
-16.798 27.968 0.234 205 67 39
-16.781 27.970 0.203 185 85 59
-16.797 27.987 0.207 150 101 86
-16.803 27.999 0.202 214 177 168
-16.840 28.024 0.233 201 169 146
-16.831 28.019 0.225 207 185 148
-16.805 27.987 0.222 213 145 124
-16.791 27.979 0.207 159 91 72
-16.796 27.992 0.200 86 56 46
-16.794 27.972 0.222 179 66 34
-16.810 28.007 0.205 255 183 167
-16.780 27.941 0.239 219 79 44
-16.821 28.013 0.215 255 206 174
-16.774 27.929 0.244 213 78 48
-16.793 27.988 0.199 45 25 14
-16.817 28.010 0.213 225 196 182
-16.819 27.994 0.236 162 116 100
-16.822 28.021 0.207 234 115 73
-16.816 28.000 0.224 205 175 165
-16.782 27.943 0.239 214 80 45
-16.807 27.997 0.211 209 181 180
-16.825 27.997 0.243 133 102 81
-16.803 27.990 0.215 179 122 113
-16.772 27.934 0.235 214 78 56
-16.780 27.963 0.209 195 86 63
-16.813 27.996 0.224 215 178 162
-16.775 27.947 0.221 206 75 47
-16.824 28.001 0.237 152 124 113
-16.833 28.016 0.231 202 183 166
-16.776 27.935 0.238 213 76 44
-16.792 27.985 0.203 71 37 25
-16.807 27.972 0.244 192 87 55
-16.820 28.013 0.213 255 206 174
-16.807 28.009 0.197 234 113 84
-16.831 28.021 0.222 245 201 166
-16.792 27.946 0.252 217 79 43
-16.789 27.973 0.213 189 74 43
-16.783 27.932 0.254 218 80 44
-16.826 28.008 0.230 207 178 172
-16.764 27.904 0.259 198 74 50
-16.776 27.925 0.266 215 80 48
-16.768 27.951 0.371 176 85 54
-16.799 27.977 0.301 209 75 40
-16.762 27.936 0.355 177 81 59
-16.784 27.966 0.341 203 74 43
-16.806 27.973 0.262 216 78 41
-16.814 27.990 0.269 198 81 46
-16.775 27.934 0.294 206 75 47
-16.785 27.959 0.317 208 73 51
-16.764 27.908 0.273 199 77 53
-16.779 27.944 0.301 205 73 50
-16.790 27.944 0.256 220 78 42
-16.771 27.917 0.267 207 76 46
-16.781 27.932 0.260 217 79 43
-16.820 28.003 0.282 205 85 48
-16.826 27.999 0.243 133 102 81
-16.766 27.917 0.288 193 75 47
-16.807 27.983 0.286 207 73 36
-16.765 27.920 0.298 196 78 50
-16.793 27.954 0.267 213 81 43
-16.768 27.947 0.360 190 84 58
-16.777 27.952 0.332 207 81 41
-16.769 27.937 0.327 200 82 46
-16.772 27.932 0.300 201 76 48
-16.813 27.989 0.273 200 82 44
-16.776 27.951 0.334 207 79 42
-16.793 27.967 0.303 208 75 44
-16.824 28.004 0.268 148 60 36
-16.789 27.954 0.287 206 79 44
-16.814 27.989 0.271 203 83 46
-16.770 27.917 0.267 203 75 46
-16.799 27.980 0.312 206 76 40
-16.779 27.950 0.316 206 78 51
-16.763 27.903 0.261 193 73 49
-16.826 28.006 0.263 175 117 95
-16.777 27.933 0.283 204 75 44
-16.778 27.955 0.339 201 77 39
-16.791 27.949 0.264 214 80 42
-16.773 27.929 0.288 210 76 49
-16.762 27.929 0.334 202 97 68
-16.784 27.937 0.262 227 77 42
-16.760 27.933 0.356 171 85 62
-16.824 28.004 0.264 175 117 95
-16.782 27.935 0.263 217 80 46
-16.776 27.943 0.311 202 77 49
-16.781 27.952 0.313 206 78 51
-16.778 27.958 0.343 201 79 40
-16.833 28.015 0.256 154 114 106
-16.783 27.960 0.327 212 75 56
-16.772 27.932 0.301 201 76 48
-16.760 27.934 0.356 171 85 62
-16.782 27.947 0.296 208 73 51
-16.768 27.930 0.313 197 78 46
-16.776 27.924 0.262 213 78 46
-16.799 27.965 0.271 215 78 42
-16.770 27.922 0.285 199 77 53
-16.779 27.944 0.303 204 74 50
-16.784 27.965 0.339 206 75 47
-16.788 27.967 0.324 209 74 52
-16.778 27.952 0.325 204 77 45
-16.807 27.974 0.259 209 75 40
-16.816 27.998 0.285 201 77 41
-16.767 27.930 0.317 197 78 46
-16.761 27.937 0.361 163 87 64
-16.776 27.944 0.314 202 77 47
-16.790 27.965 0.312 206 75 47
-16.824 28.000 0.258 155 103 82
-16.773 27.946 0.333 206 76 44
-16.775 27.925 0.271 209 79 47
-16.782 27.945 0.292 209 73 49
-16.770 27.932 0.308 204 80 52
-16.787 27.967 0.329 205 74 46
-16.781 27.963 0.347 200 78 39
-16.816 27.996 0.277 198 79 45
-16.830 28.014 0.266 174 123 102
-16.782 27.965 0.344 207 78 47
-16.778 27.928 0.265 215 80 48
-16.767 27.923 0.297 196 78 50
-16.777 27.942 0.304 204 74 50
-16.822 27.997 0.254 173 121 100
-16.769 27.937 0.327 200 82 46
-16.782 27.949 0.304 205 75 51
-16.782 27.965 0.343 207 78 47
-16.787 27.963 0.317 205 73 48
-16.812 27.991 0.284 204 76 39
-16.778 27.951 0.326 203 76 44
-16.823 27.998 0.255 173 121 100
-16.781 27.940 0.280 210 77 46
-16.763 27.928 0.331 206 99 67
-16.811 27.982 0.263 205 77 42
-16.821 28.002 0.273 196 75 46
-16.789 27.963 0.312 205 73 48
-16.809 27.988 0.289 208 74 37
-16.764 27.929 0.327 199 92 60
-16.796 27.955 0.260 210 83 42
-16.780 27.954 0.327 206 79 47
-16.760 27.940 0.374 152 96 69
-16.831 28.009 0.249 135 88 78
-16.771 27.922 0.279 202 77 49
-16.794 27.966 0.297 208 75 42
-16.817 27.992 0.266 196 82 48
-16.833 28.013 0.250 186 146 138
-16.797 27.981 0.322 202 75 42
-16.834 28.018 0.258 136 103 94
-16.816 27.983 0.246 147 71 47
-16.762 27.916 0.234 199 79 63
-16.766 27.926 0.230 205 80 60
-16.763 27.925 0.225 187 81 59
-16.765 27.933 0.218 183 81 56
-16.768 27.950 0.197 184 88 66
-16.757 27.902 0.244 180 79 59
-16.763 27.921 0.229 196 81 63
-16.762 27.911 0.241 185 76 56
-16.749 27.919 0.194 91 49 24
-16.763 27.927 0.221 181 79 57
-16.762 27.914 0.239 198 83 62
-16.763 27.915 0.239 198 83 62
-16.750 27.916 0.202 97 49 27
-16.775 27.964 0.197 180 96 72
-16.760 27.936 0.198 165 77 55
-16.743 27.900 0.207 82 44 31
-16.755 27.933 0.191 131 59 34
-16.760 27.918 0.226 178 76 61
-16.746 27.911 0.200 92 51 31
-16.762 27.938 0.201 182 83 62
-16.773 27.958 0.200 197 92 71
-16.770 27.952 0.201 195 88 68
-16.744 27.909 0.197 92 51 33
-16.765 27.936 0.214 183 81 58
-16.764 27.947 0.192 166 78 56
-16.764 27.905 0.257 199 77 53
-16.750 27.902 0.226 139 63 49
-16.755 27.925 0.202 133 60 41
-16.752 27.900 0.232 169 83 66
-16.762 27.907 0.250 193 78 57
-16.768 27.939 0.215 195 85 60
-16.774 27.962 0.196 180 96 72
-16.777 27.958 0.210 219 74 55
-16.757 27.902 0.243 177 76 58
-16.760 27.941 0.191 164 72 51
-16.774 27.958 0.202 203 82 65
-16.745 27.914 0.193 89 48 26
-16.749 27.917 0.197 96 50 27
-16.769 27.943 0.212 206 86 62
-16.777 27.966 0.198 191 99 74
-16.867 27.811 0.410 132 61 39
-16.753 27.847 0.400 109 67 45
-16.836 27.855 0.403 197 79 43
-16.833 27.835 0.405 117 60 41
-16.792 27.859 0.400 180 79 51
-16.744 27.858 0.398 123 104 87
-16.764 27.846 0.401 132 68 43
-16.812 27.864 0.400 218 79 46
-16.836 27.830 0.406 117 60 40
-16.789 27.859 0.400 178 79 50
-16.807 27.878 0.398 231 103 68
-16.851 27.794 0.412 129 68 40
-16.806 27.872 0.399 239 101 62
-16.785 27.889 0.396 222 124 99
-16.748 27.896 0.393 145 107 94
-16.736 27.838 0.401 122 114 91
-16.824 27.815 0.408 124 62 37
-16.752 27.856 0.399 126 78 58
-16.763 27.935 0.389 216 100 61
-16.879 27.793 0.413 136 61 38
-16.817 27.849 0.403 155 62 44
-16.794 27.817 0.406 114 61 45
-16.770 27.840 0.402 120 59 38
-16.825 27.827 0.406 120 59 38
-16.818 27.824 0.406 122 61 40
-16.908 27.787 0.415 129 64 42
-16.877 27.801 0.412 133 62 42
-16.904 27.796 0.414 129 63 41
-16.833 27.855 0.403 189 75 39
-16.885 27.807 0.411 129 63 41
-16.872 27.827 0.408 122 60 37
-16.799 27.814 0.407 114 57 40
-16.749 27.837 0.401 114 89 69
-16.840 27.833 0.406 116 59 40
-16.832 27.833 0.406 118 60 40
-16.847 27.852 0.404 165 68 49
-16.775 27.825 0.404 111 62 47
-16.838 27.804 0.410 128 64 39
-16.848 27.840 0.405 123 56 40
-16.767 27.837 0.402 114 58 35
-16.765 27.886 0.395 224 102 79
-16.880 27.810 0.411 132 61 39
-16.884 27.795 0.413 133 61 37
-16.753 27.886 0.395 149 99 76
-16.789 27.840 0.403 117 65 44
-16.850 27.793 0.412 129 68 40
-16.822 27.817 0.407 126 64 39
-16.842 27.805 0.410 129 64 42
-16.766 27.877 0.397 252 101 80
-16.778 27.917 0.392 249 116 73
-16.751 27.844 0.401 110 75 55
-16.821 27.877 0.399 248 105 63
-16.758 27.914 0.391 208 129 88
-16.815 27.829 0.405 120 59 40
-16.786 27.866 0.399 208 92 53
-16.805 27.880 0.398 226 112 78
-16.767 27.855 0.400 165 74 47
-16.803 27.876 0.398 223 103 66
-16.765 27.857 0.399 165 74 47
-16.844 27.837 0.405 113 57 40
-16.778 27.821 0.405 158 109 94
-16.796 27.898 0.395 235 116 92
-16.780 27.896 0.395 227 116 86
-16.884 27.797 0.413 128 62 40
-16.812 27.818 0.407 119 58 37
-16.806 27.848 0.402 136 57 42
-16.869 27.795 0.412 134 63 41
-16.778 27.841 0.402 143 82 63
-16.801 27.880 0.398 230 122 86
-16.833 27.851 0.403 154 64 38
-16.842 27.846 0.404 149 62 43
-16.761 27.841 0.401 110 64 41
-16.908 27.785 0.415 130 64 40
-16.757 27.901 0.393 184 107 87
-16.767 27.902 0.393 236 121 90
-16.823 27.815 0.408 126 64 39
-16.905 27.774 0.417 133 65 42
-16.820 27.844 0.404 128 52 36
-16.764 27.921 0.391 231 117 67
-16.760 27.848 0.400 129 69 43
-16.825 27.860 0.402 216 84 45
-16.784 27.833 0.403 103 57 42
-16.883 27.806 0.411 130 62 39
-16.840 27.802 0.410 129 64 42
-16.819 27.836 0.405 121 58 40
-16.835 27.833 0.406 117 60 41
-16.783 27.911 0.393 251 130 99
-16.798 27.841 0.403 118 55 40
-16.878 27.807 0.411 133 62 40
-16.784 27.905 0.394 250 132 102
-16.784 27.825 0.405 131 85 69
-16.773 27.907 0.393 254 139 95
-16.918 27.782 0.416 129 63 39
-16.824 27.823 0.407 121 61 37
-16.848 27.850 0.404 165 68 49
-16.787 27.844 0.402 143 87 70
-16.887 27.793 0.413 132 62 37
-16.792 27.901 0.395 245 119 96
-16.770 27.930 0.390 252 102 51
-16.824 27.865 0.401 225 86 47
-16.754 27.903 0.393 168 111 91
-16.761 27.933 0.389 189 95 61
-16.803 27.883 0.397 225 115 82
-16.826 27.865 0.401 227 90 48
-16.745 27.872 0.397 116 102 89
-16.857 27.843 0.405 139 56 40
-16.830 27.805 0.409 129 62 36
-16.762 27.876 0.397 223 101 80
-16.850 27.819 0.408 117 61 34
-16.752 27.878 0.396 150 94 71
-16.765 27.934 0.389 216 100 61
-16.800 27.898 0.395 236 117 93
-16.891 27.794 0.413 131 64 38
-16.808 27.811 0.408 120 59 38
-16.810 27.887 0.397 235 114 83
-16.795 27.855 0.401 172 80 59
-16.761 27.831 0.403 109 62 44
-16.798 27.823 0.406 110 58 44
-16.855 27.796 0.412 131 67 40
-16.736 27.859 0.398 118 113 93
-16.753 27.854 0.399 126 78 58
-16.904 27.775 0.416 133 65 42
-16.879 27.784 0.414 137 65 41
-16.747 27.851 0.400 121 99 78
-16.756 27.923 0.390 170 117 83
-16.847 27.961 0.412 239 123 86
-16.898 27.817 0.413 124 59 37
-16.824 27.884 0.400 246 109 65
-16.890 27.965 0.423 236 131 102
-16.922 27.859 0.423 180 89 60
-16.929 27.900 0.428 220 90 54
-16.872 27.864 0.410 182 71 41
-16.899 27.858 0.417 128 56 34
-16.886 27.866 0.414 160 64 39
-16.875 27.903 0.414 255 114 62
-16.905 27.924 0.424 255 121 77
-16.876 27.881 0.413 235 83 44
-16.783 27.948 0.394 255 103 53
-16.875 27.896 0.414 255 103 54
-16.895 27.950 0.423 231 113 77
-16.853 27.939 0.412 222 97 67
-16.869 27.926 0.415 242 107 75
-16.831 27.923 0.405 239 105 67
-16.898 27.820 0.414 122 60 37
-16.872 27.952 0.418 236 123 93
-16.811 27.893 0.397 235 112 78
-16.866 27.849 0.408 141 56 35
-16.820 27.891 0.399 239 116 74
-16.929 27.904 0.428 233 94 53
-16.863 27.913 0.412 243 107 67
-16.817 27.885 0.398 249 111 72
-16.877 27.875 0.413 214 77 43
-16.885 27.867 0.414 163 65 38
-16.912 27.826 0.418 117 61 34
-16.855 27.885 0.408 255 101 55
-16.871 27.973 0.419 232 127 105
-16.920 27.866 0.423 156 67 35
-16.920 27.985 0.433 226 117 86
-16.894 27.943 0.422 247 129 91
-16.927 27.911 0.428 250 100 50
-16.847 27.917 0.408 229 106 72
-16.872 27.940 0.416 210 92 64
-16.865 27.903 0.412 252 110 64
-16.798 27.926 0.396 243 95 65
-16.773 27.942 0.391 239 102 50
-16.875 27.962 0.419 236 128 100
-16.863 27.999 0.419 240 146 118
-16.908 27.895 0.422 242 88 38
-16.871 27.893 0.412 255 100 52
-16.855 27.998 0.417 251 142 109
-16.893 27.951 0.423 231 113 77
-16.834 27.947 0.407 241 109 71
-16.912 27.976 0.430 231 116 85
-16.874 27.972 0.420 231 126 104
-16.843 27.920 0.407 231 111 77
-16.900 27.852 0.417 125 60 40
-16.825 27.915 0.402 237 104 69
-16.820 27.977 0.406 247 128 98
-16.890 27.875 0.416 202 75 42
-16.904 27.874 0.419 157 67 40
-16.875 27.831 0.408 125 58 39
-16.921 27.793 0.417 128 63 43
-16.918 27.963 0.430 223 93 61
-16.937 27.812 0.423 131 66 44
-16.796 27.909 0.394 236 129 111
-16.918 27.996 0.433 233 125 97
-16.918 27.977 0.431 231 114 81
-16.850 27.908 0.408 238 106 68
-16.790 27.938 0.395 252 94 47
-16.921 27.998 0.434 231 126 96
-16.930 27.866 0.425 202 101 73
-16.905 27.950 0.426 254 116 69
-16.862 27.910 0.412 247 110 68
-16.865 27.848 0.407 141 56 35
-16.831 27.900 0.403 231 108 75
-16.808 27.922 0.399 237 107 75
-16.938 27.775 0.420 135 69 43
-16.916 27.956 0.429 251 116 84
-16.837 27.905 0.405 229 108 79
-16.916 27.846 0.420 133 60 41
-16.881 27.854 0.412 135 59 36
-16.919 27.849 0.421 143 65 43
-16.775 27.936 0.391 255 99 43
-16.838 27.915 0.406 234 106 71
-16.926 27.794 0.419 129 64 44
-16.880 27.981 0.422 232 126 110
-16.857 27.934 0.412 234 110 84
-16.919 27.885 0.424 188 68 34
-16.783 27.928 0.393 253 95 50
-16.873 28.006 0.422 229 158 136
-16.915 27.920 0.426 255 117 66
-16.819 27.970 0.405 252 129 95
-16.901 27.965 0.426 230 116 80
-16.922 27.885 0.425 177 59 31
-16.928 27.838 0.423 139 64 43
-16.855 27.957 0.413 239 125 91
-16.905 28.004 0.430 227 139 125
-16.897 27.950 0.424 243 121 80
-16.786 27.928 0.393 252 95 52
-16.925 27.832 0.421 135 64 42
-16.906 27.873 0.420 153 66 38
-16.823 27.932 0.403 236 112 74
-16.871 27.984 0.420 239 134 115
-16.930 27.873 0.426 195 90 68
-16.891 27.852 0.414 131 56 37
-16.885 27.850 0.413 132 57 36
-16.882 28.012 0.425 242 173 166
-16.905 27.849 0.418 119 58 39
-16.876 28.008 0.423 235 169 147
-16.936 27.844 0.425 140 65 46
-16.881 27.897 0.415 254 104 53
-16.917 27.994 0.433 233 125 97
-16.891 27.991 0.426 232 127 106
-16.810 27.943 0.401 206 69 27
-16.911 27.927 0.426 255 122 76
-16.828 27.883 0.401 246 108 62
-16.888 27.817 0.411 122 62 36
-16.925 27.804 0.419 128 62 36
-16.904 27.866 0.419 130 58 33
-16.879 27.944 0.419 222 104 76
-16.928 27.881 0.426 167 57 32
-16.909 27.860 0.420 125 59 35
-16.797 27.963 0.399 245 88 35
-16.897 27.832 0.414 116 58 36
-16.929 27.786 0.419 132 64 41
-16.837 27.895 0.404 244 114 80
-16.803 27.948 0.400 235 84 39
-16.921 27.822 0.420 131 63 40
-16.837 27.950 0.408 243 111 73
-16.804 27.931 0.398 227 81 40
-16.835 27.905 0.404 229 108 77
-16.866 27.979 0.418 237 132 110
-16.855 27.857 0.405 180 70 43
-16.914 28.012 0.433 226 157 141
-16.808 27.938 0.400 216 73 33
-16.816 27.953 0.403 245 118 77
-16.896 27.877 0.418 187 72 45
-16.913 27.906 0.424 254 104 51
-16.929 27.807 0.420 131 63 40
-16.845 27.927 0.408 230 107 76
-16.877 27.922 0.416 251 109 73
-16.868 27.938 0.415 219 104 75
-16.876 27.880 0.413 235 83 44
-16.898 27.928 0.422 255 116 75
-16.889 27.913 0.419 255 122 60
-16.911 27.890 0.423 216 82 44
-16.874 27.849 0.410 134 56 36
-16.901 27.925 0.423 255 121 79
-16.843 27.962 0.411 241 123 87
-16.910 27.850 0.419 119 56 38
-16.936 27.786 0.420 130 66 41
-16.927 27.831 0.422 135 64 42
-16.907 28.022 0.432 246 185 180
-16.888 27.952 0.422 225 104 77
-16.837 27.916 0.406 233 101 63
-16.905 27.810 0.415 128 60 37
-16.871 27.844 0.409 133 55 35
-16.851 27.878 0.406 251 95 54
-16.910 27.951 0.427 255 112 70
-16.918 27.842 0.420 138 63 42
-16.922 27.816 0.419 130 60 35
-16.897 27.956 0.424 221 103 65
-16.910 27.839 0.418 124 62 39
-16.853 27.907 0.409 240 106 69
-16.917 27.813 0.418 126 60 34
-16.918 28.024 0.435 240 191 177
-16.911 27.844 0.419 120 54 32
-16.887 27.992 0.425 226 134 119
-16.844 27.943 0.410 237 110 78
-16.919 27.842 0.421 138 63 42
-16.927 27.840 0.423 146 69 49
-16.878 27.846 0.410 133 56 36
-16.874 27.986 0.421 238 132 116
-16.856 27.851 0.405 157 62 42
-16.822 27.971 0.406 253 133 99
-16.843 27.894 0.405 245 105 69
-16.899 27.851 0.416 125 60 40
-16.912 27.867 0.421 134 59 30
-16.836 27.944 0.408 238 105 70
-16.923 27.920 0.428 252 115 63
-16.866 27.837 0.407 128 56 41
-16.901 27.965 0.426 230 120 87
-16.909 27.923 0.425 255 119 73
-16.819 27.948 0.404 235 107 68
-16.887 27.948 0.421 227 102 80
-16.940 27.776 0.421 130 69 41
-16.806 27.909 0.397 239 120 96
-16.896 28.011 0.428 233 184 179
-16.808 27.971 0.403 212 76 38
-16.920 27.842 0.421 138 63 42
-16.888 27.894 0.417 252 100 50
-16.902 27.841 0.416 123 58 40
-16.928 27.836 0.422 139 64 43
-16.915 28.014 0.434 226 157 141
-16.793 27.936 0.396 255 89 47
-16.824 27.946 0.405 226 98 61
-16.887 27.855 0.413 134 57 37
-16.844 27.930 0.408 234 109 79
-16.788 27.940 0.395 252 94 47
-16.934 27.795 0.421 127 66 45
-16.879 27.935 0.418 245 128 95
-16.929 27.776 0.418 135 63 39
-16.898 27.981 0.427 234 128 102
-16.924 27.920 0.428 252 115 63
-16.887 28.010 0.426 255 190 184
-16.921 27.910 0.427 255 105 52
-16.871 27.860 0.410 173 68 39
-16.899 27.815 0.413 124 59 37
-16.907 28.024 0.432 225 154 148
-16.850 27.908 0.408 238 106 68
-16.820 27.911 0.401 237 108 77
-16.914 27.853 0.420 133 61 37
-16.914 27.820 0.418 121 59 34
-16.896 27.810 0.412 126 62 37
-16.920 27.935 0.428 253 131 84
-16.897 28.017 0.429 232 174 163
-16.915 28.004 0.433 229 138 109
-16.915 27.924 0.426 255 119 69
-16.936 27.823 0.424 133 65 44
-16.904 27.849 0.417 121 60 41
-16.833 27.940 0.406 239 106 71
-16.840 27.914 0.406 228 105 71
-16.814 27.929 0.401 236 107 67
-16.937 27.798 0.422 121 63 43
-16.863 27.893 0.410 255 103 59
-16.863 27.949 0.415 235 117 87
-16.886 27.891 0.416 252 95 50
-16.879 27.825 0.409 122 62 36
-16.904 27.885 0.420 208 79 40
-16.884 27.910 0.417 255 122 66
-16.890 28.010 0.427 247 189 185
-16.907 28.002 0.431 233 136 117
-16.862 27.989 0.418 243 138 109
-16.900 27.816 0.414 124 59 37
-16.887 27.839 0.412 125 58 39
-16.862 27.851 0.407 150 60 36
-16.914 27.898 0.424 246 92 42
-16.849 27.980 0.414 243 132 102
-16.905 27.812 0.415 128 60 37
-16.810 27.905 0.398 234 113 84
-16.886 27.909 0.418 254 121 65
-16.820 27.963 0.405 247 121 83
-16.905 27.931 0.424 255 118 74
-16.934 27.776 0.419 133 66 40
-16.824 27.934 0.404 238 114 78
-16.801 27.725 0.397 141 69 44
-16.881 27.747 0.409 129 67 42
-16.834 27.705 0.413 99 89 64
-16.795 27.752 0.385 126 62 37
-16.810 27.718 0.402 150 72 50
-16.817 27.685 0.417 132 124 103
-16.816 27.708 0.408 102 87 56
-16.864 27.718 0.416 102 66 42
-16.782 27.748 0.383 128 64 39
-16.811 27.703 0.409 98 91 62
-16.895 27.725 0.421 92 61 41
-16.794 27.715 0.400 150 75 52
-16.863 27.703 0.422 106 97 82
-16.772 27.745 0.382 131 65 41
-16.825 27.686 0.419 127 116 96
-16.820 27.686 0.417 129 118 98
-16.851 27.754 0.399 135 65 40
-16.845 27.712 0.414 95 73 49
-16.772 27.752 0.379 121 63 39
-16.849 27.741 0.403 137 67 41
-16.867 27.733 0.411 135 69 45
-16.817 27.688 0.416 130 122 101
-16.842 27.720 0.410 137 72 52
-16.823 27.752 0.392 134 64 39
-16.775 27.732 0.388 136 69 42
-16.822 27.685 0.418 129 118 98
-16.838 27.717 0.410 129 72 52
-16.914 27.755 0.414 121 61 37
-16.820 27.691 0.415 125 114 96
-16.838 27.714 0.411 114 73 51
-16.841 27.742 0.401 142 68 43
-16.894 27.724 0.421 92 61 41
-16.831 27.735 0.401 135 63 38
-16.902 27.730 0.421 100 73 54
-16.809 27.707 0.407 106 91 60
-16.802 27.721 0.399 146 70 46
-16.839 27.684 0.423 125 114 94
-16.823 27.737 0.398 144 70 45
-16.831 27.724 0.405 170 92 72
-16.827 27.721 0.406 148 73 52
-16.873 27.720 0.418 97 67 43
-16.787 27.720 0.396 152 70 46
-16.791 27.730 0.393 135 68 39
-16.775 27.739 0.385 138 66 42
-16.829 27.745 0.397 138 66 42
-16.773 27.750 0.380 123 63 39
-16.918 27.748 0.418 114 57 37
-16.868 27.742 0.408 131 67 40
-16.856 27.749 0.402 134 66 43
-16.904 27.749 0.414 126 61 39
-16.760 27.751 0.377 116 60 35
-16.842 27.710 0.413 92 80 56
-16.888 27.744 0.412 125 63 40
-16.794 27.740 0.390 137 65 43
-16.909 27.755 0.413 124 62 39
-16.900 27.749 0.413 130 63 37
-16.796 27.737 0.391 140 66 41
-16.863 27.742 0.406 132 68 41
-16.817 27.691 0.415 125 114 96
-16.768 27.739 0.383 137 65 41
-16.898 27.737 0.418 115 57 37
-16.845 27.745 0.401 139 67 43
-16.857 27.737 0.407 134 68 42
-16.833 27.720 0.408 143 72 52
-16.874 27.756 0.404 133 65 42
-16.827 27.675 0.424 132 125 99
-16.772 27.734 0.386 135 68 41
-16.816 27.686 0.417 130 122 101
-16.922 27.757 0.415 122 57 37
-16.837 27.722 0.408 139 71 50
-16.897 27.734 0.418 113 58 38
-16.855 27.711 0.417 89 82 56
-16.909 27.743 0.418 112 55 35
-16.843 27.749 0.398 138 66 42
-16.792 27.720 0.397 148 68 45
-16.876 27.723 0.417 104 66 45
-16.783 27.740 0.387 138 66 42
-16.836 27.722 0.407 139 71 50
-16.827 27.753 0.393 134 64 39
-16.875 27.743 0.409 130 66 39
-16.832 27.695 0.417 121 104 88
-16.852 27.749 0.401 137 65 41
-16.820 27.746 0.394 136 65 43
-16.881 27.762 0.407 133 66 40
-16.819 27.759 0.392 132 65 39
-16.740 27.827 0.399 127 111 88
-16.762 27.800 0.395 107 56 35
-16.824 27.791 0.405 131 59 35
-16.810 27.756 0.389 134 64 39
-16.855 27.788 0.411 131 65 41
-16.777 27.800 0.398 163 114 99
-16.773 27.797 0.396 158 107 90
-16.756 27.813 0.398 110 65 44
-16.839 27.796 0.410 130 63 44
-16.789 27.770 0.390 125 60 40
-16.832 27.794 0.408 136 65 45
-16.880 27.764 0.408 133 66 40
-16.765 27.789 0.391 133 80 62
-16.747 27.785 0.386 106 68 47
-16.806 27.800 0.405 130 62 39
-16.832 27.760 0.396 133 66 40
-16.907 27.762 0.413 128 64 39
-16.756 27.799 0.393 108 57 36
-16.837 27.771 0.401 132 64 41
-16.770 27.813 0.401 111 60 43
-16.887 27.767 0.410 134 67 41
-16.792 27.772 0.391 130 64 42
-16.816 27.754 0.390 134 64 39
-16.843 27.773 0.403 132 66 42
-16.917 27.767 0.418 125 61 36
-16.922 27.765 0.418 126 60 38
-16.801 27.770 0.392 133 61 37
-16.831 27.796 0.409 133 62 40
-16.892 27.773 0.414 133 66 40
-16.752 27.816 0.398 99 66 47
-16.856 27.772 0.406 133 65 42
-16.817 27.787 0.402 138 64 39
-16.751 27.779 0.384 105 58 38
-16.751 27.775 0.383 109 61 41
-16.779 27.771 0.388 117 60 43
-16.790 27.786 0.396 118 60 40
-16.767 27.757 0.380 116 61 40
-16.828 27.780 0.402 135 64 42
-16.770 27.779 0.389 121 68 50
-16.797 27.795 0.401 129 64 44
-16.869 27.767 0.407 135 64 42
-16.836 27.785 0.406 133 65 42
-16.919 27.760 0.415 122 60 37
-16.758 27.825 0.403 107 64 45
-16.890 27.769 0.412 134 67 41
-16.789 27.761 0.387 126 66 42
-16.777 27.762 0.384 118 63 42
-16.758 27.788 0.389 116 64 42
-16.762 27.818 0.401 109 62 44
-16.929 27.761 0.418 126 59 40
-16.831 27.770 0.399 133 66 40
-16.820 27.772 0.397 132 65 39
-16.740 27.809 0.393 124 102 81
-16.868 27.758 0.403 133 65 42
-16.853 27.761 0.401 133 65 42
-16.790 27.796 0.399 119 62 42
-16.817 27.758 0.392 132 65 39
-16.847 27.764 0.400 133 65 42
-16.881 27.766 0.409 136 66 41
-16.775 27.806 0.400 165 116 101
-16.843 27.757 0.397 136 66 41
-16.774 27.797 0.396 158 107 90
-16.756 27.755 0.377 119 63 40
-16.828 27.764 0.396 132 65 39
-16.757 27.805 0.395 109 61 41
-16.838 27.792 0.409 131 64 45
-16.757 27.778 0.385 115 64 45
-16.760 27.769 0.383 122 67 47
-16.808 27.805 0.407 128 64 39
-16.868 27.779 0.411 135 63 41
-16.763 27.783 0.389 125 74 53
-16.841 27.770 0.401 131 65 41
-16.887 27.773 0.413 135 65 40
-16.800 27.782 0.397 132 64 41
-16.766 27.781 0.389 125 74 53
-16.903 27.769 0.415 130 64 40
-16.804 27.804 0.406 126 64 41
-16.853 27.758 0.400 135 65 40
-16.816 27.785 0.401 137 63 38
-16.812 27.785 0.400 138 64 39
-16.781 27.779 0.391 114 61 45
-16.774 27.761 0.383 117 62 41
-16.861 27.787 0.412 135 64 42
-16.764 27.791 0.392 124 72 51
-16.797 27.809 0.406 122 63 45
-16.857 27.760 0.401 133 65 42
-17.192 27.937 0.357 70 75 71
-17.189 27.936 0.367 21 26 22
-17.229 27.977 0.374 51 51 49
-17.223 27.971 0.375 48 50 47
-17.237 27.974 0.310 18 18 16
-17.218 27.953 0.295 14 16 13
-17.216 27.943 0.244 15 15 13
-17.220 27.957 0.308 16 18 15
-17.215 27.951 0.302 16 18 15
-17.220 27.944 0.226 19 22 27
-17.218 27.948 0.261 16 16 14
-17.203 27.941 0.311 19 19 17
-17.230 27.972 0.337 18 17 15
-17.215 27.954 0.319 19 18 16
-17.224 27.972 0.373 48 50 47
-17.230 27.960 0.265 17 17 15
-17.224 27.964 0.327 19 21 18
-17.228 27.955 0.248 14 14 14
-17.222 27.958 0.298 15 17 14
-17.195 27.935 0.324 112 106 106
-17.228 27.956 0.253 14 14 12
-17.223 27.969 0.363 48 48 46
-17.211 27.952 0.333 139 130 133
-17.229 27.978 0.384 45 45 43
-17.224 27.949 0.233 19 19 19
-17.199 27.936 0.308 9 9 7
-17.208 27.951 0.344 36 34 35
-17.216 27.955 0.323 21 21 19
-17.225 27.957 0.276 16 16 14
-17.206 27.941 0.298 16 18 15
-17.211 27.943 0.272 16 16 14
-17.217 27.964 0.369 45 47 44
-17.229 27.964 0.296 18 18 16
-17.210 27.957 0.367 43 46 39
-17.205 27.941 0.304 14 16 13
-17.232 27.963 0.272 16 15 13
-17.235 27.969 0.291 16 15 13
-17.211 27.958 0.371 44 45 37
-17.225 27.975 0.384 48 49 44
-17.193 27.934 0.333 22 22 20
-17.237 27.979 0.333 17 19 16
-17.230 27.961 0.269 16 16 14
-17.216 27.954 0.313 15 17 14
-17.209 27.942 0.284 15 17 14
-17.216 27.941 0.237 17 17 15
-17.199 27.938 0.323 163 159 158
-17.194 27.941 0.370 37 42 36
-17.225 27.960 0.300 16 18 15
-17.212 27.950 0.315 8 8 6
-17.237 27.978 0.331 17 19 16
-17.227 27.969 0.335 20 19 17
-17.217 27.943 0.236 17 17 15
-17.222 27.966 0.350 51 47 46
-17.231 27.972 0.329 19 19 17
-17.200 27.945 0.358 33 38 34
-17.217 27.942 0.229 16 18 17
-17.194 27.938 0.357 70 75 71
-17.207 27.953 0.363 44 46 41
-17.216 27.957 0.329 33 29 28
-17.200 27.938 0.313 25 24 22
-17.218 27.955 0.306 16 18 15
-17.227 27.965 0.313 18 18 16
-17.212 27.953 0.334 139 130 133
-17.198 27.938 0.327 123 117 117
-17.228 27.958 0.266 16 16 14
-17.229 27.976 0.371 50 50 48
-17.235 27.973 0.312 18 18 16
-17.195 27.939 0.350 30 34 33
-17.227 27.970 0.346 144 140 139
-17.193 27.937 0.347 26 30 29
-17.224 27.973 0.383 50 49 45
-17.221 27.947 0.244 18 18 18
-17.216 27.952 0.302 16 18 15
-17.222 27.951 0.255 14 14 12
-17.209 27.948 0.320 26 25 23
-17.203 27.937 0.288 15 17 14
-17.214 27.958 0.350 42 38 37
-17.203 27.947 0.351 35 37 36
-17.234 27.970 0.300 18 18 16
-17.228 27.955 0.243 15 15 15
-17.235 27.968 0.233 26 25 23
-17.233 27.964 0.246 19 18 16
-17.236 27.970 0.276 18 17 15
-17.228 27.954 0.208 25 27 24
-17.234 27.966 0.270 16 15 13
-17.233 27.965 0.271 16 15 13
-17.233 27.964 0.236 24 23 21
-17.226 27.952 0.199 25 27 26
-17.229 27.957 0.208 27 29 26
-17.231 27.960 0.196 29 25 16
-17.234 27.965 0.206 27 28 23
-17.234 27.965 0.247 19 18 16
-17.233 27.964 0.263 18 17 15
-17.233 27.965 0.217 18 19 14
-17.222 27.944 0.210 30 26 15
-17.232 27.962 0.233 26 25 23
-17.231 27.960 0.258 15 15 13
-17.235 27.967 0.245 25 24 22
-17.229 27.957 0.229 26 26 28
-17.235 27.967 0.224 21 16 12
-17.234 27.965 0.210 27 29 24
-17.233 27.964 0.264 17 16 14
-17.227 27.954 0.235 20 20 20
-17.231 27.961 0.255 17 16 14
-17.179 27.934 0.345 38 40 37
-17.146 27.941 0.286 16 16 16
-17.180 27.937 0.298 17 17 15
-17.200 27.940 0.248 21 21 19
-17.122 27.942 0.293 15 17 16
-17.162 27.935 0.349 144 140 129
-17.163 27.939 0.292 20 20 20
-17.183 27.933 0.357 24 26 25
-17.123 27.940 0.319 73 67 67
-17.183 27.935 0.324 71 65 65
-17.165 27.939 0.296 19 21 20
-17.160 27.938 0.308 21 21 19
-17.167 27.936 0.333 96 81 76
-17.166 27.941 0.265 18 18 16
-17.179 27.936 0.310 22 21 19
-17.182 27.937 0.296 17 17 15
-17.148 27.939 0.302 15 17 16
-17.161 27.936 0.333 140 127 121
-17.189 27.938 0.281 16 16 14
-17.213 27.940 0.230 15 17 16
-17.181 27.937 0.301 18 18 16
-17.140 27.938 0.331 80 70 71
-17.154 27.938 0.313 24 23 21
-17.177 27.940 0.262 17 17 15
-17.126 27.941 0.302 16 16 16
-17.147 27.942 0.266 16 16 14
-17.192 27.941 0.230 17 19 18
-17.196 27.941 0.232 18 20 19
-17.160 27.941 0.271 18 18 16
-17.142 27.942 0.280 16 16 14
-17.183 27.941 0.252 19 19 17
-17.180 27.933 0.354 30 32 31
-17.202 27.939 0.256 17 17 15
-17.159 27.936 0.334 140 127 121
-17.165 27.937 0.313 21 17 16
-17.172 27.933 0.356 43 45 44
-17.188 27.941 0.245 16 16 14
-17.207 27.941 0.226 20 22 21
-17.137 27.938 0.326 111 101 102
-17.155 27.936 0.342 73 64 55
-17.197 27.940 0.250 19 19 17
-17.173 27.942 0.249 17 17 15
-17.146 27.942 0.276 17 17 15
-17.137 27.938 0.326 111 101 102
-17.186 27.938 0.280 18 18 16
-17.172 27.934 0.353 44 46 45
-17.175 27.936 0.322 101 95 95
-17.144 27.937 0.336 172 164 151
-17.183 27.934 0.332 28 27 23
-17.177 27.937 0.309 22 21 19
-17.200 27.939 0.249 21 21 19
-17.146 27.938 0.328 58 48 49
-17.162 27.940 0.277 16 17 12
-17.174 27.934 0.341 62 63 58
-17.145 27.937 0.334 172 164 151
-17.205 27.938 0.265 14 14 12
-17.114 27.942 0.304 17 17 17
-17.158 27.938 0.311 23 22 20
-17.130 27.942 0.283 16 16 14
-17.206 27.941 0.226 20 22 21
-17.140 27.939 0.315 30 26 25
-17.170 27.938 0.299 18 18 16
-17.179 27.939 0.270 16 16 14
-17.168 27.940 0.279 17 17 15
-17.176 27.939 0.277 17 17 15
-17.169 27.935 0.334 135 122 116
-17.202 27.941 0.224 24 24 22
-17.196 27.939 0.255 20 20 18
-17.154 27.937 0.331 115 103 105
-17.143 27.940 0.304 15 17 14
-17.110 27.943 0.295 15 17 16
-17.173 27.938 0.295 18 18 16
-17.174 27.935 0.330 34 33 29
-17.200 27.936 0.295 15 17 14
-17.123 27.940 0.319 73 67 67
-17.174 27.938 0.288 18 18 16
-17.133 27.942 0.289 16 18 17
-17.145 27.941 0.279 17 17 15
-17.178 27.940 0.268 16 16 14
-17.152 27.942 0.265 14 14 12
-17.188 27.937 0.296 17 17 15
-17.188 27.933 0.348 49 53 52
-17.192 27.937 0.197 28 25 20
-17.223 27.952 0.194 28 24 15
-17.220 27.945 0.202 28 28 28
-17.145 27.912 0.206 16 16 14
-17.133 27.915 0.194 30 29 25
-17.152 27.919 0.200 25 24 20
-17.087 27.896 0.194 22 22 20
-17.122 27.904 0.204 17 18 13
-17.113 27.903 0.200 24 25 20
-17.205 27.943 0.196 26 23 16
-17.145 27.912 0.206 16 16 14
-17.103 27.899 0.200 20 20 18
-17.114 27.908 0.194 28 29 24
-17.088 27.894 0.198 19 19 17
-17.102 27.896 0.203 58 58 56
-17.094 27.895 0.201 16 16 14
-17.107 27.897 0.205 62 62 60
-17.140 27.915 0.198 28 27 25
-17.145 27.922 0.192 31 27 24
-17.153 27.917 0.202 21 22 17
-17.108 27.905 0.194 21 22 17
-17.208 27.947 0.192 26 23 16
-17.119 27.902 0.205 22 23 18
-17.086 27.890 0.202 14 14 12
-17.118 27.902 0.203 22 23 18
-17.166 27.929 0.193 28 27 23
-17.176 27.931 0.196 30 26 23
-17.095 27.897 0.198 21 21 19
-17.121 27.904 0.204 21 22 17
-17.124 27.913 0.192 33 29 26
-17.157 27.915 0.363 100 100 90
-17.145 27.922 0.350 81 79 67
-17.105 27.906 0.338 28 25 18
-17.157 27.920 0.359 94 94 82
-17.169 27.929 0.360 126 128 117
-17.162 27.933 0.352 154 152 140
-17.144 27.896 0.369 94 90 78
-17.126 27.899 0.357 90 81 72
-17.161 27.918 0.363 94 94 84
-17.099 27.920 0.324 40 34 34
-17.104 27.921 0.326 37 32 29
-17.171 27.927 0.362 97 98 90
-17.112 27.903 0.345 41 38 29
-17.159 27.919 0.361 86 86 76
-17.105 27.929 0.321 38 34 31
-17.114 27.871 0.370 184 155 139
-17.126 27.918 0.342 56 53 48
-17.106 27.910 0.336 46 43 38
-17.111 27.893 0.351 82 70 58
-17.110 27.886 0.356 107 89 75
-17.111 27.886 0.357 149 127 113
-17.155 27.928 0.351 164 162 149
-17.111 27.935 0.320 77 71 71
-17.153 27.923 0.354 99 99 87
-17.100 27.898 0.341 48 44 33
-17.120 27.927 0.332 100 91 92
-17.119 27.893 0.357 112 98 87
-17.145 27.910 0.360 99 96 87
-17.101 27.891 0.347 47 39 26
-17.109 27.889 0.354 107 89 75
-17.098 27.930 0.316 92 88 87
-17.111 27.892 0.352 82 70 58
-17.128 27.931 0.333 53 44 45
-17.107 27.893 0.349 59 49 37
-17.106 27.881 0.358 90 61 45
-17.136 27.907 0.356 72 67 61
-17.109 27.889 0.354 107 89 75
-17.141 27.922 0.348 86 84 72
-17.131 27.907 0.353 88 83 79
-17.115 27.932 0.325 44 35 36
-17.131 27.928 0.337 22 20 8
-17.125 27.920 0.339 44 41 36
-17.156 27.930 0.351 149 147 134
-17.155 27.909 0.366 86 83 74
-17.131 27.907 0.353 90 87 80
-17.107 27.866 0.369 119 82 64
-17.107 27.870 0.367 112 75 57
-17.120 27.913 0.342 53 52 47
-17.114 27.884 0.360 163 137 124
-17.130 27.913 0.348 71 68 63
-17.174 27.932 0.360 23 25 24
-17.148 27.905 0.365 80 78 66
-17.180 27.936 0.228 16 18 15
-17.079 27.905 0.246 18 18 16
-17.086 27.892 0.215 17 17 17
-17.104 27.899 0.216 62 62 60
-17.157 27.939 0.252 18 18 18
-17.100 27.899 0.218 28 28 28
-17.110 27.906 0.224 38 38 36
-17.135 27.926 0.244 22 22 20
-17.095 27.936 0.293 16 17 19
-17.120 27.916 0.235 24 24 22
-17.059 27.878 0.208 18 15 8
-17.166 27.925 0.219 17 17 17
-17.130 27.905 0.207 16 16 16
-17.163 27.920 0.211 18 20 15
-17.130 27.928 0.251 14 14 12
-17.128 27.937 0.269 16 16 14
-17.078 27.898 0.233 18 18 20
-17.124 27.939 0.275 16 16 16
-17.169 27.935 0.233 17 19 16
-17.108 27.925 0.261 17 17 17
-17.092 27.894 0.214 18 18 18
-17.102 27.927 0.271 16 16 16
-17.130 27.916 0.228 13 14 9
-17.086 27.892 0.215 17 17 17
-17.114 27.911 0.229 24 24 22
-17.091 27.927 0.279 16 16 18
-17.109 27.916 0.244 16 16 14
-17.148 27.932 0.244 16 16 16
-17.144 27.924 0.233 17 16 14
-17.151 27.924 0.227 17 17 17
-17.134 27.922 0.236 19 18 14
-17.155 27.929 0.233 17 15 18
-17.080 27.906 0.247 18 18 16
-17.158 27.931 0.234 17 15 18
-17.094 27.919 0.261 16 16 16
-17.080 27.908 0.250 18 18 16
-17.158 27.935 0.242 17 17 17
-17.126 27.938 0.272 16 16 16
-17.139 27.929 0.247 16 16 14
-17.211 27.941 0.214 23 23 21
-17.103 27.929 0.274 16 16 16
-17.146 27.924 0.231 15 15 15
-17.196 27.938 0.219 25 25 23
-17.183 27.935 0.223 19 19 17
-17.101 27.895 0.210 29 29 27
-17.068 27.897 0.239 13 18 12
-17.159 27.925 0.223 19 19 19
-17.082 27.898 0.230 17 17 17
-17.135 27.940 0.270 16 16 14
-17.059 27.888 0.228 17 18 13
-17.130 27.932 0.258 15 15 13
-17.122 27.932 0.264 17 17 15
-17.096 27.911 0.244 17 17 15
-17.077 27.884 0.207 20 18 19
-17.161 27.934 0.238 17 17 17
-17.099 27.911 0.242 17 17 15
-17.128 27.915 0.226 16 17 12
-17.118 27.925 0.254 13 13 11
-17.107 27.904 0.222 61 61 59
-17.071 27.888 0.218 21 20 18
-17.116 27.926 0.257 20 20 18
-17.203 27.937 0.213 24 25 20
-17.090 27.895 0.217 18 18 18
-17.131 27.911 0.217 13 15 14
-17.126 27.936 0.270 16 16 14
-17.098 27.916 0.252 16 16 16
-17.109 27.901 0.216 52 52 50
-17.112 27.909 0.228 37 37 35
-17.074 27.887 0.215 23 22 20
-17.088 27.918 0.263 17 17 17
-17.201 27.937 0.215 26 26 24
-17.066 27.895 0.237 15 17 12
-17.079 27.916 0.266 15 15 15
-17.147 27.935 0.251 12 12 12
-17.157 27.937 0.247 16 16 16
-17.120 27.938 0.278 16 16 16
-17.112 27.926 0.260 17 17 17
-17.063 27.883 0.216 18 17 13
-17.120 27.923 0.248 19 20 15
-17.102 27.917 0.252 16 16 16
-17.195 27.937 0.218 25 25 23
-17.094 27.895 0.215 18 18 18
-17.119 27.911 0.228 40 40 38
-17.113 27.906 0.221 44 44 42
-17.147 27.914 0.210 15 17 14
-17.142 27.924 0.235 17 16 14
-17.153 27.932 0.240 18 18 18
-17.181 27.939 0.233 17 19 16
-17.080 27.902 0.240 17 17 15
-17.167 27.940 0.246 18 18 16
-17.170 27.935 0.233 17 19 16
-17.065 27.898 0.242 24 17 11
-17.111 27.903 0.217 35 35 33
-17.058 27.882 0.218 21 18 11
-17.135 27.933 0.256 16 16 14
-17.147 27.912 0.207 17 17 15
-17.114 27.935 0.276 15 15 15
-17.137 27.909 0.208 16 16 16
-17.105 27.914 0.244 17 17 15
-17.206 27.936 0.208 25 24 20
-17.104 27.942 0.296 16 18 17
-17.094 27.903 0.321 35 31 28
-17.062 27.884 0.241 21 17 18
-17.094 27.913 0.316 35 31 30
-17.078 27.869 0.296 42 41 37
-17.069 27.881 0.263 15 17 16
-17.077 27.868 0.295 42 41 37
-17.091 27.909 0.309 36 32 33
-17.100 27.871 0.358 81 50 32
-17.080 27.900 0.284 12 12 14
-17.086 27.865 0.322 168 158 148
-17.071 27.887 0.265 12 12 14
-17.080 27.882 0.293 45 40 37
-17.087 27.895 0.307 38 34 31
-17.073 27.906 0.260 17 17 17
-17.061 27.871 0.247 16 16 18
-17.099 27.888 0.345 46 40 28
-17.096 27.928 0.314 100 99 97
-17.058 27.877 0.234 20 19 15
-17.091 27.924 0.301 15 15 17
-17.075 27.882 0.279 113 105 103
-17.092 27.924 0.304 40 40 40
-17.082 27.898 0.290 119 115 114
-17.075 27.902 0.269 21 21 21
-17.086 27.913 0.293 18 16 17
-17.081 27.906 0.284 19 19 21
-17.095 27.926 0.311 60 58 59
-17.067 27.873 0.263 25 21 20
-17.096 27.888 0.336 52 48 39
-17.067 27.876 0.261 17 17 17
-17.067 27.894 0.248 22 19 14
-17.099 27.876 0.353 59 38 21
-17.093 27.923 0.308 84 82 83
-17.072 27.871 0.279 32 27 23
-17.080 27.895 0.286 63 63 65
-17.096 27.889 0.337 46 42 33
-17.090 27.886 0.322 38 35 30
-17.082 27.883 0.299 42 38 37
-17.086 27.914 0.292 16 14 17
-17.071 27.891 0.262 15 16 18
-17.074 27.886 0.275 24 18 20
-17.095 27.893 0.330 42 37 33
-17.079 27.901 0.280 14 14 16
-17.096 27.916 0.320 34 30 29
-17.082 27.910 0.285 17 17 19
-17.072 27.883 0.270 21 15 17
-17.097 27.924 0.317 61 57 56
-17.082 27.885 0.300 39 35 34
-17.079 27.874 0.298 41 37 36
-17.096 27.932 0.310 20 20 20
-17.099 27.896 0.342 48 44 33
-17.099 27.893 0.343 38 32 20
-17.056 27.874 0.230 22 21 16
-17.089 27.893 0.314 40 37 32
-17.086 27.895 0.302 42 38 35
-17.083 27.902 0.291 101 97 96
-17.070 27.877 0.270 29 23 23
-17.081 27.909 0.282 19 19 21
-17.066 27.885 0.251 17 17 15
-17.056 27.872 0.231 18 14 11
-17.095 27.893 0.331 36 31 27
-17.064 27.874 0.254 15 17 16
-17.099 27.860 0.362 82 54 40
-17.095 27.921 0.314 97 95 96
-17.076 27.889 0.279 34 25 26
-17.098 27.875 0.350 71 55 39
-17.065 27.897 0.243 24 17 11
-17.094 27.872 0.341 46 33 16
-17.076 27.877 0.284 33 28 24
-17.095 27.885 0.336 52 48 39
-17.050 27.874 0.212 29 25 16
-17.065 27.896 0.242 24 17 11
-16.963 27.886 0.367 255 99 64
-16.957 27.925 0.354 229 86 52
-16.949 27.971 0.339 192 109 93
-16.948 27.968 0.348 212 137 116
-16.924 28.016 0.425 222 147 124
-16.963 27.894 0.356 238 91 47
-16.950 27.986 0.320 199 86 46
-16.951 27.950 0.357 204 93 65
-16.961 27.901 0.363 244 91 47
-16.928 28.006 0.417 228 152 138
-16.958 27.902 0.377 255 122 83
-16.960 27.894 0.377 254 98 57
-16.949 27.987 0.321 197 99 54
-16.952 27.934 0.372 244 86 49
-16.945 27.979 0.356 223 121 98
-16.947 27.950 0.379 228 95 62
-16.952 27.933 0.370 236 86 49
-16.949 27.950 0.370 214 98 51
-16.944 27.993 0.342 208 90 54
-16.949 27.973 0.341 238 165 148
-16.943 27.961 0.387 232 90 52
-16.947 27.993 0.325 214 102 56
-16.939 27.966 0.405 222 89 56
-16.947 27.951 0.380 232 89 59
-16.951 27.954 0.353 199 89 64
-16.959 27.897 0.378 255 99 59
-16.939 27.969 0.400 231 93 56
-16.939 27.994 0.366 219 81 52
-16.933 27.999 0.398 234 99 44
-16.964 27.899 0.351 241 92 52
-16.950 27.951 0.362 203 96 62
-16.949 27.991 0.318 212 93 51
-16.926 28.015 0.416 234 128 102
-16.953 27.931 0.368 236 86 49
-16.942 27.960 0.393 229 90 49
-16.958 27.911 0.364 248 89 47
-16.964 27.897 0.350 241 92 52
-16.951 27.988 0.311 223 98 54
-16.932 27.990 0.414 224 114 81
-16.954 27.945 0.347 208 87 56
-16.956 27.947 0.329 208 96 58
-16.947 27.954 0.371 197 87 50
-16.951 27.941 0.368 228 90 51
-16.950 27.932 0.383 240 84 44
-16.955 27.949 0.336 215 97 61
-16.967 27.873 0.361 243 113 64
-16.943 27.989 0.355 210 93 58
-16.954 27.983 0.300 227 94 49
-16.957 27.920 0.360 239 86 52
-16.954 27.927 0.367 241 87 53
-16.949 27.985 0.322 197 99 54
-16.934 27.994 0.398 231 93 56
-16.933 27.995 0.401 234 101 66
-16.961 27.905 0.356 249 90 51
-16.957 27.933 0.342 221 88 47
-16.936 27.995 0.383 219 88 46
-16.942 27.994 0.349 222 95 60
-16.947 27.981 0.342 227 143 119
-16.924 28.017 0.425 228 137 106
-16.952 27.968 0.328 245 193 169
-16.954 27.980 0.304 213 91 50
-16.951 27.985 0.315 196 87 48
-16.942 27.963 0.388 239 99 63
-16.958 27.943 0.323 218 99 57
-16.955 27.951 0.331 205 97 61
-16.927 28.022 0.400 235 82 41
-16.956 27.950 0.326 194 92 54
-16.952 27.926 0.382 242 93 53
-16.960 27.910 0.354 245 87 48
-16.942 27.975 0.377 191 84 50
-16.961 27.921 0.336 229 87 47
-16.942 27.968 0.383 215 87 50
-16.939 27.967 0.403 226 88 52
-16.960 27.920 0.341 234 91 51
-16.941 27.974 0.384 218 94 58
-16.936 27.992 0.389 227 90 46
-16.948 27.947 0.374 228 96 58
-16.950 27.972 0.335 248 196 172
-16.950 27.929 0.389 241 118 84
-16.964 27.884 0.367 255 99 64
-16.950 27.929 0.389 241 118 84
-16.958 27.901 0.380 253 110 66
-16.957 27.905 0.382 250 106 53
-16.924 28.027 0.413 240 104 54
-16.949 27.979 0.333 213 156 129
-16.943 27.952 0.398 224 90 65
-16.935 28.004 0.376 221 82 43
-16.952 27.964 0.332 204 113 84
-16.943 27.993 0.347 217 99 63
-16.957 27.949 0.325 197 93 54
-16.967 27.869 0.366 222 118 65
-16.944 27.954 0.391 230 87 47
-16.925 28.021 0.414 239 115 64
-16.941 27.966 0.393 226 87 48
-16.953 27.943 0.351 208 87 58
-16.936 27.999 0.381 218 85 42
-16.960 27.893 0.376 254 98 57
-16.947 27.940 0.389 238 89 59
-16.949 27.939 0.379 237 94 52
-16.956 27.916 0.373 235 97 51
-16.958 27.921 0.356 235 85 52
-16.939 27.985 0.381 199 81 43
-16.962 27.910 0.347 245 87 48
-16.941 27.981 0.375 175 68 36
-16.961 27.906 0.356 249 90 51
-16.938 28.001 0.364 222 89 44
-16.938 27.892 0.416 255 109 52
-16.937 27.837 0.425 137 59 37
-16.944 27.870 0.408 244 88 50
-16.944 27.884 0.407 253 109 56
-16.961 27.857 0.380 245 115 65
-16.940 27.862 0.416 166 51 22
-16.946 27.938 0.397 244 126 88
-16.942 27.922 0.406 243 100 60
-16.929 27.992 0.420 216 109 77
-16.954 27.821 0.396 120 69 38
-16.946 27.920 0.398 253 95 58
-16.953 27.807 0.399 120 70 45
-16.926 27.988 0.426 233 115 89
-16.950 27.887 0.396 249 196 144
-16.937 27.914 0.416 241 125 88
-16.941 27.811 0.421 130 63 37
-16.957 27.900 0.382 250 98 49
-16.947 27.853 0.404 174 71 38
-16.934 27.931 0.420 255 212 166
-16.940 27.910 0.411 234 160 121
-16.928 27.968 0.425 239 109 73
-16.942 27.842 0.415 139 55 29
-16.954 27.856 0.393 255 98 51
-16.932 27.950 0.420 233 90 50
-16.930 27.912 0.428 242 95 41
-16.944 27.791 0.418 117 63 35
-16.940 27.851 0.418 140 61 31
-16.943 27.892 0.408 254 128 78
-16.952 27.809 0.401 122 68 44
-16.947 27.899 0.400 255 186 169
-16.949 27.806 0.407 132 67 47
-16.948 27.893 0.399 255 198 160
-16.951 27.890 0.393 252 194 144
-16.956 27.883 0.385 245 154 110
-16.941 27.815 0.419 121 62 32
-16.927 27.936 0.430 250 130 103
-16.936 27.969 0.410 227 89 60
-16.946 27.812 0.412 132 61 39
-16.943 27.888 0.409 249 114 56
-16.922 27.999 0.433 233 124 85
-16.958 27.871 0.383 252 166 119
-16.958 27.846 0.385 228 99 57
-16.945 27.942 0.398 252 132 97
-16.953 27.849 0.395 221 89 51
-16.958 27.879 0.382 244 144 94
-16.947 27.853 0.405 174 71 38
-16.959 27.852 0.384 252 110 62
-16.954 27.827 0.395 130 69 40
-16.961 27.863 0.379 255 134 94
-16.931 27.938 0.424 252 217 175
-16.955 27.828 0.393 137 72 40
-16.950 27.833 0.403 128 63 41
-16.943 27.908 0.405 255 202 161
-16.942 27.926 0.405 251 98 57
-16.940 27.871 0.415 205 66 35
-16.948 27.921 0.396 255 105 71
-16.958 27.866 0.384 246 143 100
-16.942 27.826 0.417 125 62 31
-16.963 27.871 0.375 255 136 87
-16.952 27.917 0.388 254 116 70
-16.962 27.842 0.380 200 94 54
-16.946 27.798 0.413 133 65 42
-16.951 27.864 0.397 250 113 59
-16.948 27.887 0.400 245 137 90
-16.933 27.982 0.415 217 89 60
-16.948 27.933 0.394 228 121 79
-16.945 27.910 0.403 235 146 104
-16.929 27.959 0.425 222 102 68
-16.928 27.951 0.427 229 112 79
-16.948 27.887 0.398 237 161 111
-16.929 27.929 0.427 249 128 85
-16.942 27.779 0.421 130 63 44
-16.947 27.857 0.403 208 85 51
-16.945 27.831 0.410 129 57 33
-16.956 27.876 0.387 255 193 151
-16.960 27.873 0.380 255 148 92
-16.935 27.883 0.422 199 69 45
-16.922 28.004 0.433 218 113 81
-16.931 27.989 0.419 205 104 74
-16.936 27.961 0.412 241 112 83
-16.949 27.824 0.405 122 66 43
-16.935 27.944 0.415 255 95 57
-16.959 27.885 0.380 250 123 70
-16.939 27.937 0.409 255 92 57
-16.940 27.920 0.410 255 212 153
-16.962 27.854 0.379 231 110 63
-16.942 27.880 0.410 249 91 46
-16.942 27.902 0.408 250 159 106
-16.951 27.911 0.392 255 96 49
-16.939 27.831 0.422 128 57 29
-16.929 27.948 0.425 252 167 147
-16.949 27.804 0.407 126 64 41
-16.938 27.880 0.418 211 73 45
-16.949 27.810 0.405 124 66 44
-16.955 27.892 0.387 247 116 74
-16.941 27.850 0.415 144 57 30
-16.986 27.944 0.207 137 88 48
-16.996 27.932 0.192 127 85 47
-17.015 27.871 0.217 57 49 36
-16.995 27.882 0.264 23 19 16
-17.005 27.888 0.223 64 51 34
-16.972 27.880 0.333 191 90 62
-17.004 27.881 0.236 61 49 37
-17.013 27.864 0.232 48 39 34
-16.989 27.928 0.219 116 69 39
-16.974 27.893 0.311 159 74 54
-16.981 27.921 0.251 128 67 36
-17.001 27.871 0.260 14 13 18
-16.985 27.896 0.273 57 33 21
-16.997 27.893 0.242 64 52 40
-16.990 27.941 0.198 133 91 53
-16.988 27.933 0.215 140 82 45
-16.997 27.857 0.288 22 27 21
-16.994 27.886 0.260 36 33 28
-17.000 27.873 0.259 17 15 18
-16.987 27.887 0.281 15 10 7
-16.980 27.931 0.241 157 75 38
-16.994 27.886 0.259 38 35 30
-16.983 27.865 0.321 140 113 96
-16.995 27.883 0.261 31 28 23
-16.993 27.926 0.210 116 82 45
-16.990 27.867 0.297 56 58 53
-16.982 27.905 0.269 79 37 15
-16.999 27.877 0.255 26 24 27
-16.982 27.902 0.274 64 26 7
-16.972 27.887 0.324 188 92 67
-16.988 27.871 0.297 60 61 55
-16.996 27.858 0.293 67 74 67
-17.020 27.857 0.221 48 41 33
-16.984 27.923 0.241 123 70 38
-17.009 27.859 0.253 14 15 20
-16.981 27.893 0.289 52 22 12
-17.016 27.877 0.207 71 59 35
-16.979 27.896 0.292 76 32 19
-16.975 27.891 0.311 143 68 49
-17.012 27.855 0.248 14 15 17
-16.995 27.891 0.251 47 42 36
-16.985 27.925 0.234 124 65 33
-16.984 27.947 0.208 123 74 34
-17.003 27.859 0.271 19 19 21
-16.972 27.872 0.346 199 96 63
-17.020 27.861 0.215 57 48 39
-16.970 27.871 0.352 217 99 63
-17.014 27.866 0.228 52 43 34
-16.982 27.914 0.260 104 40 13
-16.994 27.927 0.205 121 83 44
-17.003 27.912 0.197 114 81 46
-16.997 27.901 0.230 76 58 38
-16.979 27.897 0.291 76 32 19
-16.987 27.931 0.221 140 71 38
-17.005 27.865 0.255 11 14 19
-16.971 27.865 0.358 228 120 74
-17.006 27.861 0.257 10 13 18
-17.005 27.899 0.210 89 65 37
-17.002 27.859 0.271 19 19 21
-16.978 27.902 0.288 91 28 13
-16.994 27.897 0.246 62 52 40
-17.005 27.884 0.231 62 46 31
-17.017 27.853 0.235 24 23 21
-16.991 27.875 0.286 16 18 15
-16.984 27.915 0.252 106 55 26
-16.989 27.872 0.293 33 34 29
-16.989 27.935 0.209 130 78 38
-17.001 27.915 0.199 115 82 47
-16.989 27.906 0.249 69 51 31
-16.985 27.936 0.220 160 75 36
-17.018 27.860 0.222 49 42 34
-16.988 27.932 0.217 141 77 42
-16.981 27.909 0.267 91 43 20
-16.986 27.901 0.263 65 42 28
-17.019 27.865 0.213 55 47 34
-16.986 27.870 0.306 99 92 82
-17.002 27.855 0.277 28 23 20
-16.972 27.877 0.338 185 88 55
-17.006 27.863 0.255 10 13 18
-16.992 27.919 0.220 105 73 48
-16.987 27.896 0.266 44 31 22
-16.989 27.943 0.198 133 91 53
-17.018 27.863 0.218 56 48 37
-16.985 27.916 0.248 101 54 26
-16.969 27.866 0.362 225 119 69
-17.002 27.882 0.241 57 47 37
-16.986 27.930 0.226 131 70 41
-17.013 27.863 0.235 46 38 35
-16.988 27.898 0.261 59 45 34
-16.988 27.877 0.291 16 16 14
-16.987 27.937 0.212 135 77 39
-16.986 27.871 0.304 55 52 43
-16.983 27.876 0.307 54 37 27
-16.991 27.890 0.262 37 32 26
-17.016 27.853 0.238 24 23 21
-17.000 27.894 0.232 68 51 33
-16.998 27.881 0.254 34 30 27
-17.019 27.866 0.213 56 47 32
-17.014 27.878 0.211 65 54 34
-16.987 27.860 0.317 122 119 102
-16.989 27.887 0.275 20 16 13
-17.005 27.856 0.268 16 16 18
-17.014 27.876 0.212 65 54 34
-17.009 27.853 0.261 13 13 15
-16.997 27.870 0.272 9 9 7
-17.009 27.884 0.217 67 54 35
-16.969 27.922 0.297 213 98 67
-16.973 27.930 0.272 210 97 63
-16.968 27.925 0.299 213 97 60
-16.976 27.936 0.251 213 105 69
-16.970 27.930 0.286 233 109 75
-16.967 27.939 0.287 231 95 57
-16.975 27.916 0.278 174 85 53
-16.962 27.979 0.268 254 96 49
-16.958 27.984 0.279 255 101 53
-16.972 27.967 0.235 253 113 64
-16.961 27.953 0.303 225 125 93
-16.970 27.959 0.254 244 99 54
-16.963 27.970 0.272 255 95 49
-16.967 27.896 0.336 229 89 54
-16.980 27.962 0.203 94 60 25
-16.968 27.939 0.286 231 95 57
-16.978 27.954 0.223 211 103 56
-16.973 27.960 0.238 241 106 58
-16.969 27.950 0.267 244 100 63
-16.964 27.953 0.288 236 96 60
-16.965 27.915 0.323 222 94 57
-16.967 27.889 0.343 225 89 51
-16.968 27.883 0.349 226 99 58
-16.962 27.953 0.297 225 106 72
-16.973 27.906 0.300 189 88 70
-16.962 27.979 0.265 252 97 51
-16.960 27.944 0.314 193 93 59
-16.979 27.965 0.207 88 53 25
-16.980 27.954 0.212 146 75 33
-16.974 27.929 0.268 210 100 67
-16.967 27.898 0.335 232 92 56
-16.964 27.931 0.310 213 88 44
-16.971 27.940 0.272 235 100 68
-16.977 27.967 0.214 124 77 49
-16.971 27.889 0.325 205 95 68
-16.967 27.957 0.269 245 94 51
-16.963 27.931 0.314 224 93 51
-16.959 27.980 0.279 254 98 49
-16.969 27.877 0.351 225 105 68
-16.981 27.953 0.211 149 91 51
-16.970 27.940 0.274 233 97 59
-16.970 27.927 0.287 216 97 63
-16.961 27.933 0.323 224 91 50
-16.973 27.944 0.255 230 102 65
-16.965 27.974 0.260 249 101 55
-16.980 27.963 0.205 113 69 34
-16.974 27.950 0.245 241 110 68
-16.964 27.935 0.308 212 91 48
-16.968 27.950 0.273 238 99 56
-16.974 27.908 0.295 174 78 62
-16.980 27.946 0.223 203 95 49
-16.960 27.936 0.325 226 95 53
-16.967 27.947 0.278 236 97 54
-16.969 27.886 0.341 223 90 55
-16.966 27.926 0.308 216 94 53
-16.966 27.925 0.309 219 93 53
-16.980 27.962 0.207 113 69 34
-16.975 27.918 0.278 203 110 77
-16.973 27.922 0.281 213 110 79
-16.961 27.942 0.311 208 106 68
-16.957 27.974 0.293 238 102 54
-16.970 27.898 0.319 215 101 75
-16.971 27.966 0.240 254 108 59
-16.967 27.944 0.282 234 95 54
-16.962 27.974 0.270 255 98 50
-16.972 27.942 0.262 233 103 69
-16.965 27.917 0.321 222 95 60
-16.964 27.926 0.319 228 95 54
-16.973 27.951 0.247 234 101 60
-16.966 27.905 0.333 224 90 55
-16.963 27.977 0.265 252 97 51
-16.966 27.938 0.294 221 95 54
-16.973 27.930 0.271 218 99 67
-16.968 27.902 0.328 222 97 69
-16.971 27.942 0.270 240 101 68
-16.959 27.972 0.290 243 105 56
-16.967 27.896 0.339 230 86 51
-16.967 27.954 0.273 237 100 54
-16.971 27.973 0.234 238 108 59
-16.965 27.919 0.320 221 93 58
-16.844 27.673 0.411 118 104 91
-17.208 27.885 0.349 44 40 37
-17.206 27.893 0.350 51 46 42
-17.204 27.860 0.360 40 39 34
-17.202 27.870 0.361 32 33 28
-17.200 27.859 0.364 48 48 40
-17.186 27.923 0.368 22 21 17
-17.186 27.927 0.367 20 19 15
-17.209 27.847 0.357 72 75 64
-17.208 27.896 0.347 39 35 32
-17.192 27.877 0.371 30 30 28
-17.197 27.874 0.365 30 30 28
-17.220 27.898 0.332 24 25 20
-17.192 27.896 0.367 33 32 30
-17.203 27.916 0.348 22 16 16
-17.204 27.865 0.359 27 26 21
-17.222 27.879 0.333 50 46 34
-17.236 27.915 0.308 43 43 43
-17.219 27.893 0.334 23 24 19
-17.224 27.863 0.335 106 98 79
-17.194 27.875 0.368 47 48 43
-17.190 27.868 0.375 35 34 29
-17.204 27.874 0.357 39 39 37
-17.210 27.878 0.348 50 49 45
-17.211 27.879 0.347 50 49 45
-17.221 27.879 0.335 78 76 64
-17.233 27.904 0.315 34 34 36
-17.229 27.915 0.317 52 51 49
-17.224 27.877 0.331 43 37 25
-17.196 27.850 0.372 133 130 121
-17.202 27.900 0.353 56 55 51
-17.225 27.886 0.329 35 32 23
-17.209 27.888 0.348 43 39 36
-17.209 27.903 0.343 37 36 34
-17.202 27.920 0.349 22 18 17
-17.225 27.875 0.330 79 73 57
-17.222 27.892 0.330 31 30 25
-17.210 27.871 0.350 57 56 52
-17.211 27.918 0.338 25 21 20
-17.215 27.909 0.335 55 57 56
-17.237 27.916 0.307 25 23 24
-17.193 27.901 0.364 34 30 29
-17.190 27.891 0.370 31 30 28
-17.189 27.901 0.370 29 25 24
-17.228 27.896 0.322 26 25 21
-17.213 27.884 0.344 32 33 28
-17.214 27.880 0.344 32 33 28
-17.216 27.887 0.339 69 71 68
-17.201 27.844 0.367 78 78 66
-17.221 27.887 0.333 13 14 8
-17.234 27.892 0.316 32 36 37
-17.208 27.914 0.343 24 20 19
-17.200 27.841 0.369 84 85 69
-17.221 27.897 0.330 38 37 32
-17.198 27.891 0.360 34 34 32
-17.191 27.893 0.369 34 33 31
-17.191 27.867 0.374 44 43 38
-17.206 27.889 0.350 42 39 34
-17.208 27.907 0.344 30 29 27
-17.207 27.873 0.353 42 41 37
-17.195 27.889 0.365 33 32 30
-17.200 27.885 0.360 28 28 26
-17.206 27.879 0.353 59 55 52
-17.190 27.864 0.375 36 36 28
-17.211 27.936 0.354 21 17 16
-17.213 27.930 0.343 22 18 17
-17.234 27.942 0.344 20 14 14
-17.232 27.922 0.318 40 39 37
-17.220 27.938 0.351 25 21 20
-17.228 27.927 0.328 24 20 19
-17.230 27.921 0.318 40 39 37
-17.224 27.926 0.330 17 13 12
-17.227 27.928 0.331 17 13 12
-17.221 27.939 0.350 28 24 23
-17.228 27.938 0.344 24 18 18
-17.224 27.928 0.332 22 18 17
-17.214 27.942 0.366 22 18 17
-17.231 27.954 0.386 26 23 18
-17.205 27.938 0.366 27 23 20
-17.229 27.953 0.386 25 22 17
-17.232 27.950 0.372 23 19 16
-17.220 27.948 0.379 24 21 14
-17.205 27.940 0.373 23 19 16
-17.205 27.940 0.370 23 19 16
-17.229 27.942 0.349 24 18 18
-17.209 27.940 0.367 26 22 19
-17.202 27.940 0.374 22 18 15
-17.189 27.852 0.379 78 75 66
-17.163 27.861 0.376 77 72 68
-17.182 27.858 0.378 41 38 31
-17.136 27.850 0.377 131 122 115
-17.151 27.864 0.375 65 68 57
-17.181 27.890 0.373 30 29 25
-17.125 27.857 0.375 70 50 39
-17.170 27.870 0.375 40 39 35
-17.188 27.835 0.382 81 80 60
-17.142 27.874 0.373 65 65 55
-17.179 27.853 0.379 79 76 69
-17.154 27.873 0.374 78 81 74
-17.108 27.859 0.373 121 86 67
-17.183 27.872 0.376 30 29 25
-17.183 27.858 0.378 41 38 31
-17.171 27.886 0.373 56 55 50
-17.147 27.893 0.371 84 85 71
-17.141 27.875 0.373 65 65 55
-17.181 27.866 0.377 25 24 19
-17.135 27.862 0.375 64 61 44
-17.142 27.853 0.376 169 164 158
-17.157 27.853 0.377 163 160 153
-17.156 27.863 0.376 77 80 71
-17.150 27.858 0.376 153 150 143
-17.143 27.860 0.375 132 127 121
-17.151 27.890 0.371 81 82 68
-17.166 27.904 0.370 84 80 71
-17.187 27.864 0.377 24 24 16
-17.166 27.853 0.378 134 122 122
-17.160 27.869 0.375 62 64 59
-17.154 27.884 0.373 75 77 66
-17.142 27.885 0.372 83 81 68
-17.178 27.889 0.373 32 31 27
-17.156 27.895 0.371 86 84 71
-17.128 27.866 0.374 69 58 38
-17.152 27.848 0.378 116 113 108
-17.141 27.888 0.371 85 83 68
-17.170 27.852 0.378 120 108 108
-17.182 27.917 0.369 26 23 18
-17.116 27.856 0.374 167 139 117
-17.153 27.874 0.374 71 72 66
-17.142 27.844 0.378 144 137 131
-17.145 27.874 0.373 62 63 55
-17.146 27.894 0.370 93 91 76
-17.142 27.891 0.371 88 86 71
-17.182 27.878 0.375 28 27 23
-16.929 27.738 0.409 121 60 39
-16.848 27.676 0.405 104 98 82
-16.867 27.692 0.408 95 80 61
-16.887 27.683 0.378 123 61 36
-16.900 27.713 0.403 112 54 34
-16.895 27.687 0.376 123 61 36
-16.907 27.711 0.395 116 58 36
-16.882 27.676 0.374 124 62 37
-16.871 27.686 0.396 100 62 39
-16.833 27.679 0.423 127 121 99
-16.905 27.724 0.413 108 63 44
-16.915 27.721 0.401 116 58 36
-16.905 27.710 0.396 118 57 36
-16.882 27.695 0.398 102 59 40
-16.860 27.685 0.405 92 85 66
-16.876 27.686 0.392 119 64 43
-16.887 27.698 0.396 116 61 41
-16.900 27.717 0.409 108 57 38
-16.878 27.705 0.413 91 76 57
-16.898 27.709 0.402 111 54 35
-16.853 27.688 0.417 114 101 85
-16.856 27.674 0.396 92 80 56
-16.875 27.688 0.396 108 62 39
-16.867 27.688 0.403 88 77 55
-16.905 27.716 0.404 116 55 36
-16.915 27.729 0.410 113 57 40
-16.892 27.698 0.392 121 56 36
-16.897 27.711 0.404 106 54 33
-16.932 27.744 0.413 113 56 36
-16.876 27.689 0.396 112 64 42
-16.861 27.687 0.408 96 89 70
-16.932 27.747 0.417 114 61 43
-16.846 27.679 0.411 110 101 86
-16.846 27.686 0.419 119 105 92
-16.865 27.680 0.395 94 68 45
-16.856 27.686 0.411 102 95 79
-16.892 27.696 0.389 123 56 37
-16.919 27.725 0.402 118 58 34
-16.896 27.713 0.407 107 56 37
-16.924 27.743 0.418 106 57 40
-16.916 27.725 0.404 118 57 36
-16.931 27.749 0.420 109 60 43
-16.924 27.741 0.417 111 58 40
-16.846 27.679 0.411 110 101 86
-16.881 27.685 0.387 130 68 47
-16.940 27.754 0.419 102 61 31
-16.888 27.714 0.417 87 66 45
-16.893 27.705 0.400 113 58 38
-17.232 27.975 0.389 47 49 44
-17.230 27.972 0.388 49 50 45
-17.214 27.955 0.380 88 81 73
-17.208 27.948 0.378 105 103 91
-17.204 27.947 0.376 89 87 75
-17.223 27.956 0.385 129 126 119
-17.218 27.967 0.383 45 45 37
-17.208 27.954 0.378 48 44 33
-17.236 27.960 0.391 62 61 56
-17.237 27.987 0.392 47 48 42
-17.022 27.927 0.191 90 64 29
-17.047 27.896 0.198 51 43 30
-17.033 27.908 0.196 79 61 37
-17.043 27.896 0.199 71 58 41
-17.048 27.872 0.206 43 36 26
-17.025 27.919 0.193 83 60 28
-17.053 27.903 0.195 26 26 18
-17.074 27.906 0.192 32 29 24
-17.067 27.900 0.195 22 23 18
-17.025 27.926 0.191 88 64 30
-17.078 27.893 0.196 16 16 14
-17.057 27.910 0.193 36 32 21
-17.056 27.911 0.192 36 32 21
-17.046 27.893 0.200 56 46 34
-17.054 27.902 0.195 26 26 18
-17.043 27.889 0.201 58 46 34
-17.052 27.902 0.196 39 33 21
-17.062 27.907 0.193 24 24 16
-17.069 27.904 0.193 27 27 19
-17.029 27.909 0.196 82 62 37
-17.083 27.900 0.193 20 19 17
-17.031 27.897 0.200 79 63 40
-17.001 27.927 0.192 117 83 48
-17.019 27.911 0.196 88 67 38
-17.006 27.906 0.198 102 72 36
-17.006 27.907 0.198 102 72 36
-17.021 27.884 0.204 76 60 37
-17.013 27.907 0.198 95 70 39
-17.031 27.893 0.201 77 61 38
-17.014 27.921 0.194 97 71 38
-17.002 27.923 0.193 112 78 43
-17.033 27.872 0.207 61 49 35
-17.022 27.879 0.205 75 60 37
-17.029 27.868 0.208 59 52 36
-17.009 27.920 0.194 100 71 37
-17.034 27.878 0.205 68 55 39
-17.016 27.890 0.202 82 65 37
-17.006 27.918 0.195 108 74 39
-17.025 27.861 0.210 53 47 33
