-19.277 30.544 0.768 147 147 159
-19.290 30.545 0.766 146 146 156
-19.290 30.546 0.769 147 147 157
-19.269 30.538 0.753 142 143 147
-19.281 30.550 0.787 161 152 155
-19.283 30.551 0.790 161 152 155
-19.284 30.552 0.792 161 152 155
-19.279 30.540 0.754 141 142 147
-19.271 30.541 0.761 147 147 155
-19.289 30.543 0.761 148 146 151
-19.281 30.544 0.767 146 148 160
-19.264 30.537 0.752 143 144 148
-19.290 30.552 1.140 199 201 198
-19.293 30.550 1.118 200 198 199
-19.308 30.551 1.080 190 190 188
-19.294 30.549 1.105 199 197 198
-19.303 30.553 1.109 193 193 193
-19.305 30.562 1.158 197 196 194
-19.295 30.555 1.141 198 200 197
-19.311 30.562 1.138 193 193 191
-19.292 30.558 1.164 200 199 197
-19.311 30.558 1.118 195 195 195
-19.313 30.559 1.116 193 193 191
-19.291 30.554 1.147 200 199 197
-19.303 30.559 1.143 195 195 193
-19.308 30.550 1.076 188 188 186
-19.285 30.553 1.158 203 202 200
-19.305 30.545 1.055 187 187 189
-19.292 30.549 1.113 199 197 198
-19.301 30.544 1.062 191 191 193
-19.311 30.558 1.117 195 195 195
-19.303 30.546 1.066 192 192 192
-19.306 30.552 1.097 192 192 192
-19.317 30.560 1.114 192 194 191
-19.285 30.553 1.157 203 202 200
-19.305 30.551 1.094 192 192 192
-19.299 30.547 1.086 196 196 196
-19.306 30.558 1.131 194 194 192
-19.287 30.557 0.815 159 159 161
-19.283 30.555 0.823 160 159 164
-19.267 30.543 0.817 158 156 159
-19.250 30.531 0.809 161 155 159
-19.270 30.547 0.844 160 159 165
-19.258 30.534 0.753 142 143 147
-19.259 30.538 0.813 163 161 164
-19.257 30.533 0.751 141 141 143
-19.241 30.524 0.785 160 160 162
-19.276 30.550 0.826 160 159 164
-19.277 30.550 0.827 161 160 165
-19.247 30.528 0.782 152 149 156
-19.246 30.530 0.839 156 156 158
-19.260 30.539 0.844 161 160 165
-19.269 30.545 0.825 159 157 160
-19.272 30.546 0.813 160 158 161
-19.248 30.531 0.841 157 157 159
-19.266 30.540 0.777 151 148 157
-19.285 30.556 0.817 160 160 162
-19.249 30.529 0.784 155 152 159
-19.266 30.543 0.817 158 156 159
-19.233 30.520 0.818 152 147 151
-19.257 30.536 0.797 159 154 158
-19.288 30.558 0.829 159 158 163
-19.273 30.548 0.840 159 158 164
-19.255 30.533 0.766 149 148 156
-19.257 30.536 0.822 159 157 160
-19.241 30.524 0.790 155 153 156
-19.267 30.544 0.829 160 158 163
-19.239 30.523 0.790 155 153 156
-19.257 30.535 0.801 160 154 156
-19.247 30.530 0.835 156 156 158
-19.275 30.548 0.792 159 153 155
-19.292 30.561 0.831 162 160 165
-19.245 30.526 0.771 147 146 151
-19.260 30.538 0.802 159 155 156
-19.266 30.543 0.838 158 157 162
-19.259 30.534 0.751 141 141 143
-19.260 30.536 0.763 147 145 158
-19.246 30.528 0.796 165 160 166
-19.269 30.544 0.819 158 156 159
-19.276 30.549 0.807 155 153 156
-19.245 30.526 0.780 152 149 156
-19.244 30.528 0.838 156 156 158
-19.252 30.534 0.840 156 156 158
-19.265 30.542 0.815 161 159 162
-19.247 30.529 0.796 166 161 167
-19.269 30.546 0.842 159 158 164
-19.241 30.526 0.830 165 160 164
-19.263 30.540 0.817 155 153 156
-19.279 30.551 0.862 161 161 169
-19.279 30.533 0.908 170 163 170
-19.244 30.526 0.851 158 159 161
-19.302 30.558 0.892 168 163 169
-19.279 30.548 0.867 162 162 170
-19.295 30.547 0.906 171 169 172
-19.254 30.520 0.888 162 161 167
-19.273 30.544 0.865 163 163 171
-19.264 30.526 0.894 165 162 171
-19.281 30.547 0.875 163 162 168
-19.284 30.530 0.928 199 195 196
-19.304 30.562 0.884 166 164 169
-19.285 30.537 0.911 172 165 172
-19.289 30.551 0.882 164 161 168
-19.231 30.518 0.843 66 62 63
-19.257 30.529 0.869 160 159 165
-19.300 30.561 0.879 165 163 168
-19.276 30.522 0.929 180 176 177
-19.289 30.550 0.884 164 162 167
-19.291 30.549 0.891 167 162 168
-19.256 30.522 0.887 160 159 167
-19.278 30.538 0.893 165 163 168
-19.280 30.539 0.896 167 162 168
-19.292 30.541 0.916 172 170 175
-19.241 30.525 0.849 158 159 161
-19.267 30.542 0.857 158 157 163
-19.293 30.546 0.903 170 165 171
-19.270 30.546 0.855 158 157 163
-19.273 30.533 0.894 165 162 169
-19.254 30.534 0.851 158 159 161
-19.273 30.544 0.867 161 161 169
-19.287 30.544 0.898 168 163 167
-19.261 30.539 0.854 160 161 165
-19.246 30.529 0.846 156 157 159
-19.278 30.527 0.923 172 167 171
-19.255 30.522 0.884 162 161 167
-19.260 30.537 0.856 159 160 164
-19.282 30.545 0.882 164 162 167
-19.231 30.517 0.844 66 62 63
-19.297 30.562 0.871 163 162 168
-19.248 30.524 0.865 161 159 164
-19.261 30.524 0.892 162 159 168
-19.272 30.537 0.882 163 162 168
-19.245 30.529 0.845 156 157 159
-19.258 30.532 0.865 161 160 166
-19.244 30.509 0.896 156 155 161
-19.257 30.516 0.904 166 163 172
-19.255 30.515 0.903 164 163 171
-19.234 30.516 0.856 143 139 140
-19.258 30.511 0.923 170 165 169
-19.233 30.516 0.852 143 139 140
-19.248 30.508 0.909 162 159 168
-19.255 30.512 0.912 168 163 170
-19.255 30.509 0.922 171 166 170
-19.245 30.515 0.881 159 158 163
-19.255 30.511 0.914 168 163 170
-19.235 30.515 0.860 151 151 153
-19.252 30.512 0.905 162 161 169
-19.235 30.514 0.864 158 158 160
-19.255 30.515 0.904 163 162 170
-19.292 30.562 1.174 201 201 199
-19.214 30.562 1.183 204 203 201
-19.271 30.557 1.171 200 199 197
-19.209 30.562 1.184 207 206 204
-19.256 30.561 1.177 203 202 200
-19.264 30.561 1.176 201 200 198
-19.264 30.559 1.174 201 200 198
-19.264 30.555 1.169 202 201 199
-19.251 30.557 1.173 204 203 201
-19.271 30.561 1.175 201 200 198
-19.251 30.560 1.177 203 202 200
-19.294 30.560 1.171 196 196 194
-18.976 30.432 0.812 38 34 31
-18.978 30.431 0.803 39 35 32
-18.965 30.412 0.922 49 44 41
-18.964 30.411 0.927 49 44 41
-18.965 30.413 0.917 48 44 41
-18.969 30.415 0.890 48 44 41
-18.980 30.426 0.806 38 34 33
-18.981 30.424 0.800 47 43 42
-18.966 30.418 0.901 50 46 43
-18.972 30.428 0.845 50 44 44
-18.977 30.424 0.827 46 42 43
-18.980 30.427 0.802 42 38 35
-18.975 30.434 0.812 38 34 31
-18.981 30.423 0.809 41 37 36
-18.962 30.413 0.936 44 39 36
-18.965 30.414 0.913 54 50 47
-18.981 30.425 0.804 46 42 41
-18.978 30.431 0.805 36 32 29
-18.973 30.431 0.834 47 43 42
-18.975 30.422 0.844 48 42 44
-18.968 30.417 0.891 49 45 42
-18.983 30.429 0.781 50 45 42
-18.978 30.507 0.977 131 125 101
-18.969 30.506 0.984 138 132 110
-18.962 30.429 0.997 113 106 87
-18.936 30.525 1.006 191 193 182
-18.981 30.498 0.976 127 121 95
-18.977 30.485 0.980 123 113 88
-18.968 30.555 0.981 144 139 119
-18.947 30.490 1.001 200 202 180
-18.958 30.509 0.992 135 128 110
-19.010 30.561 0.950 113 108 79
-18.985 30.562 0.968 142 136 114
-18.940 30.524 1.003 210 204 182
-18.971 30.520 0.981 129 123 101
-18.955 30.544 0.991 147 139 116
-18.968 30.480 0.987 126 118 97
-18.980 30.559 0.971 143 137 115
-18.993 30.563 0.962 136 130 106
-18.959 30.479 0.994 139 132 116
-18.955 30.560 0.989 142 137 117
-18.942 30.491 1.005 200 201 187
-18.983 30.523 0.972 124 118 94
-18.970 30.446 0.989 117 111 89
-18.972 30.453 0.987 121 113 92
-18.943 30.540 1.000 195 200 178
-18.959 30.461 0.996 147 140 124
-18.964 30.462 0.992 116 108 89
-18.948 30.492 1.001 200 202 180
-18.939 30.552 1.002 199 194 174
-18.946 30.528 0.999 191 192 174
-18.971 30.539 0.980 141 133 112
-18.969 30.458 0.989 126 118 97
-18.960 30.424 0.998 123 118 98
-18.947 30.560 0.995 175 172 155
-18.982 30.551 0.971 139 133 109
-18.945 30.514 1.001 201 196 176
-18.945 30.497 1.003 205 199 177
-18.959 30.502 0.992 136 129 113
-18.952 30.495 0.998 186 184 161
-18.992 30.552 0.964 128 123 94
-18.981 30.531 0.973 126 118 95
-18.943 30.491 1.004 200 201 187
-18.957 30.414 1.002 176 174 151
-18.980 30.483 0.978 121 111 84
-18.954 30.537 0.992 155 147 124
-18.953 30.547 0.992 150 145 125
-18.973 30.491 0.983 131 123 102
-18.958 30.510 0.991 135 128 110
-18.956 30.494 0.994 127 120 102
-18.947 30.499 1.001 197 197 173
-18.960 30.459 0.995 123 113 101
-18.972 30.564 0.977 145 140 121
-18.992 30.535 0.965 115 108 82
-18.950 30.495 0.999 186 184 161
-18.958 30.481 0.995 138 131 115
-18.948 30.534 0.997 179 176 157
-18.941 30.518 1.004 212 204 185
-18.934 30.556 1.004 205 197 186
-18.959 30.470 0.995 136 128 115
-18.941 30.560 0.999 192 194 172
-18.962 30.482 0.992 132 127 107
-18.944 30.468 1.006 202 200 187
-18.967 30.524 0.984 126 120 98
-18.960 30.514 0.990 133 126 107
-18.974 30.563 0.975 145 138 119
-18.977 30.524 0.977 128 122 98
-18.935 30.561 1.003 205 197 186
-18.978 30.499 0.978 129 123 97
-18.947 30.539 0.997 183 182 161
-18.982 30.480 0.977 122 110 84
-18.964 30.463 0.991 116 108 89
-18.946 30.521 0.999 185 186 170
-18.947 30.492 1.002 200 202 180
-18.945 30.508 1.002 197 195 174
-18.961 30.493 0.991 131 129 108
-18.947 30.506 1.000 197 195 172
-18.949 30.455 1.003 201 202 194
-18.988 30.511 0.970 122 116 90
-18.984 30.519 0.972 125 119 95
-18.999 30.546 0.959 111 104 78
-19.013 30.563 0.947 110 105 75
-18.992 30.512 0.967 119 113 87
-18.987 30.554 0.966 134 128 102
-18.964 30.429 0.961 80 71 54
-18.978 30.458 0.856 53 49 50
-18.971 30.438 0.878 48 45 40
-18.973 30.439 0.845 48 45 40
-18.974 30.449 0.870 50 46 47
-18.965 30.425 0.914 45 41 38
-18.978 30.464 0.884 50 47 42
-18.980 30.467 0.866 51 47 48
-18.969 30.433 0.880 49 46 41
-18.960 30.416 0.961 66 59 51
-18.973 30.451 0.904 53 50 45
-18.971 30.433 0.859 47 43 42
-18.980 30.478 0.915 47 44 39
-18.964 30.430 0.966 117 107 80
-18.968 30.436 0.933 48 43 39
-18.961 30.415 0.935 44 39 36
-18.975 30.441 0.823 43 42 37
-18.974 30.454 0.895 51 48 43
-18.959 30.415 0.987 105 98 72
-18.963 30.425 0.960 69 61 50
-18.966 30.428 0.927 42 37 33
-18.958 30.408 0.970 92 85 69
-18.955 30.404 1.001 162 161 141
-18.971 30.436 0.871 49 45 42
-18.962 30.424 0.976 110 101 70
-18.968 30.438 0.937 51 46 42
-18.968 30.434 0.909 51 48 43
-18.968 30.432 0.893 50 47 42
-18.981 30.477 0.900 51 48 43
-18.963 30.424 0.946 48 44 41
-18.971 30.452 0.943 44 43 39
-18.960 30.415 0.959 52 47 43
-18.969 30.435 0.899 55 52 47
-18.974 30.450 0.890 51 48 41
-18.975 30.461 0.919 41 38 33
-18.958 30.412 0.989 101 95 73
-18.967 30.430 0.917 48 45 40
-18.977 30.455 0.852 50 46 45
-18.974 30.443 0.857 49 45 44
-18.970 30.434 0.880 48 45 38
-18.971 30.440 0.881 48 45 38
-18.973 30.438 0.849 47 43 40
-18.976 30.446 0.832 47 46 41
-18.974 30.448 0.879 49 45 42
-18.963 30.420 0.926 41 36 33
-18.977 30.464 0.900 54 51 46
-18.969 30.431 0.870 48 44 41
-18.963 30.427 0.964 105 97 78
-18.966 30.423 0.896 50 46 43
-18.977 30.452 0.843 48 45 40
-18.971 30.437 0.875 48 45 40
-18.974 30.441 0.838 48 47 42
-18.977 30.464 0.905 45 42 37
-18.967 30.434 0.922 44 39 35
-18.980 30.479 0.909 42 39 34
-18.978 30.468 0.898 51 48 43
-18.966 30.433 0.950 54 47 41
-18.974 30.459 0.923 43 42 38
-18.969 30.434 0.884 49 46 39
-18.974 30.441 0.841 48 45 40
-18.976 30.464 0.924 45 44 40
-18.962 30.417 0.932 45 40 37
-18.972 30.440 0.868 48 44 43
-18.974 30.439 0.838 46 45 40
-18.977 30.465 0.894 50 47 40
-18.956 30.406 0.994 90 86 74
-18.965 30.424 0.910 48 44 41
-18.971 30.448 0.925 42 37 33
-19.000 30.529 0.944 56 54 41
-18.974 30.459 0.957 66 60 44
-18.971 30.449 0.972 112 104 68
-18.995 30.515 0.939 45 44 40
-18.983 30.485 0.925 44 41 36
-18.975 30.462 0.953 54 47 37
-18.980 30.474 0.975 113 102 72
-18.983 30.485 0.923 44 41 36
-19.001 30.532 0.934 73 71 56
-18.999 30.526 0.955 97 95 70
-18.995 30.513 0.960 109 103 77
-18.973 30.459 0.940 47 46 42
-18.972 30.451 0.986 105 97 74
-19.000 30.528 0.959 117 114 83
-18.984 30.489 0.923 39 36 31
-18.976 30.464 0.966 114 105 76
-18.977 30.468 0.934 50 49 45
-19.007 30.547 0.942 97 89 66
-18.970 30.445 0.979 105 94 62
-18.979 30.474 0.939 49 48 44
-19.011 30.557 0.939 100 93 67
-18.979 30.469 0.977 106 95 65
-18.981 30.482 0.918 48 45 40
-19.006 30.545 0.929 80 74 52
-19.004 30.541 0.926 75 70 51
-18.997 30.523 0.929 47 46 44
-18.983 30.485 0.917 49 46 41
-18.987 30.497 0.917 48 45 40
-18.985 30.488 0.961 104 100 75
-18.982 30.484 0.920 45 42 37
-18.980 30.475 0.961 105 97 76
-18.983 30.486 0.909 44 41 36
-18.986 30.495 0.910 42 39 34
-18.975 30.462 0.956 75 69 53
-18.965 30.433 0.980 110 101 70
-19.004 30.540 0.943 93 88 66
-18.982 30.483 0.918 48 45 40
-18.960 30.417 0.992 115 108 89
-19.000 30.526 0.954 114 112 87
-19.005 30.541 0.954 111 105 83
-18.992 30.507 0.949 45 43 31
-19.002 30.534 0.951 109 104 82
-18.995 30.514 0.944 48 48 40
-19.003 30.536 0.949 111 106 86
-18.972 30.454 0.964 115 109 75
-18.980 30.479 0.916 47 44 39
-18.970 30.446 0.968 118 107 79
-18.971 30.451 0.949 44 40 39
-18.989 30.504 0.911 44 39 35
-18.990 30.501 0.969 120 114 88
-18.989 30.499 0.958 92 86 60
-18.995 30.517 0.934 41 39 40
-18.993 30.509 0.940 41 40 38
-18.993 30.513 0.919 37 36 31
-18.987 30.494 0.960 102 97 75
-18.976 30.462 0.970 110 101 68
-19.000 30.529 0.932 63 61 49
-18.984 30.487 0.943 47 46 42
-18.989 30.501 0.911 44 39 35
-18.984 30.483 0.975 122 113 84
-19.004 30.540 0.931 79 74 54
-18.965 30.433 0.983 102 92 65
-19.005 30.541 0.945 103 98 76
-18.971 30.450 0.962 113 108 79
-18.971 30.448 0.986 102 94 71
-19.005 30.540 0.955 111 105 83
-18.990 30.489 0.791 40 36 33
-18.998 30.519 0.792 39 38 33
-18.987 30.477 0.773 50 46 43
-18.988 30.477 0.771 50 46 43
-18.999 30.524 0.802 41 38 31
-19.005 30.544 0.786 68 65 58
-19.009 30.559 0.795 98 91 81
-18.982 30.464 0.806 40 39 34
-18.995 30.512 0.803 37 34 27
-18.993 30.498 0.787 40 36 33
-19.009 30.558 0.785 99 92 82
-19.010 30.559 0.783 107 100 90
-19.002 30.534 0.797 50 47 40
-18.994 30.505 0.799 42 37 33
-18.984 30.467 0.793 40 39 35
-18.999 30.524 0.796 43 40 33
-18.995 30.503 0.774 53 48 45
-18.977 30.443 0.803 44 41 36
-18.976 30.440 0.794 45 42 37
-19.006 30.549 0.794 79 75 66
-19.002 30.531 0.778 46 42 39
-18.990 30.492 0.806 40 37 32
-19.011 30.563 0.782 104 97 87
-19.004 30.541 0.797 60 55 49
-18.985 30.468 0.770 48 47 43
-19.010 30.564 0.791 107 100 90
-19.000 30.526 0.784 41 40 35
-19.000 30.520 0.772 50 46 45
-18.999 30.517 0.766 51 47 46
-19.000 30.528 0.802 46 41 35
-18.992 30.495 0.777 51 47 44
-18.987 30.475 0.779 51 50 46
-18.995 30.508 0.798 44 39 35
-18.995 30.506 0.785 48 43 40
-18.988 30.483 0.799 43 40 35
-19.000 30.522 0.769 51 47 46
-18.980 30.451 0.775 43 42 38
-18.996 30.507 0.767 50 45 42
-19.004 30.537 0.774 46 42 39
-18.997 30.515 0.791 39 38 33
-19.006 30.549 0.790 77 74 67
-19.006 30.548 0.794 79 75 66
-18.993 30.498 0.781 49 45 42
-19.005 30.542 0.791 61 58 51
-19.003 30.534 0.782 44 43 38
-18.978 30.449 0.798 44 43 38
-18.993 30.497 0.776 51 47 44
-19.002 30.530 0.768 51 46 43
-18.987 30.480 0.807 39 36 31
-18.975 30.438 0.813 37 34 29
-19.008 30.551 0.912 70 67 52
-19.003 30.545 0.853 70 65 62
-19.007 30.555 0.857 91 87 84
-19.009 30.562 0.838 101 97 86
-18.994 30.517 0.893 49 45 42
-18.997 30.526 0.872 49 45 44
-19.002 30.539 0.882 56 53 48
-18.998 30.532 0.858 53 49 48
-18.992 30.511 0.893 50 46 43
-19.005 30.551 0.844 94 87 81
-18.993 30.515 0.893 49 45 42
-18.993 30.516 0.888 49 45 44
-19.006 30.554 0.850 97 90 84
-19.011 30.558 0.932 94 88 64
-18.995 30.521 0.889 47 43 40
-19.009 30.563 0.825 99 95 84
-19.012 30.562 0.933 95 89 65
-19.010 30.555 0.925 83 78 58
-19.008 30.559 0.847 101 94 88
-19.006 30.548 0.912 69 66 51
-19.012 30.564 0.914 82 75 56
-19.000 30.533 0.885 54 51 46
-19.001 30.534 0.896 60 57 52
-19.000 30.531 0.905 58 55 50
-19.003 30.545 0.842 80 75 71
-19.010 30.564 0.839 103 99 88
-19.002 30.540 0.857 60 56 55
-19.009 30.558 0.874 82 79 74
-19.012 30.563 0.923 86 81 61
-19.007 30.552 0.879 66 63 56
-18.994 30.515 0.912 41 38 33
-18.999 30.532 0.884 55 51 48
-19.001 30.539 0.862 60 56 55
-19.004 30.547 0.869 66 62 59
-19.010 30.564 0.846 103 99 88
-18.999 30.528 0.908 61 56 50
-19.012 30.560 0.930 91 85 63
-18.995 30.519 0.908 49 45 42
-19.006 30.552 0.874 74 71 66
-19.000 30.534 0.875 53 49 46
-18.999 30.533 0.867 51 47 46
-18.999 30.533 0.872 52 48 45
-19.011 30.560 0.925 87 80 61
-19.005 30.548 0.882 60 57 50
-18.994 30.518 0.878 48 44 43
-19.005 30.552 0.835 94 87 81
-19.008 30.555 0.895 64 62 50
-18.997 30.528 0.858 50 46 45
-18.989 30.504 0.901 49 46 41
-18.979 30.432 0.793 42 39 34
-18.974 30.436 0.812 37 34 29
-18.983 30.433 0.771 45 42 37
-18.974 30.436 0.812 37 34 29
-19.009 30.562 0.808 100 96 85
-19.000 30.531 0.809 51 46 40
-19.002 30.540 0.833 67 62 59
-18.997 30.524 0.840 50 44 44
-18.994 30.513 0.839 48 44 41
-18.988 30.492 0.830 48 44 41
-18.979 30.464 0.856 53 48 44
-18.991 30.503 0.847 49 45 42
-18.982 30.466 0.828 51 48 43
-18.998 30.527 0.833 50 45 42
-18.993 30.515 0.871 48 44 43
-18.993 30.509 0.827 47 43 40
-18.982 30.477 0.877 53 49 46
-19.001 30.531 0.806 49 44 38
-19.000 30.534 0.825 55 50 47
-18.991 30.505 0.849 49 45 42
-19.004 30.544 0.815 73 68 62
-18.998 30.528 0.845 50 44 44
-18.979 30.464 0.857 53 48 44
-18.986 30.483 0.831 49 46 41
-18.983 30.472 0.839 51 48 43
-18.993 30.506 0.813 47 43 40
-18.993 30.505 0.820 47 43 40
-18.989 30.493 0.822 47 43 40
-18.985 30.489 0.880 50 47 42
-18.986 30.491 0.870 49 46 41
-18.984 30.486 0.875 50 47 42
-18.982 30.476 0.870 52 48 45
-18.995 30.515 0.823 46 42 39
-18.992 30.508 0.849 49 45 42
-18.985 30.485 0.865 50 46 43
-18.982 30.470 0.844 51 48 43
-18.986 30.489 0.851 49 46 41
-18.994 30.513 0.838 48 44 41
-18.978 30.455 0.840 49 46 41
-18.990 30.506 0.868 49 45 44
-18.985 30.474 0.813 47 44 39
-18.977 30.452 0.835 48 45 40
-18.992 30.503 0.823 47 43 40
-19.001 30.534 0.814 54 49 45
-18.986 30.490 0.863 50 46 43
-18.993 30.510 0.844 48 44 41
-18.990 30.507 0.871 48 44 43
-18.991 30.511 0.874 45 41 40
-18.989 30.502 0.874 50 46 43
-18.987 30.499 0.884 51 47 44
-18.989 30.495 0.838 51 47 44
-18.988 30.498 0.868 50 46 43
-19.004 30.544 0.809 68 63 57
-18.994 30.512 0.823 47 44 39
-19.002 30.538 0.823 64 59 55
-18.998 30.527 0.827 50 45 42
-18.995 30.518 0.840 48 44 41
-18.984 30.485 0.883 51 48 43
-18.988 30.497 0.867 50 46 43
-18.997 30.528 0.851 50 44 44
-18.987 30.486 0.833 49 46 41
-18.979 30.456 0.823 47 46 41
-18.982 30.479 0.883 54 50 47
-18.992 30.499 0.809 45 42 37
-18.988 30.488 0.826 47 44 39
-19.009 30.560 0.805 104 97 89
-18.982 30.476 0.864 51 47 46
-18.986 30.490 0.861 50 46 43
-18.995 30.520 0.849 47 43 42
-18.996 30.525 0.860 47 43 42
-18.998 30.523 0.821 48 43 40
-18.982 30.471 0.842 51 48 43
-19.213 30.460 0.781 113 108 102
-19.221 30.467 0.773 151 139 123
-19.246 30.435 0.757 160 130 92
-19.247 30.441 0.755 160 128 90
-19.261 30.399 0.751 177 146 117
-19.232 30.447 0.767 145 112 71
-19.241 30.436 0.761 152 119 78
-19.258 30.399 0.754 175 144 115
-19.245 30.470 0.751 149 116 75
-19.225 30.447 0.773 130 105 74
-19.236 30.466 0.759 142 110 72
-19.251 30.422 0.755 172 136 100
-19.239 30.474 0.755 136 106 70
-19.248 30.439 0.755 164 134 98
-19.229 30.457 0.767 134 108 75
-19.240 30.475 0.755 155 122 87
-19.231 30.455 0.766 138 109 75
-19.235 30.492 0.756 108 87 58
-19.237 30.465 0.759 142 110 72
-19.223 30.463 0.771 123 108 87
-19.242 30.440 0.760 154 120 82
-19.236 30.472 0.759 138 108 72
-19.224 30.481 0.767 147 138 123
-19.217 30.454 0.779 151 142 125
-19.255 30.424 0.751 173 142 114
-19.223 30.461 0.772 107 91 68
-19.226 30.464 0.768 104 84 59
-19.237 30.472 0.758 138 108 72
-19.240 30.433 0.762 155 122 81
-19.217 30.456 0.778 151 142 125
-19.262 30.389 0.752 178 145 114
-19.246 30.407 0.763 170 140 104
-19.245 30.470 0.751 149 116 75
-19.190 30.443 0.778 55 47 45
-19.148 30.406 0.760 65 55 64
-19.224 30.387 0.756 169 139 115
-19.124 30.445 0.775 50 42 39
-19.215 30.421 0.770 132 99 66
-19.194 30.396 0.758 204 209 228
-19.174 30.426 0.770 72 66 66
-19.225 30.423 0.771 142 109 66
-19.180 30.407 0.762 68 58 69
-19.107 30.422 0.765 62 56 56
-19.213 30.399 0.760 162 137 115
-19.249 30.394 0.760 175 144 115
-19.144 30.419 0.765 79 69 70
-19.208 30.447 0.781 58 46 34
-19.208 30.437 0.776 127 111 88
-19.152 30.398 0.757 118 115 124
-19.163 30.414 0.764 77 73 72
-19.135 30.426 0.768 72 64 62
-19.185 30.391 0.756 208 214 226
-19.260 30.374 0.752 181 142 109
-19.213 30.387 0.755 161 140 123
-19.149 30.415 0.764 85 73 75
-19.208 30.431 0.774 125 105 78
-19.129 30.405 0.759 59 55 54
-19.145 30.441 0.775 55 47 44
-19.219 30.399 0.761 152 125 98
-19.198 30.452 0.782 45 40 34
-19.206 30.438 0.777 95 79 56
-19.098 30.440 0.772 77 70 64
-19.132 30.407 0.759 59 55 54
-19.160 30.439 0.775 63 53 51
-19.163 30.452 0.780 44 40 31
-19.201 30.432 0.774 67 49 35
-19.099 30.433 0.769 55 47 44
-19.206 30.416 0.767 141 122 108
-19.247 30.392 0.759 175 144 116
-19.115 30.427 0.767 62 52 50
-19.128 30.423 0.766 72 64 62
-19.145 30.402 0.758 53 46 54
-19.261 30.370 0.750 181 142 109
-19.147 30.416 0.764 84 74 75
-19.250 30.377 0.753 177 142 110
-19.174 30.392 0.755 220 220 228
-19.195 30.446 0.779 49 42 34
-19.262 30.370 0.750 181 142 109
-19.212 30.389 0.756 167 146 127
-19.233 30.419 0.770 147 116 72
-19.223 30.408 0.765 160 128 90
-19.076 30.421 0.763 64 55 48
-19.184 30.444 0.778 63 57 59
-19.232 30.403 0.763 167 134 93
-19.122 30.434 0.771 84 77 71
-19.045 30.426 0.763 42 37 34
-19.070 30.420 0.762 69 62 54
-19.181 30.391 0.755 216 219 226
-19.179 30.452 0.781 45 39 41
-19.169 30.412 0.764 83 73 74
-19.229 30.395 0.759 169 135 100
-19.124 30.441 0.774 67 59 56
-19.146 30.411 0.762 85 72 79
-19.071 30.421 0.762 66 59 51
-19.140 30.409 0.761 80 74 76
-19.218 30.409 0.765 146 116 82
-19.116 30.415 0.762 72 66 68
-19.184 30.419 0.767 55 50 57
-19.072 30.435 0.768 51 42 37
-19.221 30.390 0.757 166 136 110
-19.138 30.414 0.763 78 67 71
-19.214 30.439 0.777 143 127 102
-19.211 30.392 0.757 204 186 186
-19.223 30.395 0.759 166 136 108
-19.142 30.427 0.769 63 55 53
-19.089 30.423 0.764 68 58 56
-19.169 30.418 0.766 77 72 68
-19.078 30.430 0.767 53 44 37
-19.245 30.384 0.756 180 149 121
-19.134 30.405 0.759 54 50 49
-19.145 30.448 0.778 55 45 44
-19.187 30.417 0.767 55 50 57
-19.165 30.422 0.768 68 61 55
-19.204 30.451 0.782 40 29 23
-19.183 30.422 0.769 67 58 63
-19.154 30.434 0.772 74 63 61
-19.231 30.406 0.764 169 136 93
-19.177 30.453 0.782 45 39 41
-19.191 30.406 0.762 205 208 223
-19.208 30.436 0.776 116 98 74
-19.261 30.376 0.753 182 143 110
-19.191 30.419 0.768 59 50 51
-19.115 30.444 0.775 40 35 29
-19.185 30.398 0.758 210 212 227
-19.156 30.426 0.769 71 62 57
-19.101 30.438 0.771 111 103 100
-19.217 30.437 0.777 126 109 81
-19.203 30.442 0.778 55 42 26
-19.061 30.427 0.765 47 40 32
-19.204 30.391 0.757 217 208 213
-19.138 30.420 0.766 75 65 66
-19.159 30.425 0.769 71 64 58
-19.154 30.405 0.760 67 56 64
-19.185 30.422 0.769 70 59 65
-19.195 30.435 0.775 63 50 42
-19.138 30.443 0.776 51 43 40
-19.202 30.393 0.757 217 207 215
-19.113 30.410 0.760 66 61 65
-19.157 30.427 0.769 71 62 57
-19.184 30.441 0.777 54 45 48
-19.149 30.432 0.771 85 77 74
-19.090 30.420 0.955 67 64 59
-19.002 30.408 0.989 118 111 103
-19.179 30.411 0.958 86 80 68
-19.255 30.403 0.962 170 165 169
-19.125 30.413 0.963 88 79 72
-19.199 30.431 0.923 49 45 44
-19.213 30.430 0.922 139 135 136
-19.018 30.403 0.994 204 197 187
-19.180 30.401 0.974 167 163 152
-19.092 30.419 0.958 76 73 66
-18.992 30.405 0.995 185 178 172
-18.989 30.405 0.995 186 183 174
-19.203 30.412 0.953 106 101 97
-19.184 30.416 0.949 90 85 79
-19.086 30.411 0.971 57 52 48
-19.185 30.423 0.938 46 42 39
-19.219 30.419 0.939 164 159 166
-19.005 30.406 0.991 175 168 160
-19.190 30.429 0.928 45 44 42
-18.985 30.402 1.000 195 195 185
-19.143 30.398 0.985 203 200 193
-19.158 30.429 0.932 49 44 48
-19.089 30.410 0.973 67 62 58
-19.194 30.422 0.938 51 45 45
-19.269 30.394 0.974 185 186 190
-19.140 30.428 0.936 46 40 40
-19.163 30.419 0.948 73 65 62
-19.208 30.409 0.958 141 137 136
-19.101 30.400 0.987 204 201 194
-19.118 30.412 0.965 82 78 67
-19.076 30.416 0.964 30 25 22
-19.181 30.419 0.945 54 49 45
-19.256 30.396 0.973 206 204 205
-19.124 30.411 0.965 87 78 71
-19.114 30.421 0.951 83 79 68
-19.067 30.404 0.986 199 194 190
-19.179 30.412 0.957 86 80 68
-19.137 30.423 0.945 70 62 59
-19.184 30.402 0.972 168 164 155
-19.173 30.429 0.930 46 44 47
-19.236 30.419 0.937 165 163 168
-19.203 30.398 0.976 197 194 189
-19.126 30.408 0.970 83 74 67
-19.236 30.421 0.935 165 163 168
-19.154 30.412 0.961 91 83 72
-19.183 30.408 0.964 80 73 65
-19.131 30.409 0.969 82 73 66
-19.085 30.400 0.990 205 200 194
-19.063 30.402 0.990 202 197 193
-19.174 30.397 0.982 203 199 187
-19.253 30.401 0.965 180 176 177
-19.168 30.424 0.939 46 42 39
-19.250 30.400 0.966 177 173 174
-19.249 30.401 0.965 177 173 174
-19.134 30.411 0.965 88 79 72
-19.226 30.401 0.968 178 174 173
-19.189 30.422 0.940 43 39 36
-19.213 30.426 0.930 150 146 147
-19.029 30.410 0.981 132 125 119
-18.992 30.401 1.001 200 197 188
-18.997 30.405 0.993 191 184 178
-19.073 30.407 0.980 115 107 104
-19.162 30.398 0.982 203 199 190
-19.170 30.410 0.962 91 87 76
-19.118 30.409 0.970 82 75 67
-19.120 30.411 0.967 86 77 70
-19.180 30.421 0.942 46 41 37
-19.048 30.404 0.988 199 196 189
-19.002 30.403 0.997 196 192 183
-19.043 30.402 0.992 202 199 192
-19.129 30.403 0.978 177 173 164
-19.255 30.398 0.970 208 204 205
-19.059 30.402 0.990 200 195 189
-19.116 30.405 0.977 156 152 143
-19.167 30.398 0.982 201 197 185
-19.212 30.415 0.948 152 143 148
-19.136 30.427 0.938 47 41 41
-19.189 30.412 0.955 86 78 67
-19.216 30.428 0.925 152 149 156
-19.120 30.405 0.977 162 158 149
-19.195 30.413 0.953 86 79 69
-19.201 30.414 0.950 72 63 64
-19.164 30.411 0.961 91 83 72
-19.089 30.408 0.976 71 63 60
-19.181 30.419 0.945 54 49 45
-19.041 30.405 0.988 198 195 188
-19.148 30.399 0.982 207 203 194
-19.151 30.407 0.968 86 78 67
-19.192 30.397 0.979 194 194 184
-19.212 30.415 0.947 152 143 148
-19.119 30.398 0.988 202 199 192
-19.085 30.409 0.975 50 42 39
-19.161 30.418 0.950 90 82 79
-19.150 30.420 0.948 84 76 73
-19.183 30.428 0.930 43 41 42
-19.049 30.413 0.974 68 63 59
-19.225 30.427 0.925 159 156 163
-19.024 30.406 0.988 195 186 179
-19.118 30.410 0.969 82 75 67
-19.164 30.409 0.964 93 85 74
-19.012 30.401 0.997 203 199 190
-19.176 30.399 0.979 199 197 184
-19.115 30.402 0.982 199 195 186
-19.177 30.421 0.943 53 48 44
-18.988 30.402 1.000 197 194 185
-19.137 30.416 0.956 87 78 71
-19.114 30.407 0.975 91 87 78
-19.185 30.421 0.941 43 38 34
-19.209 30.423 0.935 89 83 87
-19.071 30.408 0.978 55 47 44
-19.106 30.417 0.958 78 74 65
-19.137 30.411 0.964 89 80 71
-19.183 30.413 0.954 89 81 68
-19.105 30.407 0.976 79 75 66
-19.179 30.420 0.944 54 49 45
-19.197 30.408 0.961 100 92 89
-19.257 30.407 0.955 174 169 173
-19.212 30.419 0.940 152 143 148
-19.122 30.405 0.977 167 163 154
-19.065 30.407 0.981 109 104 100
-19.222 30.431 0.920 158 155 162
-19.169 30.397 0.983 198 194 182
-19.130 30.407 0.971 91 84 76
-19.253 30.400 0.967 201 197 198
-19.097 30.419 0.956 75 72 65
-19.220 30.417 0.943 161 156 163
-19.140 30.402 0.978 187 183 174
-19.220 30.420 0.938 164 159 166
-19.011 30.409 0.985 148 141 131
-19.145 30.400 0.981 206 202 193
-19.220 30.431 0.920 158 156 161
-19.115 30.422 0.949 77 73 70
-19.220 30.412 0.951 166 161 168
-19.199 30.440 0.885 71 67 68
-19.065 30.435 0.782 51 46 42
-19.073 30.430 0.814 58 52 52
-19.191 30.444 0.855 61 56 60
-19.137 30.438 0.834 65 59 63
-19.132 30.434 0.852 66 60 64
-19.098 30.440 0.786 55 50 47
-19.095 30.435 0.809 60 51 52
-19.147 30.444 0.812 56 52 51
-19.025 30.430 0.766 38 35 30
-19.114 30.442 0.791 42 37 34
-19.094 30.432 0.824 61 57 58
-19.093 30.437 0.796 41 37 34
-19.160 30.452 0.781 52 44 41
-19.131 30.435 0.848 66 60 64
-19.106 30.439 0.802 53 49 46
-19.108 30.432 0.840 65 60 64
-19.186 30.455 0.789 50 44 46
-19.029 30.429 0.779 81 71 69
-19.159 30.450 0.793 54 49 46
-19.201 30.451 0.830 60 55 59
-19.192 30.439 0.885 78 74 75
-19.159 30.450 0.790 54 49 46
-19.161 30.447 0.812 57 53 54
-19.102 30.440 0.788 45 40 37
-19.127 30.441 0.810 56 51 48
-19.196 30.455 0.803 60 56 57
-19.093 30.440 0.780 65 57 55
-19.034 30.429 0.782 55 45 43
-19.111 30.440 0.797 47 42 39
-19.064 30.435 0.782 47 42 38
-19.197 30.439 0.888 63 59 60
-19.055 30.432 0.788 51 46 43
-19.176 30.443 0.850 62 57 61
-19.059 30.433 0.785 50 45 42
-19.053 30.433 0.780 34 26 23
-19.040 30.429 0.791 53 48 45
-19.080 30.435 0.794 34 30 27
-19.075 30.432 0.807 60 51 54
-19.204 30.449 0.844 57 52 56
-19.179 30.439 0.871 61 55 57
-19.162 30.450 0.797 54 49 46
-19.178 30.441 0.858 63 57 61
-19.111 30.444 0.779 52 44 41
-19.047 30.431 0.784 52 44 41
-19.106 30.439 0.799 50 45 42
-19.052 30.431 0.791 46 41 38
-19.100 30.432 0.832 65 61 62
-19.178 30.437 0.879 59 55 54
-19.171 30.447 0.820 58 54 55
-19.008 30.427 0.766 44 40 37
-19.136 30.437 0.840 65 59 63
-19.114 30.442 0.789 45 40 37
-19.070 30.432 0.804 51 45 47
-19.053 30.435 0.770 73 66 58
-19.179 30.452 0.799 52 46 46
-19.191 30.451 0.820 60 56 57
-19.126 30.437 0.827 65 59 63
-19.076 30.437 0.781 51 43 41
-19.095 30.439 0.789 39 34 31
-19.177 30.455 0.783 47 43 42
-19.137 30.448 0.784 64 56 54
-19.186 30.437 0.888 60 56 55
-19.103 30.443 0.774 64 57 51
-19.150 30.448 0.795 50 45 42
-19.115 30.437 0.817 57 51 51
-19.173 30.447 0.821 58 54 55
-19.115 30.435 0.829 64 60 61
-19.205 30.438 0.904 40 36 37
-19.090 30.439 0.786 47 42 39
-19.092 30.431 0.829 62 58 59
-19.122 30.433 0.849 66 60 64
-19.049 30.429 0.795 43 37 37
-19.147 30.435 0.861 64 60 61
-19.187 30.448 0.831 62 57 61
-19.191 30.448 0.834 60 55 59
-19.141 30.442 0.816 56 52 51
-19.172 30.441 0.852 63 58 62
-19.079 30.433 0.805 50 49 45
-19.140 30.440 0.828 64 59 63
-19.110 30.433 0.836 64 60 61
-19.098 30.442 0.778 74 66 63
-19.005 30.426 0.769 49 45 42
-19.157 30.437 0.859 64 60 61
-19.208 30.450 0.838 62 57 61
-19.149 30.448 0.792 50 45 42
-19.038 30.431 0.778 62 52 50
-19.193 30.453 0.810 54 50 51
-19.131 30.448 0.777 66 58 55
-19.032 30.431 0.772 62 53 48
-19.136 30.446 0.792 46 38 36
-19.157 30.448 0.800 51 47 44
-19.202 30.440 0.887 72 68 69
-19.118 30.434 0.837 64 59 63
-19.175 30.448 0.817 58 54 55
-19.181 30.437 0.885 63 59 58
-19.182 30.440 0.871 60 54 56
-19.074 30.431 0.811 61 52 55
-19.147 30.441 0.827 64 59 63
-19.120 30.435 0.833 64 60 61
-19.177 30.447 0.824 59 55 56
-19.035 30.430 0.775 84 74 72
-19.103 30.443 0.777 66 59 53
-19.169 30.445 0.830 61 56 60
-19.119 30.433 0.847 65 60 66
-19.158 30.439 0.851 63 59 60
-19.199 30.438 0.898 44 40 41
-19.157 30.436 0.864 64 60 61
-19.102 30.432 0.836 65 61 62
-19.130 30.444 0.794 62 54 52
-19.084 30.436 0.794 35 31 30
-19.038 30.430 0.779 62 52 50
-19.074 30.435 0.790 50 46 43
-19.062 30.432 0.794 36 30 30
-19.201 30.448 0.843 62 57 61
-19.031 30.428 0.785 60 50 48
-19.118 30.433 0.845 65 60 64
-19.158 30.443 0.829 60 55 59
-19.193 30.439 0.884 78 74 75
-19.170 30.451 0.799 53 47 47
-19.057 30.433 0.785 45 40 37
-19.137 30.435 0.854 66 60 64
-19.178 30.448 0.820 59 55 56
-19.193 30.437 0.896 42 38 37
-19.173 30.453 0.789 48 44 43
-19.131 30.437 0.837 65 58 65
-19.170 30.437 0.872 61 55 57
-19.030 30.428 0.785 60 50 48
-19.203 30.449 0.839 58 53 57
-19.203 30.448 0.849 63 58 62
-19.160 30.435 0.874 62 58 59
-19.076 30.438 0.773 55 46 41
-19.084 30.440 0.773 78 69 64
-19.043 30.432 0.774 77 68 63
-19.108 30.438 0.807 59 50 51
-19.146 30.441 0.827 64 59 63
-19.142 30.445 0.800 55 50 47
-19.194 30.443 0.868 62 56 58
-19.213 30.408 1.156 203 202 200
-19.276 30.398 1.035 180 183 172
-19.253 30.400 1.049 205 205 205
-19.205 30.404 1.091 202 200 203
-19.084 30.412 1.171 201 199 200
-18.998 30.415 1.176 200 199 195
-19.166 30.407 1.127 201 199 200
-19.149 30.409 1.144 201 199 200
-19.101 30.409 1.133 204 200 199
-19.004 30.415 1.187 201 200 196
-19.088 30.411 1.156 203 201 202
-19.266 30.405 1.130 192 192 194
-19.248 30.397 1.012 202 203 205
-19.139 30.409 1.141 201 199 204
-19.088 30.412 1.171 201 199 200
-19.044 30.414 1.180 201 200 198
-19.066 30.410 1.132 199 199 201
-19.241 30.397 1.004 203 204 206
-19.053 30.410 1.132 199 199 201
-19.070 30.413 1.179 202 200 203
-19.039 30.412 1.157 200 200 200
-19.196 30.403 1.080 202 200 203
-19.270 30.401 1.082 185 185 183
-19.113 30.409 1.131 204 200 199
-19.210 30.404 1.097 202 200 203
-19.151 30.405 1.086 205 201 202
-19.203 30.401 1.059 203 201 202
-19.275 30.396 1.012 177 180 173
-19.268 30.396 0.999 180 185 189
-19.151 30.404 1.078 203 201 202
-19.112 30.406 1.094 199 200 204
-19.256 30.406 1.133 197 197 199
-18.985 30.416 1.194 200 199 194
-19.162 30.410 1.157 202 200 201
-19.050 30.413 1.170 201 199 200
-19.249 30.406 1.134 200 200 202
-19.191 30.401 1.053 204 202 203
-19.131 30.408 1.132 202 200 203
-19.217 30.399 1.031 203 203 203
-19.087 30.411 1.150 202 201 199
-19.098 30.412 1.173 202 200 201
-19.186 30.409 1.159 201 200 198
-19.166 30.402 1.055 202 200 201
-19.264 30.406 1.136 193 193 195
-19.193 30.402 1.064 203 201 202
-19.236 30.400 1.053 203 203 203
-19.162 30.403 1.068 202 200 201
-19.170 30.408 1.141 202 200 201
-19.178 30.403 1.068 203 201 204
-19.108 30.406 1.094 199 200 204
-19.207 30.403 1.078 203 201 204
-19.249 30.408 1.168 200 200 200
-19.262 30.404 1.110 191 190 196
-19.182 30.404 1.090 202 200 203
-19.191 30.408 1.140 203 201 202
-19.189 30.403 1.081 202 200 203
-19.234 30.407 1.143 201 201 201
-19.106 30.410 1.143 203 202 200
-19.110 30.406 1.098 199 200 204
-19.222 30.406 1.130 202 200 201
-19.148 30.409 1.145 201 199 200
-19.208 30.403 1.082 204 202 205
-19.069 30.410 1.131 200 200 200
-19.165 30.410 1.171 203 202 200
-19.200 30.409 1.166 204 200 199
-19.207 30.399 1.023 199 199 199
-19.256 30.405 1.128 197 197 199
-19.269 30.404 1.116 190 191 186
-19.205 30.404 1.101 202 200 203
-19.068 30.410 1.133 200 200 200
-19.007 30.415 1.187 201 200 196
-19.050 30.411 1.135 200 200 202
-19.262 30.400 1.065 199 198 194
-19.194 30.408 1.153 203 199 198
-19.198 30.402 1.068 203 201 204
-19.255 30.398 1.026 204 204 204
-19.006 30.414 1.163 199 198 196
-19.259 30.395 0.990 199 203 204
-19.242 30.398 1.028 204 204 204
-19.132 30.408 1.125 202 200 203
-19.156 30.404 1.078 203 201 202
-19.163 30.406 1.113 201 199 202
-19.115 30.411 1.169 202 200 201
-19.227 30.408 1.154 203 201 202
-19.104 30.408 1.113 201 201 201
-19.044 30.414 1.180 201 200 198
-19.188 30.400 1.037 201 201 203
-19.271 30.407 1.158 193 195 190
-19.243 30.403 1.096 201 201 201
-19.111 30.410 1.147 202 201 199
-19.155 30.406 1.108 202 200 203
-19.149 30.405 1.094 205 201 202
-19.174 30.406 1.116 201 199 202
-19.052 30.414 1.180 201 200 198
-18.981 30.415 1.179 200 199 194
-19.254 30.404 1.107 199 199 199
-19.252 30.402 1.086 201 201 203
-19.246 30.408 1.159 201 201 203
-19.128 30.408 1.119 202 200 203
-19.130 30.409 1.138 202 200 203
-19.223 30.408 1.161 203 201 202
-19.167 30.410 1.166 202 202 200
-19.237 30.403 1.092 201 201 203
-19.199 30.405 1.111 202 200 203
-19.036 30.413 1.160 200 200 200
-19.265 30.407 1.150 192 194 191
-19.128 30.412 1.174 203 201 202
-19.235 30.406 1.128 201 201 201
-19.119 30.410 1.150 201 199 200
-19.271 30.398 1.037 180 183 174
-19.143 30.411 1.173 202 200 201
-19.214 30.398 1.021 202 202 202
-19.198 30.405 1.113 202 200 203
-19.136 30.405 1.081 200 200 200
-19.200 30.410 1.173 202 201 199
-19.188 30.406 1.121 201 199 202
-19.076 30.409 1.125 200 200 200
-19.106 30.407 1.099 198 199 201
-19.121 30.409 1.143 201 199 200
-19.255 30.398 1.028 204 204 204
-19.139 30.406 1.107 202 200 201
-19.165 30.408 1.137 202 200 201
-19.015 30.414 1.169 201 200 198
-19.230 30.399 1.039 203 203 203
-19.074 30.413 1.173 201 199 200
-19.143 30.407 1.116 201 199 202
-19.131 30.404 1.077 200 200 200
-18.994 30.415 1.182 199 198 194
-19.258 30.402 1.090 198 198 200
-19.152 30.404 1.074 202 200 201
-19.133 30.406 1.098 202 200 201
-19.131 30.406 1.097 202 200 201
-19.223 30.404 1.099 202 200 203
-19.228 30.408 1.155 203 201 202
-19.256 30.402 1.091 200 200 202
-19.126 30.408 1.127 202 200 203
-19.227 30.399 1.029 203 203 203
-19.057 30.413 1.175 201 200 198
-19.219 30.404 1.106 203 201 204
-19.240 30.399 1.032 203 203 203
-18.976 30.417 1.196 195 195 187
-19.037 30.413 1.166 200 200 200
-19.225 30.408 1.162 203 202 200
-19.195 30.408 1.141 202 200 201
-19.246 30.400 1.057 203 203 203
-19.202 30.405 1.107 202 200 203
-19.211 30.409 1.172 203 202 200
-19.206 30.409 1.166 204 200 199
-19.242 30.399 1.033 203 203 203
-19.261 30.398 1.028 202 202 202
-19.078 30.410 1.139 200 200 200
-19.115 30.408 1.120 203 201 202
-19.105 30.409 1.137 204 200 199
-19.116 30.412 1.172 202 200 201
-19.274 30.397 1.028 178 181 170
-19.068 30.413 1.172 201 199 200
-19.019 30.413 1.161 199 201 200
-19.272 30.395 0.996 173 178 174
-19.195 30.407 1.139 203 201 202
-19.240 30.407 1.144 200 200 202
-19.273 30.403 1.110 190 193 184
-19.123 30.408 1.120 202 200 203
-19.151 30.406 1.100 202 200 201
-19.217 30.405 1.115 203 201 204
-19.150 30.407 1.116 201 199 202
-19.190 30.406 1.121 202 200 203
-19.260 30.402 1.088 196 194 195
-19.154 30.406 1.102 201 199 202
-19.208 30.399 1.033 203 203 203
-19.207 30.399 1.029 202 202 202
-19.018 30.413 1.161 199 201 200
-19.170 30.408 1.139 202 200 201
-19.230 30.401 1.056 203 203 203
-19.194 30.408 1.140 203 201 202
-19.147 30.410 1.164 202 200 201
-19.247 30.405 1.116 200 200 200
-19.262 30.401 1.075 196 195 191
-19.088 30.408 1.117 199 199 199
-19.236 30.407 1.142 201 201 201
-19.255 30.401 1.070 202 202 202
-19.254 30.407 1.150 197 197 197
-19.259 30.405 1.130 195 194 192
-19.205 30.402 1.065 203 201 204
-19.249 30.399 1.041 203 203 203
-19.095 30.412 1.176 201 199 200
-18.983 30.416 1.193 199 199 191
-19.242 30.406 1.136 200 200 202
-19.118 30.411 1.159 201 199 200
-19.239 30.408 1.162 202 200 203
-19.172 30.404 1.087 203 201 204
-19.037 30.412 1.155 199 201 200
-19.258 30.397 1.016 201 202 204
-19.188 30.409 1.152 201 200 198
-19.235 30.397 1.004 203 204 206
-19.037 30.415 1.187 200 200 200
-19.252 30.403 1.092 200 200 202
-19.256 30.406 1.139 197 197 199
-19.146 30.409 1.143 201 199 200
-19.143 30.407 1.122 201 199 202
-19.181 30.410 1.172 202 201 199
-19.195 30.402 1.066 203 201 204
-19.173 30.407 1.126 201 199 200
-19.245 30.406 1.136 200 200 202
-19.084 30.411 1.152 202 201 199
-19.236 30.402 1.085 201 201 203
-19.178 30.408 1.141 202 200 201
-19.262 30.403 1.096 197 195 196
-19.006 30.415 1.186 201 200 196
-19.269 30.396 1.006 177 181 184
-19.261 30.406 1.143 195 196 190
-19.213 30.407 1.136 202 201 199
-19.239 30.407 1.142 200 200 202
-19.200 30.401 1.049 203 201 202
-19.135 30.411 1.165 202 200 201
-19.146 30.411 1.166 202 200 201
-19.109 30.406 1.091 200 200 200
-19.217 30.403 1.090 200 200 202
-19.207 30.409 1.163 205 201 200
-19.024 30.415 1.191 202 202 202
-19.215 30.399 1.029 203 203 203
-19.259 30.406 1.147 191 193 192
-19.078 30.411 1.148 202 201 199
-19.136 30.405 1.093 202 202 202
-19.185 30.408 1.143 202 200 201
-19.223 30.409 1.165 202 201 199
-19.083 30.410 1.135 202 200 201
-19.196 30.406 1.118 202 200 203
-19.273 30.398 1.039 180 183 174
-19.271 30.399 1.045 178 181 172
-19.042 30.412 1.153 199 199 201
-18.972 30.417 1.196 195 195 187
-19.185 30.405 1.099 201 199 202
-19.233 30.407 1.143 201 201 201
-19.125 30.405 1.080 199 201 200
-19.180 30.405 1.100 201 199 202
-19.219 30.400 1.045 204 204 204
-19.182 30.407 1.123 201 199 202
-18.983 30.416 1.183 200 199 194
-19.264 30.401 1.073 188 188 188
-19.055 30.411 1.144 201 201 203
-19.269 30.398 1.030 180 181 183
-19.264 30.398 1.027 197 197 197
-19.196 30.408 1.150 204 200 199
-19.102 30.407 1.106 200 200 202
-19.255 30.407 1.149 197 197 197
-19.267 30.403 1.107 187 188 190
-19.150 30.404 1.078 203 201 202
-19.024 30.412 1.151 199 201 200
-19.203 30.402 1.068 203 201 204
-19.190 30.408 1.149 204 200 199
-19.239 30.406 1.133 201 201 203
-19.269 30.404 1.112 189 191 186
-19.189 30.402 1.059 204 202 203
-19.155 30.404 1.086 205 201 202
-19.251 30.408 1.159 200 200 200
-19.057 30.410 1.131 199 199 201
-19.082 30.412 1.162 202 200 201
-19.069 30.410 1.136 200 200 200
-19.164 30.405 1.099 203 201 204
-18.992 30.415 1.171 201 200 196
-19.183 30.408 1.137 202 200 201
-19.070 30.413 1.175 202 200 201
-19.157 30.405 1.096 203 201 204
-19.188 30.405 1.103 201 199 202
-19.206 30.404 1.097 202 200 203
-19.074 30.411 1.143 202 201 199
-19.215 30.407 1.135 202 200 201
-19.119 30.408 1.125 202 200 201
-19.196 30.409 1.165 204 200 199
-19.271 30.397 1.016 177 179 174
-19.165 30.403 1.067 203 201 204
-19.066 30.411 1.153 200 200 202
-19.141 30.405 1.083 202 200 201
-19.187 30.405 1.108 200 198 201
-19.231 30.402 1.072 202 202 202
-19.204 30.405 1.108 202 200 203
-19.194 30.404 1.088 202 200 203
-19.131 30.405 1.085 201 201 201
-19.141 30.411 1.175 202 200 201
-19.129 30.410 1.153 202 200 201
-19.186 30.404 1.089 202 200 203
-19.144 30.408 1.126 201 199 202
-19.203 30.406 1.127 202 200 201
-19.155 30.410 1.159 202 200 201
-19.191 30.406 1.123 201 199 202
-19.217 30.406 1.127 202 200 201
-19.166 30.408 1.135 202 200 201
-19.223 30.401 1.065 203 203 203
-19.232 30.400 1.044 203 203 203
-19.135 30.410 1.148 202 200 201
-19.032 30.414 1.170 199 199 199
-19.269 30.404 1.118 190 191 186
-19.148 30.409 1.145 201 199 200
-19.122 30.406 1.092 199 201 200
-19.271 30.403 1.097 186 192 182
-19.200 30.403 1.082 203 201 204
-19.033 30.415 1.184 200 200 200
-19.114 30.406 1.094 200 201 205
-19.252 30.403 1.095 199 199 201
-19.071 30.409 1.121 200 200 200
-19.090 30.410 1.138 203 202 200
-19.236 30.400 1.046 203 203 203
-19.127 30.411 1.162 202 200 201
-19.198 30.408 1.150 204 200 199
-19.066 30.412 1.156 199 199 201
-19.217 30.406 1.126 202 200 201
-19.007 30.413 1.161 199 198 196
-19.080 30.412 1.162 202 200 201
-19.205 30.399 1.026 201 201 201
-19.058 30.414 1.186 202 201 197
-19.252 30.405 1.122 198 198 198
-19.230 30.405 1.119 202 200 201
-18.970 30.407 1.073 202 198 197
-18.958 30.415 1.175 196 193 184
-18.954 30.415 1.165 192 190 177
-19.040 30.408 1.097 201 201 199
-19.213 30.397 0.998 202 200 201
-19.076 30.406 1.088 200 200 200
-19.226 30.396 0.990 202 202 202
-19.018 30.407 1.089 204 200 197
-19.223 30.395 0.980 203 199 198
-18.982 30.402 1.014 200 200 192
-19.021 30.406 1.076 202 201 197
-19.127 30.400 1.020 201 203 202
-19.011 30.409 1.104 201 200 196
-18.970 30.413 1.142 201 196 192
-19.145 30.401 1.038 201 201 201
-18.956 30.413 1.145 196 192 183
-19.113 30.403 1.061 199 199 199
-18.990 30.406 1.062 203 200 195
-19.011 30.408 1.100 201 200 196
-19.102 30.401 1.029 201 201 199
-18.992 30.408 1.096 201 200 195
-19.128 30.404 1.068 201 201 201
-19.257 30.394 0.976 208 206 207
-19.090 30.401 1.021 202 201 197
-19.129 30.401 1.038 200 202 201
-19.094 30.401 1.033 202 202 200
-19.065 30.400 1.008 200 199 194
-19.147 30.403 1.057 200 202 201
-18.961 30.414 1.163 195 192 183
-19.143 30.403 1.064 200 200 200
-18.978 30.413 1.144 198 199 194
-18.998 30.407 1.077 203 199 196
-19.174 30.396 0.987 199 196 187
-19.126 30.398 0.995 201 202 196
-18.993 30.412 1.140 201 200 198
-19.056 30.407 1.086 201 201 199
-19.041 30.405 1.061 200 200 198
-18.989 30.407 1.080 203 199 196
-18.990 30.409 1.108 199 198 194
-19.113 30.404 1.071 199 199 199
-18.970 30.407 1.071 202 198 197
-19.161 30.400 1.031 200 200 200
-19.035 30.408 1.098 200 200 198
-19.075 30.400 1.010 203 200 195
-19.111 30.401 1.028 200 202 199
-18.980 30.405 1.053 202 199 194
-19.157 30.400 1.026 201 201 201
-18.954 30.407 1.066 201 198 191
-19.112 30.398 0.991 199 199 191
-19.003 30.402 1.018 201 197 194
-19.065 30.407 1.096 200 199 204
-18.979 30.413 1.143 198 199 194
-19.147 30.401 1.044 200 200 200
-19.049 30.405 1.071 201 201 199
-18.963 30.411 1.118 200 197 192
-19.040 30.401 1.014 201 200 196
-19.064 30.404 1.052 200 200 200
-19.086 30.406 1.088 199 199 199
-19.068 30.409 1.118 201 201 201
-19.034 30.409 1.117 202 202 202
-19.095 30.401 1.023 201 201 199
-19.035 30.406 1.071 202 201 199
-19.016 30.403 1.038 200 201 193
-18.991 30.406 1.066 203 200 195
-19.009 30.405 1.064 204 201 196
-19.124 30.400 1.022 201 203 202
-19.217 30.398 1.011 202 203 205
-18.964 30.405 1.049 201 198 193
-19.122 30.403 1.060 199 201 200
-19.172 30.397 0.999 194 194 192
-19.260 30.394 0.980 206 206 206
-18.965 30.406 1.061 201 197 196
-18.967 30.416 1.179 196 193 188
-19.056 30.407 1.093 200 200 202
-19.189 30.397 0.993 194 194 194
-18.986 30.402 1.020 198 198 190
-19.224 30.397 1.001 201 202 204
-18.977 30.410 1.108 202 198 195
-19.033 30.403 1.040 200 201 196
-19.121 30.398 0.995 200 201 195
-19.013 30.406 1.074 204 200 197
-19.082 30.401 1.028 201 201 199
-19.116 30.402 1.047 201 201 201
-19.108 30.398 0.990 198 198 190
-19.145 30.397 0.990 198 197 192
-18.976 30.408 1.090 201 197 194
-19.075 30.404 1.065 201 201 201
-18.978 30.410 1.113 202 198 195
-19.168 30.400 1.030 200 200 200
-19.055 30.407 1.092 201 201 199
-19.125 30.398 0.995 201 202 196
-19.075 30.401 1.022 201 200 196
-19.017 30.405 1.063 205 202 197
-19.178 30.397 1.000 193 193 191
-19.227 30.397 1.006 202 203 205
-19.210 30.397 1.004 201 201 199
-19.143 30.401 1.040 200 200 200
-19.094 30.399 1.006 200 199 195
-19.012 30.405 1.057 203 200 195
-18.966 30.409 1.093 199 198 194
-19.102 30.399 0.999 200 199 197
-19.047 30.402 1.028 200 201 196
-19.047 30.404 1.056 201 201 199
-18.957 30.406 1.058 202 199 194
-18.985 30.413 1.152 198 199 194
-19.178 30.399 1.022 198 198 198
-18.994 30.414 1.163 200 199 195
-19.132 30.399 1.016 201 203 200
-18.990 30.405 1.050 202 199 194
-19.108 30.404 1.069 199 199 199
-18.985 30.408 1.085 203 199 196
-19.013 30.410 1.114 199 200 195
-19.040 30.410 1.120 200 200 200
-19.105 30.402 1.040 200 202 199
-19.123 30.403 1.053 201 201 201
-18.966 30.412 1.130 200 196 193
-18.983 30.409 1.104 201 197 194
-18.951 30.416 1.179 187 187 175
-19.077 30.404 1.056 200 200 200
-19.071 30.400 1.010 202 199 194
-19.162 30.398 1.000 199 199 197
-18.995 30.402 1.022 198 197 192
-19.163 30.398 1.006 198 198 196
-19.097 30.406 1.090 199 199 199
-18.990 30.403 1.025 199 198 193
-19.025 30.406 1.068 201 200 196
-19.163 30.400 1.032 200 200 200
-19.102 30.403 1.055 201 201 201
-18.982 30.415 1.171 200 199 194
-19.132 30.397 0.990 202 201 196
-19.103 30.401 1.026 201 201 199
-19.138 30.402 1.044 202 202 202
-19.099 30.400 1.013 202 202 200
-19.103 30.402 1.041 200 202 199
-18.963 30.405 1.043 202 199 192
-19.025 30.400 1.004 200 199 195
-18.954 30.409 1.097 200 193 185
-19.151 30.401 1.034 201 201 201
-19.181 30.400 1.036 202 202 204
-19.179 30.396 0.990 195 194 190
-18.967 30.406 1.061 202 198 197
-19.018 30.403 1.032 200 201 195
-19.027 30.400 1.002 200 199 195
-19.111 30.403 1.053 201 201 201
-19.126 30.402 1.045 201 203 202
-18.986 30.408 1.086 203 199 196
-18.985 30.402 1.020 200 197 190
-19.052 30.410 1.124 200 200 200
-19.189 30.398 1.012 194 194 194
-18.995 30.409 1.100 200 199 195
-19.059 30.406 1.075 200 200 198
-18.980 30.409 1.098 202 198 195
-19.094 30.405 1.080 201 201 201
-18.967 30.413 1.150 199 194 188
-18.967 30.402 1.016 201 198 191
-19.192 30.396 0.983 193 193 185
-18.997 30.412 1.141 198 198 196
-19.115 30.399 1.008 200 200 198
-19.189 30.399 1.024 198 198 198
-18.956 30.412 1.137 197 192 186
-19.038 30.410 1.131 199 199 199
-19.035 30.405 1.068 202 201 199
-19.047 30.405 1.068 201 201 199
-19.049 30.401 1.015 200 199 195
-19.177 30.400 1.031 201 201 201
-19.195 30.397 1.003 196 196 194
-19.029 30.409 1.112 201 201 201
-18.953 30.409 1.094 196 192 181
-19.013 30.405 1.056 203 200 195
-19.088 30.404 1.066 202 202 202
-19.267 30.394 0.975 200 199 204
-19.162 30.402 1.050 200 202 201
-19.153 30.398 0.999 199 199 197
-18.962 30.403 1.029 200 199 194
-18.973 30.405 1.052 202 199 194
-18.999 30.403 1.027 198 197 193
-19.105 30.399 0.999 200 199 197
-19.158 30.399 1.017 200 200 198
-19.048 30.405 1.063 201 201 199
-18.959 30.403 1.017 201 198 193
-19.235 30.396 0.992 203 203 203
-19.019 30.410 1.121 198 198 198
-18.983 30.412 1.140 199 200 195
-19.156 30.400 1.022 201 201 201
-19.002 30.413 1.157 198 198 196
-19.067 30.407 1.100 201 199 200
-18.971 30.413 1.142 197 198 193
-19.217 30.397 1.009 202 203 205
-19.012 30.404 1.045 204 201 196
-19.124 30.400 1.021 202 204 203
-19.220 30.395 0.980 202 198 197
-18.997 30.406 1.062 202 199 194
-18.992 30.414 1.160 200 199 195
-18.977 30.406 1.067 201 198 193
-19.058 30.401 1.019 202 201 197
-19.069 30.399 1.001 200 200 192
-19.042 30.403 1.044 200 200 198
-19.083 30.405 1.077 201 201 201
-19.147 30.402 1.052 200 202 201
-19.073 30.407 1.100 201 199 200
-19.089 30.400 1.018 202 201 197
-19.252 30.395 0.986 203 205 204
-19.015 30.406 1.070 203 200 195
-19.009 30.400 1.002 202 197 191
-19.053 30.403 1.045 201 201 199
-19.225 30.396 0.993 202 202 202
-19.044 30.400 0.999 199 198 194
-19.130 30.404 1.070 201 201 201
-18.974 30.408 1.085 202 198 195
-18.995 30.402 1.019 198 197 192
-18.991 30.404 1.037 200 199 194
-19.019 30.406 1.068 203 200 195
-19.057 30.407 1.087 201 201 199
-18.980 30.415 1.173 200 199 194
-19.203 30.398 1.012 197 197 197
-18.955 30.406 1.063 201 198 191
-18.996 30.407 1.079 203 199 196
-19.011 30.403 1.030 200 199 195
-19.156 30.399 1.018 200 200 198
-18.976 30.409 1.100 202 198 195
-19.021 30.403 1.034 201 202 197
-19.032 30.407 1.090 201 200 196
-19.153 30.402 1.053 200 202 201
-19.123 30.402 1.043 202 204 203
-19.068 30.400 1.005 200 199 194
-19.058 30.408 1.109 200 200 200
-19.032 30.403 1.040 200 201 196
-19.196 30.398 1.013 196 196 196
-19.149 30.397 0.989 198 197 192
-18.994 30.402 1.021 198 197 192
-18.955 30.409 1.091 199 192 184
-19.077 30.406 1.090 200 200 200
-19.018 30.401 1.015 201 197 196
-19.144 30.403 1.065 200 200 200
-19.028 30.402 1.027 201 202 197
-19.005 30.404 1.049 203 200 195
-19.151 30.403 1.059 201 201 201
-18.979 30.412 1.143 198 199 194
-19.142 30.398 1.005 200 200 198
-19.179 30.398 1.009 195 195 193
-18.981 30.413 1.150 198 199 194
-19.163 30.398 1.003 198 198 196
-19.023 30.410 1.120 198 198 198
-19.011 30.402 1.022 201 200 198
-19.002 30.408 1.099 199 198 194
-19.001 30.403 1.029 199 198 194
-19.010 30.402 1.025 200 199 197
-19.036 30.407 1.084 201 200 198
-19.000 30.408 1.090 202 198 195
-19.192 30.398 1.013 194 194 194
-19.244 30.396 0.993 203 204 206
-18.983 30.410 1.109 201 197 194
-18.973 30.416 1.182 194 193 188
-19.032 30.406 1.078 202 201 197
-18.969 30.416 1.186 196 193 188
-19.224 30.395 0.985 203 202 200
-18.962 30.408 1.083 201 198 191
-18.971 30.407 1.077 201 197 196
-19.041 30.406 1.074 200 200 198
-18.952 30.412 1.130 195 193 181
-19.018 30.402 1.019 203 199 198
-19.107 30.399 1.002 201 200 198
-19.042 30.410 1.128 198 198 198
-19.094 30.399 1.001 201 200 196
-19.143 30.400 1.027 202 202 202
-18.971 30.404 1.039 200 200 188
-19.132 30.402 1.048 200 202 201
-18.956 30.413 1.140 196 192 183
-18.955 30.403 1.021 200 200 192
-18.980 30.408 1.085 203 199 196
-18.956 30.403 1.018 202 199 194
-19.069 30.404 1.059 199 199 199
-19.083 30.401 1.029 201 201 199
-19.000 30.412 1.140 199 198 196
-19.053 30.409 1.110 201 201 201
-19.012 30.402 1.026 200 199 197
-19.013 30.407 1.078 204 200 197
-18.973 30.413 1.153 197 198 193
-18.970 30.413 1.148 197 198 193
-18.982 30.405 1.047 202 199 194
-19.104 30.399 1.001 202 201 199
-19.151 30.402 1.054 200 202 201
-19.085 30.399 1.004 200 199 194
-19.238 30.396 0.996 202 203 205
-18.956 30.412 1.133 197 192 186
-18.991 30.409 1.098 200 199 195
-18.966 30.404 1.041 200 200 190
-18.958 30.405 1.041 201 201 193
-19.012 30.401 1.008 203 200 195
-19.088 30.400 1.010 201 200 196
-19.067 30.402 1.035 200 200 198
-19.067 30.401 1.018 200 199 195
-18.959 30.414 1.162 197 195 183
-19.002 30.413 1.148 199 199 197
-19.105 30.405 1.074 200 200 200
-19.054 30.406 1.080 201 201 199
-18.987 30.410 1.115 200 199 195
-19.165 30.399 1.022 200 200 200
-18.995 30.407 1.074 203 199 196
-19.024 30.404 1.050 201 200 196
-19.050 30.404 1.054 201 201 199
-19.095 30.404 1.063 200 200 200
-19.028 30.405 1.056 202 201 197
-19.044 30.402 1.025 201 200 196
-19.038 30.404 1.050 202 201 199
-19.057 30.409 1.114 200 200 200
-18.966 30.407 1.071 202 198 197
-19.130 30.400 1.025 200 202 201
-19.026 30.404 1.050 201 200 196
-19.128 30.404 1.067 201 201 201
-19.041 30.406 1.079 200 200 198
-19.004 30.408 1.089 202 198 195
-19.044 30.409 1.111 200 200 200
-19.134 30.399 1.005 200 202 199
-19.141 30.402 1.045 202 202 202
-18.981 30.410 1.113 202 198 195
-19.040 30.414 0.969 76 68 65
-19.015 30.420 0.854 57 55 56
-19.026 30.418 0.897 61 55 55
-19.129 30.429 0.911 40 36 35
-19.011 30.413 0.938 38 36 37
-19.161 30.434 0.885 67 61 61
-19.082 30.426 0.873 61 57 58
-19.086 30.427 0.868 60 56 57
-19.008 30.419 0.866 54 52 53
-19.118 30.430 0.884 68 62 62
-19.159 30.431 0.922 47 45 48
-18.998 30.422 0.816 62 56 56
-19.001 30.410 0.968 77 68 63
-19.064 30.426 0.854 61 57 56
-18.986 30.417 0.856 54 46 44
-19.031 30.422 0.861 59 55 54
-19.036 30.417 0.929 46 42 41
-19.121 30.430 0.877 64 58 60
-19.023 30.425 0.803 41 38 31
-18.960 30.403 0.991 137 127 118
-19.039 30.420 0.889 60 54 54
-19.117 30.427 0.909 46 41 38
-19.147 30.432 0.895 52 46 46
-19.135 30.432 0.880 63 57 59
-18.984 30.416 0.861 57 49 46
-19.033 30.423 0.849 60 56 57
-19.011 30.422 0.832 66 60 62
-19.013 30.423 0.825 59 53 53
-19.012 30.417 0.891 57 51 51
-19.048 30.423 0.865 60 56 55
-19.044 30.428 0.798 37 33 32
-19.079 30.425 0.882 59 55 54
-19.184 30.435 0.903 42 38 35
-19.044 30.426 0.819 58 52 52
-19.040 30.424 0.845 60 56 57
-18.978 30.414 0.886 76 65 61
-19.135 30.433 0.862 66 60 62
-19.157 30.432 0.911 53 49 48
-19.025 30.414 0.944 36 34 37
-19.076 30.421 0.935 45 41 40
-18.978 30.408 0.960 82 75 67
-19.020 30.415 0.936 40 39 37
-19.035 30.418 0.909 54 49 46
-19.016 30.424 0.809 53 52 50
-19.091 30.424 0.917 52 46 46
-18.987 30.413 0.908 45 40 34
-19.044 30.424 0.844 61 57 58
-18.994 30.414 0.907 50 45 39
-19.039 30.418 0.918 50 45 42
-19.039 30.418 0.920 52 46 46
-19.029 30.425 0.816 59 53 53
-18.997 30.419 0.851 51 47 46
-19.052 30.422 0.892 60 54 54
-19.064 30.424 0.872 59 55 54
-19.159 30.431 0.920 49 47 50
-19.067 30.422 0.910 53 47 47
-19.032 30.424 0.834 62 58 59
-19.061 30.417 0.964 63 59 56
-19.184 30.434 0.920 45 43 44
-19.145 30.431 0.900 49 43 43
-19.033 30.420 0.890 59 53 53
-18.966 30.404 0.989 124 114 105
-19.005 30.424 0.798 35 32 25
-19.038 30.418 0.914 55 50 47
-19.113 30.424 0.944 49 45 42
-19.116 30.429 0.889 71 65 65
-18.967 30.404 0.997 171 167 156
-19.033 30.413 0.968 76 71 65
-19.020 30.415 0.933 42 41 39
-18.984 30.420 0.819 54 46 43
-19.178 30.436 0.894 48 44 41
-19.021 30.427 0.784 50 39 35
-19.071 30.425 0.871 60 56 55
-19.062 30.419 0.933 45 41 40
-19.031 30.419 0.897 70 64 64
-19.025 30.420 0.868 57 53 52
-19.004 30.413 0.927 41 37 38
-18.981 30.416 0.861 54 44 42
-19.027 30.412 0.976 74 67 61
-19.022 30.417 0.909 48 42 42
-19.041 30.422 0.870 59 55 54
-18.990 30.416 0.876 50 42 40
-18.980 30.407 0.974 78 69 60
-19.080 30.428 0.853 63 57 59
-19.019 30.421 0.853 62 58 59
-19.040 30.422 0.866 59 55 54
-19.045 30.415 0.970 73 68 64
-19.053 30.425 0.850 62 58 59
-19.084 30.423 0.915 41 35 35
-19.088 30.424 0.912 47 41 41
-19.073 30.420 0.939 42 38 37
-18.991 30.418 0.849 51 47 44
-19.010 30.417 0.886 52 48 47
-19.128 30.430 0.898 56 52 51
-19.028 30.421 0.860 59 55 54
-19.014 30.415 0.926 43 39 38
-19.096 30.431 0.833 63 59 60
-19.009 30.417 0.889 51 47 46
-19.029 30.421 0.866 57 53 52
-19.040 30.426 0.824 58 54 53
-18.981 30.410 0.940 59 52 46
-19.103 30.425 0.925 51 47 48
-19.140 30.430 0.914 51 47 46
-18.999 30.414 0.915 42 37 34
-19.013 30.410 0.976 75 66 57
-19.013 30.420 0.851 59 58 56
-19.009 30.419 0.858 57 55 56
-19.013 30.417 0.897 66 60 60
-19.018 30.426 0.789 56 45 41
-19.137 30.430 0.911 51 47 46
-19.071 30.428 0.831 62 58 59
-19.030 30.417 0.923 47 43 42
-18.994 30.410 0.950 38 33 30
-19.088 30.421 0.952 54 53 48
-18.995 30.416 0.887 44 39 36
-19.025 30.417 0.916 46 41 38
-19.136 30.430 0.907 50 46 43
-19.044 30.425 0.836 62 58 59
-18.987 30.423 0.785 77 65 65
-19.108 30.425 0.926 54 50 51
-18.991 30.416 0.871 51 43 41
-18.980 30.406 0.981 74 65 56
-19.055 30.422 0.890 60 54 54
-18.961 30.406 0.965 138 130 117
-19.001 30.418 0.860 48 46 47
-19.089 30.427 0.869 61 57 58
-19.023 30.420 0.874 58 54 53
-19.030 30.427 0.789 56 48 46
-19.021 30.411 0.975 83 75 64
-19.032 30.425 0.825 58 54 53
-19.035 30.422 0.868 58 54 53
-19.077 30.428 0.844 62 58 59
-19.145 30.429 0.924 49 47 50
-19.121 30.429 0.894 61 57 56
-19.038 30.414 0.968 77 70 64
-18.983 30.413 0.901 81 76 70
-18.998 30.415 0.897 66 60 60
-19.009 30.425 0.789 60 50 48
-19.034 30.420 0.881 57 53 52
-19.006 30.410 0.975 80 71 64
-19.058 30.425 0.858 62 58 57
-19.153 30.432 0.907 48 44 41
-18.994 30.418 0.860 50 44 44
-19.100 30.427 0.892 77 71 71
-19.021 30.413 0.958 75 70 64
-19.014 30.410 0.982 93 84 75
-19.016 30.419 0.878 57 53 52
-19.016 30.423 0.821 58 54 53
-19.109 30.426 0.918 56 50 50
-19.055 30.426 0.844 61 57 58
-19.062 30.429 0.813 58 52 52
-19.053 30.427 0.822 57 51 51
-19.055 30.423 0.878 57 53 52
-18.997 30.419 0.849 51 47 46
-19.021 30.426 0.789 55 44 40
-19.116 30.428 0.900 54 48 48
-19.048 30.423 0.867 59 55 54
-18.982 30.408 0.968 76 67 58
-19.056 30.421 0.902 54 45 46
-19.018 30.411 0.978 73 64 55
-19.152 30.430 0.928 49 47 50
-19.120 30.429 0.894 52 48 47
-19.175 30.435 0.891 58 54 51
-19.066 30.423 0.897 62 56 56
-19.038 30.422 0.873 58 54 53
-18.985 30.412 0.923 38 33 29
-18.982 30.416 0.867 60 50 48
-19.109 30.425 0.928 52 48 49
-19.001 30.414 0.916 43 38 35
-18.989 30.418 0.843 53 48 45
-19.112 30.430 0.874 64 58 60
-19.021 30.423 0.829 63 57 57
-19.053 30.417 0.957 73 68 65
-19.141 30.433 0.870 63 57 59
-19.136 30.428 0.923 49 47 50
-19.162 30.431 0.924 47 45 48
-18.993 30.408 0.975 80 71 64
-18.975 30.415 0.863 95 91 80
-19.034 30.421 0.868 58 54 53
-19.050 30.422 0.882 56 52 51
-19.193 30.437 0.902 42 38 37
-19.003 30.420 0.846 53 49 50
-19.102 30.431 0.838 65 61 62
-19.111 30.427 0.906 57 52 49
-19.006 30.411 0.958 80 75 71
-18.986 30.419 0.834 53 45 42
-19.011 30.421 0.843 63 59 60
-18.981 30.417 0.845 53 48 42
-18.975 30.408 0.950 87 82 78
-19.069 30.428 0.833 62 58 59
-19.098 30.428 0.872 62 56 58
-18.991 30.413 0.912 46 41 37
-18.991 30.418 0.852 53 48 45
-18.978 30.408 0.953 69 64 58
-19.009 30.420 0.847 61 57 58
-19.076 30.420 0.940 42 38 37
-19.109 30.430 0.864 64 58 60
-19.089 30.425 0.906 54 49 46
-18.991 30.417 0.860 47 42 39
-19.057 30.420 0.920 50 44 44
-19.033 30.414 0.961 76 71 67
-19.148 30.429 0.933 49 44 48
-19.001 30.410 0.970 79 70 65
-19.069 30.425 0.870 60 56 55
-19.127 30.432 0.866 65 59 61
-19.099 30.425 0.913 42 36 36
-19.069 30.426 0.859 62 58 57
-19.072 30.419 0.946 42 38 35
-18.992 30.410 0.956 76 71 67
-19.082 30.423 0.913 41 35 35
-19.101 30.423 0.947 67 63 60
-19.082 30.422 0.926 52 48 49
-19.058 30.417 0.964 69 66 61
-19.189 30.436 0.906 38 34 31
-19.039 30.424 0.847 61 57 58
-19.130 30.430 0.900 57 53 52
-19.018 30.422 0.839 65 61 60
-19.036 30.425 0.832 63 59 60
-19.182 30.436 0.892 51 47 44
-18.989 30.423 0.787 61 49 49
-19.027 30.415 0.936 41 39 40
-18.989 30.414 0.893 43 35 32
-19.006 30.415 0.910 59 54 51
-19.002 30.423 0.808 52 48 49
-19.056 30.420 0.914 44 38 38
-18.990 30.417 0.867 49 44 41
-18.984 30.410 0.947 34 29 26
-18.964 30.406 0.964 139 131 120
-19.024 30.420 0.872 56 52 51
-19.010 30.413 0.940 37 35 38
-19.144 30.433 0.882 65 59 61
-19.058 30.427 0.826 61 57 58
-18.995 30.422 0.808 50 46 43
-18.981 30.406 0.993 162 155 145
-18.967 30.408 0.944 133 125 112
-19.043 30.419 0.914 59 54 51
-19.129 30.430 0.892 59 55 54
-19.059 30.423 0.887 61 55 55
-19.055 30.427 0.824 58 54 53
-19.001 30.423 0.800 41 38 33
-19.087 30.424 0.910 54 49 46
-19.117 30.429 0.894 55 49 49
-18.987 30.414 0.892 44 34 32
-19.012 30.417 0.886 52 48 47
-18.985 30.409 0.959 79 72 66
-19.035 30.414 0.964 77 69 66
-18.964 30.404 0.989 128 118 109
-18.995 30.425 0.771 58 54 51
-19.023 30.420 0.876 59 53 53
-19.085 30.422 0.939 47 43 42
-19.024 30.416 0.928 45 41 40
-19.001 30.423 0.797 54 49 45
-18.979 30.417 0.850 68 65 58
-19.182 30.435 0.910 39 35 32
-19.035 30.420 0.893 67 61 61
-19.020 30.411 0.975 83 75 64
-19.152 30.433 0.886 74 68 68
-18.982 30.410 0.937 37 32 28
-19.009 30.413 0.938 38 36 37
-18.999 30.411 0.949 35 29 29
-18.970 30.408 0.950 119 115 104
-19.081 30.424 0.902 48 43 40
-18.992 30.416 0.871 52 46 46
-19.151 30.430 0.922 48 46 49
-18.996 30.412 0.935 37 32 36
-19.016 30.420 0.857 61 57 58
-19.081 30.422 0.929 50 46 47
-18.991 30.423 0.791 56 46 44
-19.173 30.434 0.909 40 36 35
-18.979 30.415 0.875 67 58 53
-19.063 30.422 0.904 57 48 49
-19.015 30.418 0.883 55 49 49
-19.101 30.423 0.939 46 42 41
-19.085 30.429 0.840 62 58 59
-19.092 30.428 0.869 60 56 57
-18.974 30.412 0.907 104 97 87
-19.055 30.424 0.859 62 58 57
-19.002 30.412 0.937 37 32 36
-18.999 30.420 0.834 59 53 53
-19.021 30.413 0.952 68 63 59
-19.035 30.417 0.920 53 48 45
-19.008 30.421 0.834 65 59 61
-19.059 30.427 0.829 61 57 58
-19.113 30.428 0.901 54 48 48
-19.057 30.421 0.903 54 45 46
-19.030 30.427 0.795 39 35 32
-19.097 30.429 0.856 63 57 59
-18.973 30.406 0.979 99 93 81
-19.011 30.417 0.886 52 48 47
-19.020 30.416 0.915 51 45 45
-18.988 30.407 0.987 107 100 92
-19.173 30.435 0.898 55 52 47
-19.019 30.411 0.979 68 60 49
-19.124 30.427 0.923 52 50 53
-18.976 30.413 0.889 76 65 61
-19.109 30.431 0.848 65 60 64
-19.029 30.414 0.957 73 68 64
-19.107 30.430 0.868 63 57 59
-19.054 30.424 0.857 62 58 57
-19.099 30.422 0.947 65 61 58
-19.201 30.454 1.184 202 202 202
-19.271 30.532 1.167 203 202 198
-19.275 30.462 1.166 196 197 192
-19.242 30.456 1.174 203 202 198
-19.263 30.437 1.168 198 200 199
-19.262 30.487 1.169 203 201 202
-19.258 30.455 1.170 201 201 203
-19.262 30.522 1.169 202 200 201
-19.254 30.513 1.171 203 202 200
-19.263 30.422 1.168 198 198 196
-19.276 30.486 1.165 200 199 195
-19.245 30.450 1.173 203 202 200
-19.271 30.473 1.167 200 200 198
-19.273 30.496 1.166 202 201 199
-19.219 30.440 1.180 203 202 200
-19.263 30.433 1.168 197 199 198
-19.224 30.460 1.178 204 203 201
-19.248 30.488 1.172 202 201 199
-19.272 30.462 1.166 197 197 195
-19.260 30.470 1.169 200 201 203
-19.229 30.446 1.177 202 201 199
-19.259 30.449 1.169 199 200 202
-19.225 30.479 1.178 203 203 203
-19.225 30.488 1.178 203 203 203
-19.245 30.479 1.173 202 201 197
-19.266 30.510 1.168 203 201 202
-19.257 30.517 1.170 203 201 202
-19.190 30.466 1.187 201 201 201
-19.259 30.520 1.170 203 201 202
-19.209 30.465 1.182 202 202 202
-19.263 30.481 1.168 202 200 201
-19.226 30.481 1.178 203 203 203
-19.268 30.437 1.167 196 196 194
-19.263 30.500 1.168 203 201 202
-19.224 30.459 1.178 203 202 200
-19.269 30.472 1.167 200 200 198
-19.259 30.468 1.169 200 201 203
-19.261 30.435 1.169 197 199 198
-19.254 30.512 1.171 203 202 200
-19.276 30.488 1.165 200 199 195
-19.237 30.456 1.175 205 202 197
-19.267 30.421 1.167 195 197 194
-19.261 30.452 1.169 200 201 203
-19.258 30.478 1.170 203 201 202
-19.221 30.471 1.179 204 203 201
-19.272 30.503 1.166 203 202 200
-19.261 30.498 1.169 204 202 203
-19.245 30.509 1.173 203 202 198
-19.234 30.465 1.176 202 201 199
-19.261 30.466 1.169 200 201 203
-19.273 30.467 1.166 197 197 195
-19.214 30.453 1.181 203 203 203
-19.246 30.471 1.173 203 202 200
-19.270 30.443 1.167 196 196 194
-19.235 30.441 1.176 202 201 199
-19.225 30.498 1.178 203 203 203
-19.257 30.513 1.170 203 201 202
-19.257 30.482 1.170 203 201 202
-19.261 30.520 1.169 203 201 202
-19.209 30.467 1.182 202 202 202
-19.260 30.416 1.169 199 199 199
-19.276 30.460 1.165 196 197 192
-19.214 30.481 1.181 203 203 203
-19.258 30.427 1.170 200 200 198
-19.226 30.496 1.178 203 203 203
-19.222 30.482 1.179 203 203 203
-19.215 30.485 1.181 203 203 203
-19.248 30.461 1.172 202 201 199
-19.229 30.438 1.177 202 201 199
-19.209 30.461 1.182 203 203 203
-19.264 30.439 1.168 198 200 199
-19.219 30.434 1.181 203 202 200
-19.165 30.457 1.198 180 180 180
-19.195 30.444 1.189 202 202 202
-19.218 30.436 1.181 203 202 200
-19.177 30.457 1.192 202 202 202
-19.231 30.427 1.178 202 201 199
-19.197 30.440 1.189 202 202 202
-19.164 30.459 1.197 201 201 201
-19.159 30.458 1.200 181 179 180
-19.186 30.445 1.192 201 201 199
-19.249 30.420 1.173 203 202 200
-19.202 30.438 1.188 203 203 203
-19.194 30.440 1.191 202 202 202
-19.186 30.486 1.188 202 202 202
-19.180 30.471 1.190 202 202 202
-19.155 30.515 1.197 203 199 196
-19.246 30.539 1.173 203 202 200
-19.170 30.510 1.193 209 208 206
-19.211 30.506 1.182 203 203 203
-19.173 30.538 1.193 180 179 177
-19.116 30.559 1.208 211 207 206
-19.144 30.504 1.200 205 201 198
-19.187 30.510 1.188 202 202 200
-19.225 30.501 1.178 203 203 203
-19.164 30.540 1.195 182 178 175
-19.113 30.561 1.209 206 202 201
-19.167 30.540 1.194 181 177 174
-19.121 30.540 1.206 180 176 175
-19.154 30.511 1.197 204 200 197
-19.212 30.490 1.181 205 205 205
-19.202 30.487 1.184 201 201 201
-19.193 30.512 1.187 203 203 203
-19.198 30.543 1.186 207 206 204
-19.210 30.491 1.182 205 205 205
-19.105 30.554 1.211 202 198 195
-19.128 30.537 1.205 203 199 196
-19.148 30.500 1.199 212 208 205
-19.167 30.477 1.193 201 199 200
-19.187 30.532 1.189 211 209 210
-19.116 30.556 1.208 211 207 206
-19.200 30.490 1.185 201 201 201
-19.233 30.508 1.176 202 202 202
-19.183 30.501 1.189 203 201 202
-19.230 30.518 1.177 203 203 203
-19.179 30.473 1.190 202 202 202
-19.186 30.525 1.189 207 205 206
-19.221 30.522 1.179 202 202 202
-19.242 30.523 1.174 203 202 198
-19.234 30.550 1.177 203 203 201
-19.213 30.510 1.181 202 202 202
-19.193 30.497 1.186 203 203 203
-19.191 30.524 1.188 203 203 203
-19.188 30.499 1.188 205 205 205
-19.149 30.530 1.199 176 173 168
-19.215 30.518 1.181 203 203 203
-19.150 30.513 1.198 202 198 195
-19.176 30.479 1.191 205 203 204
-19.249 30.554 1.173 203 202 200
-19.139 30.560 1.202 208 205 198
-19.172 30.506 1.192 203 202 200
-19.259 30.532 1.170 202 202 200
-19.243 30.517 1.174 203 202 198
-19.212 30.527 1.182 203 203 201
-19.171 30.519 1.193 212 211 207
-19.170 30.481 1.192 203 201 202
-19.220 30.508 1.180 203 203 203
-19.202 30.483 1.184 202 202 202
-19.194 30.498 1.186 203 203 203
-19.243 30.532 1.174 203 202 198
-19.118 30.564 1.208 208 204 203
-19.179 30.521 1.191 208 207 205
-19.150 30.515 1.198 196 192 189
-19.208 30.537 1.183 203 202 200
-19.249 30.538 1.172 203 202 200
-19.185 30.476 1.188 202 202 204
-19.199 30.527 1.186 204 203 201
-19.255 30.546 1.171 202 202 200
-19.156 30.538 1.197 172 168 165
-19.198 30.491 1.185 201 201 201
-19.162 30.502 1.195 206 205 203
-19.135 30.513 1.202 172 169 164
-19.178 30.515 1.191 207 206 204
-19.171 30.530 1.193 191 190 188
-19.215 30.498 1.181 203 203 203
-19.137 30.559 1.203 207 204 199
-19.217 30.560 1.181 205 205 203
-19.179 30.533 1.191 211 209 210
-19.182 30.536 1.190 207 205 206
-19.231 30.525 1.177 202 202 200
-19.125 30.539 1.205 190 186 183
-19.114 30.559 1.209 208 204 203
-19.204 30.506 1.184 203 203 203
-19.141 30.551 1.201 207 204 197
-19.210 30.523 1.183 202 202 202
-19.170 30.545 1.194 178 177 173
-19.168 30.537 1.194 179 178 176
-19.140 30.548 1.201 205 202 195
-19.148 30.546 1.199 190 187 182
-19.181 30.482 1.189 204 202 203
-19.214 30.494 1.181 203 203 203
-19.172 30.520 1.193 208 207 203
-19.182 30.519 1.190 204 203 201
-19.248 30.538 1.173 203 202 200
-19.235 30.516 1.176 203 203 203
-19.199 30.513 1.185 202 202 202
-19.242 30.554 1.175 204 203 199
-19.181 30.542 1.191 192 190 191
-19.121 30.537 1.206 175 171 170
-19.208 30.485 1.182 204 204 204
-19.248 30.525 1.173 203 202 200
-19.195 30.532 1.187 205 204 202
-19.210 30.553 1.183 204 203 201
-19.170 30.508 1.193 209 208 206
-19.198 30.519 1.186 203 203 203
-19.197 30.512 1.186 202 202 202
-19.175 30.482 1.191 205 203 204
-19.068 30.415 1.188 201 201 201
-19.103 30.433 1.197 201 199 204
-19.106 30.440 1.201 204 202 205
-19.120 30.413 1.182 202 200 203
-19.151 30.430 1.191 204 202 203
-19.035 30.428 1.199 200 200 200
-19.136 30.452 1.205 210 209 204
-19.092 30.418 1.188 203 202 198
-19.163 30.437 1.194 202 202 202
-19.202 30.429 1.186 203 203 203
-19.241 30.409 1.169 202 201 199
-19.085 30.447 1.207 204 203 201
-19.260 30.411 1.169 198 198 198
-19.107 30.415 1.185 203 201 204
-19.211 30.413 1.175 202 201 199
-19.100 30.434 1.197 204 202 207
-19.255 30.409 1.168 200 200 200
-19.041 30.426 1.197 200 200 200
-19.077 30.432 1.198 201 201 201
-19.031 30.430 1.201 200 200 200
-19.157 30.421 1.184 203 201 202
-19.134 30.420 1.186 203 202 198
-19.178 30.429 1.188 202 202 200
-19.189 30.427 1.185 205 204 202
-19.039 30.435 1.203 202 198 197
-19.199 30.416 1.177 203 202 200
-19.154 30.447 1.201 206 204 205
-19.142 30.417 1.183 203 201 202
-19.081 30.436 1.201 204 202 203
-19.262 30.409 1.167 195 195 195
-19.026 30.429 1.201 200 200 200
-19.163 30.419 1.182 203 201 202
-19.136 30.424 1.188 203 202 198
-19.036 30.433 1.202 200 200 200
-19.106 30.444 1.204 199 197 198
-19.245 30.414 1.172 202 201 199
-19.180 30.433 1.190 202 202 200
-19.223 30.418 1.177 202 201 199
-19.061 30.423 1.194 201 201 199
-19.019 30.430 1.202 201 201 201
-19.191 30.427 1.185 204 203 201
-19.160 30.429 1.189 204 202 203
-19.224 30.422 1.179 202 201 199
-18.979 30.419 1.199 195 195 185
-19.254 30.410 1.169 201 201 201
-19.124 30.452 1.207 212 211 207
-19.225 30.416 1.175 202 201 199
-19.126 30.440 1.199 204 202 203
-18.975 30.419 1.199 194 194 184
-19.166 30.437 1.193 201 201 201
-19.206 30.432 1.187 203 203 203
-19.077 30.436 1.201 202 200 201
-19.159 30.447 1.200 207 205 206
-19.041 30.425 1.197 200 200 200
-19.090 30.450 1.209 205 204 202
-19.179 30.440 1.194 203 203 201
-18.986 30.420 1.199 200 200 192
-19.191 30.427 1.185 204 203 201
-19.145 30.433 1.193 203 201 204
-19.153 30.415 1.181 202 200 201
-19.152 30.444 1.199 203 201 202
-19.217 30.426 1.182 203 202 200
-18.969 30.419 1.200 194 194 184
-19.060 30.441 1.206 203 201 202
-19.162 30.415 1.180 203 201 202
-19.050 30.429 1.199 201 202 197
-19.207 30.431 1.186 203 203 203
-19.105 30.422 1.189 203 201 202
-19.176 30.428 1.187 203 201 202
-19.057 30.427 1.197 202 202 200
-19.042 30.434 1.203 204 200 197
-19.203 30.425 1.183 204 203 201
-19.075 30.435 1.200 202 200 201
-19.169 30.434 1.191 203 203 201
-19.011 30.431 1.203 200 200 200
-19.016 30.420 1.196 200 200 200
-19.114 30.447 1.205 207 206 204
-19.075 30.440 1.204 202 200 201
-19.173 30.414 1.178 203 201 202
-19.189 30.433 1.189 203 203 203
-19.146 30.419 1.184 203 201 202
-18.992 30.419 1.197 198 198 190
-19.102 30.425 1.192 202 200 201
-19.180 30.428 1.187 203 201 202
-19.195 30.433 1.189 203 203 203
-19.160 30.412 1.178 203 201 202
-19.229 30.421 1.178 202 201 199
-19.116 30.426 1.191 202 200 205
-19.057 30.440 1.205 203 201 202
-19.114 30.451 1.207 178 177 173
-19.056 30.429 1.198 202 202 200
-19.101 30.427 1.193 202 200 201
-19.045 30.438 1.205 204 200 197
-19.063 30.428 1.197 202 202 200
-19.140 30.446 1.201 204 203 199
-19.039 30.463 1.207 205 201 200
-19.123 30.461 1.212 189 186 181
-18.983 30.463 1.203 195 194 189
-18.983 30.488 1.204 193 192 187
-19.003 30.506 1.205 199 197 198
-19.043 30.500 1.207 211 206 203
-19.097 30.461 1.210 187 183 180
-18.957 30.426 1.201 189 189 177
-19.056 30.481 1.208 206 202 199
-19.050 30.459 1.207 204 200 199
-18.987 30.480 1.204 196 195 191
-18.966 30.524 1.203 195 193 181
-19.063 30.502 1.209 190 187 182
-18.961 30.546 1.203 197 197 185
-18.972 30.468 1.203 194 194 184
-18.973 30.538 1.204 190 190 180
-19.036 30.484 1.207 203 199 196
-19.027 30.484 1.206 206 202 201
-18.988 30.470 1.204 196 195 191
-19.026 30.464 1.206 201 199 200
-19.040 30.492 1.207 202 198 195
-19.013 30.468 1.205 201 199 200
-19.102 30.456 1.210 203 199 196
-19.001 30.443 1.204 198 198 196
-19.044 30.482 1.207 207 202 199
-19.062 30.500 1.209 192 189 184
-18.978 30.428 1.202 194 194 186
-19.032 30.524 1.207 191 187 186
-18.969 30.425 1.202 195 195 185
-19.022 30.466 1.206 200 198 199
-19.100 30.468 1.210 163 159 156
-18.970 30.541 1.203 191 191 179
-18.970 30.546 1.203 191 191 181
-18.965 30.471 1.202 190 190 178
-19.037 30.454 1.206 205 201 200
-18.957 30.455 1.201 196 194 182
-18.971 30.434 1.202 195 195 187
-19.004 30.495 1.205 199 197 198
-19.021 30.454 1.205 200 198 199
-19.055 30.507 1.208 199 195 192
-18.969 30.429 1.202 195 195 185
-18.967 30.484 1.202 190 190 178
-19.003 30.511 1.205 198 196 197
-18.971 30.445 1.202 196 196 186
-19.005 30.439 1.204 200 199 197
-18.994 30.509 1.204 193 193 191
-19.023 30.466 1.206 200 198 199
-18.992 30.553 1.205 196 195 191
-19.098 30.476 1.210 147 143 140
-18.979 30.465 1.203 194 194 186
-19.073 30.456 1.209 207 203 200
-18.957 30.461 1.202 197 195 183
-19.049 30.483 1.208 206 202 201
-18.993 30.536 1.205 193 192 188
-18.955 30.446 1.201 194 192 180
-18.991 30.431 1.203 198 197 193
-19.040 30.466 1.207 204 200 199
-19.036 30.483 1.207 203 199 196
-18.964 30.442 1.202 194 194 182
-19.035 30.482 1.207 203 199 196
-19.009 30.472 1.205 199 198 196
-19.110 30.457 1.211 154 151 146
-19.022 30.474 1.206 201 199 200
-18.998 30.461 1.204 197 198 193
-18.961 30.467 1.202 194 192 180
-18.966 30.445 1.202 193 193 181
-18.957 30.478 1.202 198 196 184
-19.012 30.436 1.205 202 200 201
-18.994 30.533 1.205 195 194 192
-18.996 30.523 1.205 195 195 195
-18.953 30.438 1.201 197 194 185
-19.067 30.474 1.208 206 202 199
-19.050 30.509 1.208 204 200 197
-19.007 30.462 1.205 199 198 196
-19.025 30.446 1.206 201 199 200
-19.064 30.465 1.208 206 202 199
-18.994 30.502 1.204 194 194 192
-18.975 30.483 1.203 193 193 183
-18.962 30.438 1.202 193 191 179
-18.959 30.423 1.201 189 189 177
-18.978 30.427 1.202 194 194 184
-19.043 30.473 1.207 205 201 198
-19.033 30.505 1.207 205 201 198
-18.960 30.465 1.202 194 192 180
-18.988 30.554 1.205 194 193 188
-19.103 30.476 1.211 134 130 127
-19.002 30.464 1.204 198 198 196
-18.984 30.435 1.203 200 199 195
-19.071 30.463 1.209 210 206 203
-19.095 30.477 1.210 167 163 160
-18.980 30.556 1.204 193 193 185
-19.026 30.532 1.207 192 187 183
-18.975 30.555 1.204 191 191 181
-18.994 30.455 1.204 197 197 195
-18.998 30.483 1.204 197 198 193
-18.973 30.518 1.203 194 194 182
-19.001 30.521 1.205 196 194 195
-18.958 30.501 1.202 199 196 187
-19.062 30.458 1.208 206 202 201
-18.981 30.493 1.203 192 192 184
-18.954 30.419 1.201 192 192 180
-18.980 30.501 1.204 192 192 184
-18.950 30.424 1.201 195 196 182
-19.000 30.462 1.204 197 198 193
-18.984 30.544 1.204 193 193 185
-19.057 30.501 1.208 203 200 195
-19.040 30.517 1.207 200 196 193
-18.981 30.528 1.204 193 193 183
-18.976 30.507 1.203 194 194 182
-19.004 30.500 1.205 199 197 198
-18.992 30.455 1.204 198 198 196
-19.032 30.512 1.207 208 204 203
-18.969 30.533 1.203 192 192 180
-19.001 30.512 1.205 197 195 196
-19.080 30.493 1.210 168 165 158
-18.992 30.548 1.205 195 194 190
-18.971 30.530 1.203 192 192 180
-19.086 30.477 1.210 178 175 168
-18.955 30.437 1.201 194 192 180
-19.047 30.515 1.208 192 188 185
-18.987 30.498 1.204 194 193 189
-19.086 30.457 1.209 208 204 201
-18.986 30.448 1.203 198 197 193
-18.963 30.426 1.201 194 194 182
-19.107 30.458 1.211 173 169 166
-19.052 30.469 1.208 205 201 200
-19.007 30.452 1.204 200 199 197
-19.000 30.492 1.205 198 196 197
-19.077 30.477 1.209 192 189 182
-18.985 30.458 1.203 197 196 192
-19.045 30.496 1.207 210 205 202
-19.040 30.484 1.207 202 198 195
-19.088 30.477 1.210 178 175 168
-19.039 30.497 1.207 205 201 198
-18.972 30.445 1.202 196 196 186
-18.977 30.440 1.203 193 193 185
-18.981 30.448 1.203 193 193 185
-19.004 30.484 1.205 199 198 196
-18.973 30.492 1.203 195 195 183
-18.994 30.518 1.205 193 193 191
-18.976 30.479 1.203 193 193 183
-18.996 30.467 1.204 197 197 195
-19.022 30.486 1.206 204 200 199
-19.075 30.551 1.215 200 197 192
-19.031 30.547 1.209 167 163 154
-19.051 30.524 1.209 169 166 161
-19.077 30.560 1.216 202 199 194
-19.085 30.497 1.210 176 173 166
-19.117 30.478 1.212 195 192 187
-19.070 30.554 1.215 204 201 196
-19.060 30.555 1.214 205 202 197
-19.051 30.531 1.210 180 177 172
-19.045 30.537 1.210 169 166 161
-19.091 30.539 1.216 201 198 193
-19.121 30.469 1.212 196 193 188
-19.065 30.535 1.212 206 203 198
-19.037 30.532 1.208 168 165 160
-19.058 30.530 1.211 188 185 180
-19.087 30.548 1.216 200 197 192
-19.089 30.546 1.216 201 198 193
-18.991 30.559 1.205 196 193 188
-19.060 30.523 1.210 181 178 173
-19.117 30.480 1.213 196 193 188
-19.083 30.563 1.218 201 198 193
-19.004 30.556 1.207 204 201 196
-19.071 30.506 1.210 173 170 163
-19.012 30.544 1.206 205 201 198
-19.002 30.563 1.207 206 206 198
-19.103 30.495 1.212 181 177 174
-19.029 30.532 1.207 182 177 173
-19.104 30.500 1.213 201 197 194
-19.049 30.552 1.212 204 201 196
-19.089 30.510 1.212 203 200 195
-19.068 30.528 1.212 202 199 194
-19.090 30.498 1.211 186 183 176
-19.062 30.556 1.214 204 201 196
-19.031 30.537 1.208 163 158 154
-19.077 30.507 1.211 178 175 168
-19.038 30.539 1.209 170 167 162
-19.081 30.495 1.210 172 169 162
-19.096 30.502 1.212 211 207 204
-19.047 30.544 1.211 196 196 188
-19.085 30.547 1.216 200 197 192
-19.069 30.513 1.210 176 173 166
-19.083 30.544 1.215 202 199 194
-19.061 30.523 1.210 186 183 176
-18.994 30.558 1.206 198 194 191
-19.102 30.501 1.213 208 204 201
-19.113 30.475 1.212 158 155 150
-19.050 30.550 1.212 204 201 196
-19.028 30.554 1.209 184 180 169
-19.109 30.493 1.213 169 165 162
-19.095 30.519 1.214 206 202 199
-19.076 30.514 1.211 192 189 182
-19.067 30.553 1.214 204 201 196
-19.087 30.523 1.214 203 200 195
-19.084 30.551 1.216 201 198 193
-19.063 30.518 1.210 173 170 163
-19.100 30.523 1.215 204 200 197
-18.999 30.564 1.207 207 203 200
-19.064 30.510 1.209 180 177 170
-19.103 30.485 1.211 131 127 124
-19.071 30.527 1.212 204 201 194
-19.005 30.553 1.206 201 198 193
-19.090 30.537 1.215 202 199 194
-19.304 30.554 0.943 202 203 207
-19.290 30.533 0.933 203 202 200
-19.302 30.552 0.933 205 206 210
-19.295 30.534 1.006 202 204 203
-19.305 30.559 0.919 199 199 199
-19.295 30.542 0.928 207 201 201
-19.307 30.561 0.928 206 206 206
-19.299 30.546 0.942 202 203 207
-19.302 30.549 0.968 203 203 205
-19.305 30.550 0.988 196 197 199
-19.297 30.546 0.917 175 173 176
-19.304 30.544 1.031 192 190 193
-19.296 30.542 0.946 202 203 207
-19.296 30.538 0.975 202 203 205
-19.303 30.556 0.923 201 199 200
-19.306 30.559 0.923 206 206 206
-19.303 30.558 0.897 167 165 170
-19.307 30.558 0.952 199 203 206
-19.300 30.549 0.938 204 205 209
-19.292 30.535 0.956 200 204 203
-19.291 30.530 0.981 204 204 206
-19.308 30.561 0.935 200 201 205
-19.302 30.551 0.941 203 204 208
-19.298 30.542 0.966 205 205 207
-19.292 30.532 0.984 204 204 206
-19.301 30.553 0.910 171 170 175
-19.301 30.544 0.991 200 200 202
-19.307 30.556 0.958 196 200 201
-19.300 30.540 1.008 199 201 200
-19.301 30.544 0.983 202 202 204
-19.303 30.549 0.973 200 200 202
-19.305 30.551 0.980 196 197 199
-19.302 30.551 0.935 205 206 210
-19.300 30.551 0.919 182 180 181
-19.300 30.539 1.012 199 199 199
-19.301 30.554 0.904 168 166 171
-19.303 30.550 0.961 201 202 204
-19.309 30.553 1.032 185 185 185
-19.309 30.555 1.010 186 186 186
-19.312 30.561 1.003 184 186 185
-19.312 30.553 1.083 190 192 189
-19.308 30.554 0.994 189 190 192
-19.306 30.551 1.005 190 190 190
-19.310 30.559 0.991 189 190 192
-19.305 30.545 1.037 189 187 188
-19.310 30.558 1.008 186 186 186
-19.315 30.558 1.094 189 193 194
-19.308 30.551 1.037 184 184 184
-19.306 30.547 1.042 188 186 187
-19.314 30.558 1.079 188 193 189
-19.312 30.559 1.022 184 184 184
-19.315 30.561 1.059 186 188 185
-19.313 30.558 1.047 184 184 182
-19.313 30.558 1.054 183 185 182
-19.318 30.562 1.101 189 193 194
-19.315 30.558 1.097 190 194 195
-19.306 30.547 1.045 187 185 186
-19.309 30.554 1.027 186 186 186
-19.308 30.554 1.004 187 187 187
-18.950 30.426 1.038 199 196 187
-18.942 30.479 1.044 196 193 176
-18.946 30.440 1.154 191 188 173
-18.938 30.503 1.068 190 183 165
-18.943 30.468 1.048 196 193 178
-18.948 30.437 1.075 201 193 182
-18.951 30.415 1.107 195 191 180
-18.946 30.452 1.038 198 194 182
-18.939 30.497 1.009 196 193 176
-18.952 30.409 1.039 200 198 186
-18.942 30.471 1.119 190 187 172
-18.939 30.490 1.108 191 188 173
-18.946 30.441 1.136 190 187 170
-18.943 30.465 1.069 199 192 174
-18.950 30.423 1.057 196 196 186
-18.948 30.438 1.060 198 194 183
-18.936 30.518 1.042 193 188 169
-18.945 30.453 1.131 190 187 172
-18.945 30.456 1.084 200 193 183
-18.940 30.484 1.111 192 189 174
-18.947 30.444 1.025 197 195 183
-18.948 30.434 1.084 199 192 182
-18.944 30.462 1.022 197 193 181
-18.945 30.459 1.058 195 191 179
-18.945 30.450 1.101 196 193 178
-18.937 30.512 1.017 198 193 174
-18.940 30.492 1.018 197 194 177
-18.939 30.494 1.097 190 187 172
-18.933 30.540 1.015 194 188 166
-18.938 30.500 1.049 193 190 173
-18.936 30.517 1.063 190 183 165
-18.936 30.517 1.057 191 184 166
-18.949 30.433 1.029 199 196 187
-18.953 30.404 1.021 202 199 190
-18.947 30.432 1.167 191 187 175
-18.944 30.459 1.113 190 187 172
-18.943 30.471 1.054 194 190 178
-18.946 30.446 1.083 200 193 183
-18.944 30.462 1.095 196 190 174
-18.946 30.447 1.049 195 191 179
-18.947 30.450 1.010 200 196 185
-18.939 30.502 1.015 199 194 175
-18.949 30.430 1.061 198 194 183
-18.939 30.490 1.096 192 185 167
-18.940 30.494 1.019 198 193 174
-18.942 30.475 1.049 195 192 175
-18.944 30.457 1.126 190 187 172
-18.942 30.467 1.136 193 190 175
-18.942 30.468 1.123 191 188 173
-18.938 30.502 1.041 193 190 173
-18.951 30.414 1.105 195 191 182
-18.950 30.424 1.088 197 193 182
-18.949 30.434 1.009 202 199 192
-18.951 30.412 1.110 195 191 180
-18.940 30.485 1.091 191 184 168
-18.950 30.425 1.062 198 194 183
-18.933 30.532 1.049 191 186 167
-18.939 30.492 1.088 191 183 170
-18.935 30.521 1.066 191 184 166
-18.945 30.451 1.098 195 192 177
-18.939 30.493 1.057 195 188 170
-18.942 30.480 1.017 197 194 179
-18.947 30.445 1.015 200 196 185
-18.950 30.416 1.112 195 191 180
-18.948 30.436 1.095 196 192 183
-18.938 30.499 1.095 190 187 172
-18.942 30.475 1.071 199 192 174
-18.948 30.428 1.184 195 193 181
-18.938 30.500 1.071 193 186 170
-18.951 30.415 1.071 201 194 184
-18.944 30.463 1.024 196 192 180
-18.950 30.422 1.087 197 193 182
-18.949 30.425 1.098 196 192 181
-18.945 30.450 1.137 190 187 172
-18.944 30.469 1.012 198 194 182
-18.942 30.471 1.110 188 185 170
-18.938 30.509 1.012 199 194 175
-18.930 30.556 1.024 192 186 164
-18.943 30.473 1.038 196 193 178
-18.942 30.472 1.118 191 188 173
-18.950 30.423 1.035 200 197 188
-18.948 30.435 1.109 196 192 180
-18.936 30.519 1.019 198 191 172
-18.948 30.440 1.016 200 197 188
-18.943 30.462 1.114 190 187 172
-18.932 30.540 1.038 191 184 165
-18.945 30.456 1.031 196 192 180
-18.942 30.476 1.076 196 189 173
-18.940 30.494 1.021 198 193 174
-18.940 30.485 1.075 196 187 172
-18.945 30.457 1.010 198 194 183
-18.943 30.473 1.018 197 194 179
-18.947 30.437 1.112 195 192 177
-18.948 30.439 1.030 197 195 183
-18.948 30.437 1.087 199 192 182
-18.951 30.420 1.015 201 198 193
-18.942 30.473 1.126 192 189 174
-18.947 30.439 1.107 196 193 178
-18.945 30.460 1.012 198 194 183
-18.949 30.426 1.113 196 192 180
-18.950 30.418 1.157 192 189 174
-18.949 30.421 1.173 192 190 177
-18.948 30.435 1.035 198 196 184
-18.945 30.453 1.058 194 192 179
-18.944 30.462 1.038 198 195 180
-18.942 30.481 1.015 197 194 179
-18.949 30.422 1.127 197 193 181
-18.938 30.504 1.030 197 192 173
-18.951 30.411 1.118 196 192 181
-18.942 30.478 1.063 198 193 174
-18.945 30.448 1.140 190 187 172
-18.945 30.448 1.164 196 194 181
-18.934 30.527 1.038 192 185 166
-18.951 30.413 1.116 196 192 181
-18.949 30.428 1.091 197 193 182
-18.931 30.549 1.035 190 185 163
-18.937 30.508 1.092 191 188 173
-18.946 30.444 1.136 190 187 172
-18.944 30.457 1.133 191 188 173
-18.944 30.463 1.026 195 191 179
-18.945 30.456 1.049 196 192 180
-18.940 30.492 1.018 197 194 177
-18.938 30.505 1.034 196 191 172
-18.947 30.443 1.026 198 196 184
-18.937 30.511 1.022 198 191 172
-18.950 30.421 1.121 197 193 181
-18.944 30.461 1.060 195 192 177
-18.950 30.414 1.141 196 192 180
-18.932 30.546 1.019 192 186 164
-18.951 30.421 1.032 201 198 189
-18.939 30.491 1.072 194 185 168
-18.947 30.437 1.151 190 187 172
-18.945 30.455 1.087 198 192 180
-18.949 30.427 1.105 196 192 180
-18.939 30.491 1.098 190 187 172
-18.941 30.485 1.009 196 193 178
-18.938 30.504 1.032 197 192 173
-18.938 30.499 1.084 190 184 170
-18.948 30.438 1.043 198 196 183
-18.933 30.532 1.054 191 186 167
-18.951 30.413 1.133 196 192 180
-18.942 30.472 1.133 194 191 176
-18.936 30.517 1.052 192 187 168
-18.938 30.503 1.012 197 194 177
-18.936 30.520 1.026 196 189 170
-18.938 30.507 1.009 197 194 177
-18.948 30.438 1.036 198 196 184
-18.933 30.538 1.023 194 186 165
-18.946 30.445 1.094 197 194 179
-18.937 30.515 1.013 198 193 174
-18.946 30.449 1.076 200 194 180
-18.944 30.467 1.007 199 195 183
-18.951 30.413 1.102 196 192 183
-18.949 30.422 1.138 193 190 175
-18.950 30.423 1.103 195 191 180
-18.948 30.434 1.101 196 192 180
-18.934 30.529 1.033 192 185 166
-18.932 30.541 1.032 190 185 163
-18.950 30.416 1.112 195 191 180
-18.951 30.418 1.050 196 197 189
-18.949 30.425 1.108 195 191 179
-18.935 30.522 1.064 191 184 166
-18.943 30.467 1.099 190 187 172
-18.948 30.427 1.146 190 187 170
-18.950 30.422 1.055 196 196 186
-18.938 30.505 1.007 195 192 175
-18.939 30.494 1.047 194 191 174
-18.938 30.504 1.053 193 188 169
-18.947 30.433 1.144 191 188 171
-18.934 30.528 1.060 191 184 166
-18.947 30.442 1.083 199 192 182
-18.940 30.488 1.069 193 186 167
-18.941 30.487 1.015 197 194 179
-18.949 30.424 1.147 191 188 171
-18.946 30.541 1.143 196 193 178
-18.943 30.502 1.133 194 191 176
-18.937 30.556 1.080 193 187 173
-18.946 30.535 1.141 198 195 178
-18.938 30.527 1.099 191 188 171
-18.948 30.531 1.157 198 196 183
-18.947 30.544 1.144 197 194 179
-18.945 30.460 1.159 196 194 179
-18.944 30.506 1.142 196 193 176
-18.951 30.465 1.197 200 197 188
-18.943 30.531 1.125 196 192 180
-18.949 30.531 1.162 198 196 183
-18.952 30.528 1.186 200 197 188
-18.950 30.501 1.177 198 195 186
-18.948 30.561 1.150 199 197 184
-18.949 30.446 1.193 199 195 186
-18.931 30.551 1.042 191 186 167
-18.942 30.474 1.139 194 191 176
-18.947 30.438 1.180 199 197 185
-18.946 30.541 1.141 196 193 178
-18.947 30.465 1.170 194 195 181
-18.945 30.491 1.153 196 193 178
-18.950 30.486 1.186 200 196 187
-18.950 30.551 1.161 199 197 185
-18.947 30.434 1.185 198 196 184
-18.942 30.556 1.109 193 190 175
-18.946 30.490 1.155 195 193 178
-18.932 30.557 1.048 193 188 169
-18.949 30.510 1.168 198 196 184
-18.930 30.556 1.037 191 186 166
-18.950 30.491 1.184 198 196 184
-18.949 30.528 1.167 200 198 186
-18.948 30.463 1.178 198 196 184
-18.946 30.477 1.164 197 195 182
-18.944 30.460 1.153 197 194 179
-18.936 30.543 1.081 192 189 174
-18.952 30.489 1.196 198 195 188
-18.948 30.546 1.156 199 197 184
-18.949 30.551 1.160 199 197 184
-18.953 30.538 1.187 199 196 187
-18.945 30.497 1.149 198 196 183
-18.943 30.538 1.127 196 192 180
-18.939 30.557 1.092 192 189 172
-18.951 30.561 1.168 199 196 187
-18.946 30.449 1.170 194 195 181
-18.944 30.514 1.141 197 194 177
-18.936 30.518 1.088 194 188 174
-18.936 30.534 1.078 193 186 170
-18.951 30.474 1.193 200 197 190
-18.952 30.493 1.193 199 196 187
-18.951 30.530 1.178 199 196 187
-18.954 30.528 1.196 197 197 189
-18.939 30.541 1.096 192 189 172
-18.950 30.469 1.190 200 196 187
-18.947 30.550 1.147 199 197 184
-18.951 30.462 1.196 199 196 187
-18.951 30.494 1.191 199 196 187
-18.948 30.483 1.170 196 197 183
-18.949 30.478 1.181 198 196 184
-18.939 30.557 1.095 192 189 172
-18.937 30.531 1.086 193 187 173
-18.949 30.556 1.157 199 197 184
-18.947 30.555 1.147 199 197 184
-18.940 30.542 1.101 195 192 177
-18.951 30.558 1.170 199 196 187
-18.940 30.519 1.111 193 190 175
-18.952 30.534 1.180 200 197 188
-18.935 30.520 1.081 193 185 172
-18.954 30.545 1.193 199 196 187
-18.944 30.480 1.148 197 194 179
-18.951 30.557 1.168 199 197 185
-18.940 30.555 1.103 194 191 176
-18.946 30.526 1.146 196 194 181
-18.934 30.533 1.071 194 187 171
-18.942 30.480 1.133 196 193 178
-18.933 30.555 1.057 193 186 168
-18.951 30.472 1.199 200 197 188
-18.952 30.502 1.194 200 197 188
-18.935 30.520 1.082 193 185 172
-18.939 30.531 1.100 192 189 172
-18.944 30.474 1.153 197 194 179
-18.936 30.514 1.088 192 186 172
-18.942 30.540 1.116 196 193 178
-18.944 30.548 1.127 195 192 177
-18.937 30.510 1.098 191 188 173
-18.954 30.536 1.196 196 197 191
-18.946 30.466 1.165 196 194 181
-18.950 30.464 1.190 201 197 188
-18.944 30.529 1.135 195 192 177
-18.948 30.552 1.154 199 197 184
-18.948 30.548 1.150 199 197 184
-18.949 30.530 1.165 199 197 185
-18.952 30.533 1.182 200 197 188
-18.943 30.468 1.149 197 194 179
-18.944 30.513 1.135 195 192 177
-18.951 30.459 1.198 199 196 187
-18.937 30.536 1.086 194 188 174
-18.950 30.456 1.196 199 196 189
-18.948 30.560 1.148 199 197 184
-18.943 30.501 1.136 194 191 176
-18.935 30.541 1.075 192 186 172
-18.946 30.448 1.171 194 195 181
-18.940 30.545 1.105 195 192 177
-18.954 30.525 1.198 197 197 189
-18.948 30.475 1.174 197 195 183
-18.950 30.439 1.197 199 194 188
-18.950 30.473 1.191 202 198 189
-18.947 30.449 1.178 198 196 184
-18.944 30.564 1.125 196 193 178
-18.952 30.533 1.184 200 197 188
-18.939 30.493 1.112 193 190 175
-18.940 30.528 1.109 193 190 175
-18.944 30.539 1.129 195 191 179
-18.954 30.552 1.192 199 196 189
-18.948 30.430 1.190 198 196 184
-18.951 30.470 1.196 200 197 190
-18.932 30.546 1.053 194 186 167
-18.952 30.495 1.196 200 196 187
-18.941 30.509 1.122 196 192 180
-18.939 30.557 1.091 192 189 172
-18.932 30.556 1.050 193 188 169
-18.956 30.563 1.201 199 196 187
-18.939 30.508 1.109 194 191 176
-18.956 30.553 1.200 199 196 187
-18.947 30.451 1.179 198 196 184
-18.945 30.502 1.147 197 195 182
-18.947 30.530 1.151 197 195 182
-18.943 30.555 1.118 197 194 179
-18.954 30.546 1.193 199 196 189
-18.942 30.471 1.140 194 191 176
-18.946 30.556 1.137 197 194 179
-18.946 30.445 1.170 194 195 181
-18.946 30.469 1.163 195 193 180
-18.947 30.439 1.179 199 197 185
-18.946 30.487 1.156 195 193 178
-19.231 30.507 0.866 151 151 151
-19.220 30.458 0.907 121 116 120
-19.231 30.510 0.861 139 137 138
-19.224 30.492 0.869 130 128 129
-19.222 30.476 0.885 139 139 141
-19.232 30.484 0.905 161 156 162
-19.223 30.478 0.886 153 148 152
-19.235 30.493 0.901 160 155 161
-19.227 30.506 0.856 62 60 61
-19.223 30.483 0.878 145 145 145
-19.239 30.504 0.899 159 154 160
-19.225 30.499 0.859 67 65 66
-19.226 30.471 0.907 159 153 157
-19.228 30.477 0.903 156 151 157
-19.222 30.472 0.891 155 155 157
-19.222 30.460 0.909 145 140 144
-19.232 30.495 0.890 156 151 155
-19.219 30.471 0.883 118 118 118
-19.231 30.507 0.867 150 150 152
-19.221 30.480 0.875 119 117 118
-19.212 30.442 0.907 56 51 55
-19.230 30.513 0.853 60 60 60
-19.227 30.485 0.887 157 152 156
-19.231 30.507 0.868 150 150 152
-19.237 30.506 0.889 150 145 151
-19.224 30.493 0.867 94 92 93
-19.232 30.482 0.908 167 162 168
-19.216 30.437 0.914 159 157 160
-19.279 30.508 0.948 205 205 205
-19.265 30.453 0.949 185 183 184
-19.243 30.420 0.940 168 163 169
-19.276 30.447 0.960 206 204 207
-19.245 30.441 0.936 169 162 170
-19.250 30.482 0.930 168 166 169
-19.226 30.443 0.921 160 158 163
-19.277 30.480 0.953 206 204 207
-19.225 30.434 0.922 157 156 161
-19.276 30.512 0.944 204 203 201
-19.275 30.430 0.963 205 205 205
-19.238 30.434 0.932 165 160 167
-19.276 30.462 0.956 205 203 204
-19.250 30.421 0.945 170 165 171
-19.273 30.454 0.956 206 204 205
-19.260 30.409 0.956 175 170 174
-19.266 30.469 0.947 191 189 190
-19.272 30.441 0.959 206 204 205
-19.273 30.416 0.965 195 195 195
-19.253 30.443 0.942 172 167 171
-19.274 30.420 0.965 200 200 200
-19.279 30.485 0.953 205 205 205
-19.276 30.429 0.964 200 200 200
-19.259 30.483 0.938 172 168 169
-19.276 30.466 0.956 205 203 204
-19.241 30.468 0.927 165 162 169
-19.267 30.405 0.963 176 176 176
-19.256 30.410 0.952 171 166 170
-19.273 30.497 0.945 205 204 202
-19.261 30.418 0.955 177 172 176
-19.262 30.404 0.959 173 171 174
-19.255 30.441 0.945 173 168 172
-19.262 30.432 0.952 175 170 176
-19.266 30.457 0.949 187 185 186
-19.276 30.505 0.946 204 204 204
-19.277 30.470 0.956 207 205 208
-19.264 30.466 0.946 174 170 171
-19.233 30.441 0.926 164 161 168
-19.259 30.473 0.940 174 169 173
-19.276 30.479 0.952 206 204 205
-19.241 30.419 0.938 166 161 168
-19.257 30.422 0.950 173 168 174
-19.247 30.448 0.936 168 163 169
-19.246 30.472 0.930 169 164 170
-19.247 30.475 0.930 169 164 170
-19.272 30.428 0.961 207 205 206
-19.252 30.429 0.944 171 166 173
-19.249 30.472 0.932 170 165 171
-19.274 30.454 0.957 208 206 207
-19.263 30.476 0.943 182 178 179
-19.242 30.447 0.932 165 160 167
-19.219 30.437 0.916 157 155 158
-19.264 30.455 0.949 185 183 184
-19.242 30.470 0.927 165 162 169
-19.234 30.479 0.915 161 156 162
-19.240 30.485 0.919 164 159 165
-19.246 30.503 0.916 166 161 168
-19.250 30.491 0.927 169 167 170
-19.230 30.461 0.919 162 157 163
-19.244 30.480 0.925 167 162 169
-19.262 30.504 0.933 171 167 168
-19.256 30.496 0.930 172 167 171
-19.256 30.498 0.929 171 166 170
-19.226 30.465 0.912 159 154 158
-19.224 30.461 0.912 156 151 155
-19.221 30.457 0.911 149 144 148
-19.255 30.489 0.933 172 167 171
-19.264 30.510 0.932 177 173 172
-19.240 30.487 0.917 164 159 165
