-20.825 28.821 0.755 165 160 131
-20.696 28.820 0.717 214 214 224
-20.668 28.821 0.718 211 215 226
-20.829 28.820 0.749 184 177 148
-20.805 28.822 0.754 175 168 139
-20.821 28.821 0.752 180 173 144
-20.727 28.822 0.741 163 144 129
-20.817 28.819 0.741 192 178 151
-20.859 28.819 0.750 159 155 128
-20.810 28.822 0.756 173 166 137
-20.734 28.820 0.731 160 145 142
-20.805 28.820 0.741 190 176 149
-20.746 28.821 0.738 160 143 127
-20.728 28.823 0.746 175 156 139
-20.827 28.821 0.758 151 147 120
-20.758 28.823 0.754 196 182 156
-20.696 28.820 0.717 214 214 224
-20.627 28.821 0.712 200 206 230
-20.772 28.819 0.732 162 144 132
-20.827 28.821 0.756 151 147 120
-20.717 28.821 0.732 153 142 140
-20.860 28.820 0.758 140 135 115
-20.740 28.822 0.743 168 151 131
-20.806 28.819 0.739 190 174 148
-20.668 28.820 0.716 208 216 227
-20.710 28.824 0.749 178 160 138
-20.729 28.819 0.723 165 158 166
-20.772 28.823 0.754 194 180 153
-20.763 28.821 0.740 184 166 142
-20.660 28.824 0.735 196 185 179
-20.709 28.825 0.756 189 175 149
-20.671 28.823 0.730 184 178 180
-20.671 28.824 0.737 193 180 172
-20.744 28.823 0.750 193 175 151
-20.786 28.820 0.742 190 174 148
-20.875 28.820 0.757 146 143 128
-20.754 28.820 0.731 168 151 143
-20.657 28.822 0.720 211 215 226
-20.766 28.823 0.751 194 178 152
-20.754 28.823 0.749 193 176 150
-20.796 28.821 0.747 191 180 150
-20.738 28.819 0.725 162 152 160
-20.679 28.820 0.718 209 213 225
-20.739 28.822 0.741 168 151 131
-20.796 28.819 0.737 190 174 149
-20.753 28.819 0.729 168 150 146
-20.726 28.825 0.757 194 179 156
-20.778 28.822 0.751 192 181 149
-20.699 28.821 0.727 176 175 181
-20.709 28.824 0.750 178 160 138
-20.727 28.820 0.726 156 145 149
-20.844 28.821 0.756 144 140 115
-20.760 28.824 0.756 196 182 156
-20.711 28.822 0.737 170 153 145
-20.685 28.821 0.723 213 213 221
-20.795 28.822 0.756 182 176 144
-20.693 28.826 0.753 203 185 171
-20.706 28.825 0.752 186 169 149
-20.668 28.823 0.729 184 178 180
-20.672 28.821 0.722 215 218 227
-20.840 28.819 0.748 179 174 145
-20.807 28.822 0.757 174 167 138
-20.737 28.820 0.726 154 138 138
-20.674 28.823 0.731 176 171 175
-20.659 28.822 0.724 214 214 224
-20.786 28.820 0.737 183 165 145
-20.776 28.822 0.747 194 177 151
-20.820 28.819 0.743 192 181 153
-20.646 28.821 0.715 210 217 235
-20.712 28.819 0.720 211 208 215
-20.614 28.821 0.714 189 198 229
-20.625 28.819 0.751 199 177 163
-20.608 28.820 0.717 192 198 230
-20.579 28.815 0.737 190 182 195
-20.575 28.812 0.776 132 115 99
-20.577 28.813 0.762 171 157 154
-20.603 28.817 0.748 193 183 184
-20.599 28.817 0.739 190 189 203
-20.589 28.817 0.733 200 194 204
-20.607 28.821 0.707 188 200 226
-20.583 28.816 0.736 193 185 198
-20.604 28.817 0.747 192 182 181
-20.567 28.812 0.766 162 147 142
-20.624 28.822 0.718 203 208 228
-20.612 28.821 0.713 187 196 227
-20.663 28.823 0.762 201 182 168
-20.619 28.818 0.755 195 173 159
-20.591 28.814 0.773 163 144 129
-20.684 28.826 0.753 202 185 169
-20.655 28.823 0.750 194 172 148
-20.650 28.822 0.750 193 172 151
-20.689 28.826 0.757 198 184 171
-20.569 28.812 0.762 168 154 151
-20.591 28.819 0.709 229 243 254
-20.648 28.821 0.755 187 162 140
-20.592 28.815 0.762 177 163 154
-20.627 28.819 0.763 173 154 137
-20.588 28.816 0.739 191 189 202
-20.663 28.824 0.747 199 175 151
-20.585 28.816 0.731 189 183 197
-20.638 28.822 0.739 195 184 182
-20.582 28.814 0.754 179 170 171
-20.604 28.820 0.714 181 190 223
-20.582 28.813 0.774 153 136 120
-20.596 28.816 0.758 185 171 162
-20.569 28.812 0.761 168 154 151
-20.604 28.818 0.733 203 202 208
-20.636 28.821 0.739 195 184 182
-20.648 28.821 0.766 194 173 154
-20.596 28.816 0.752 188 177 175
-20.565 28.811 0.776 149 132 122
-20.662 28.823 0.752 192 166 141
-20.573 28.813 0.754 173 164 165
-20.632 28.821 0.740 197 185 185
-20.598 28.819 0.709 216 229 246
-20.689 28.826 0.760 196 183 174
-20.648 28.823 0.736 199 186 180
-20.601 28.817 0.746 193 183 184
-20.583 28.816 0.727 183 181 202
-20.653 28.823 0.748 193 175 153
-20.609 28.818 0.747 192 180 180
-20.624 28.818 0.768 176 159 141
-20.628 28.822 0.723 206 207 227
-20.680 29.372 0.767 124 123 131
-20.644 29.327 0.748 134 129 125
-20.660 29.362 0.755 121 117 134
-20.682 29.418 0.761 133 138 142
-20.650 29.357 0.748 117 127 128
-20.681 29.427 0.759 187 185 206
-20.679 29.429 0.757 173 172 190
-20.659 29.345 0.756 149 139 130
-20.659 29.377 0.751 160 162 185
-20.671 29.411 0.754 61 61 63
-20.681 29.384 0.766 157 162 181
-20.678 29.430 0.756 75 73 87
-20.667 29.389 0.755 182 188 214
-20.694 29.436 0.766 179 189 216
-20.662 29.393 0.751 142 147 166
-20.671 29.379 0.759 184 187 222
-20.727 29.428 0.792 160 164 173
-20.653 29.348 0.751 136 135 130
-20.700 29.395 0.778 170 174 186
-20.706 29.432 0.776 165 165 167
-20.661 29.394 0.750 89 92 107
-20.691 29.392 0.772 123 129 145
-20.647 29.334 0.750 158 154 145
-20.683 29.383 0.768 152 155 172
-20.680 29.415 0.760 62 62 62
-20.682 29.380 0.767 138 141 160
-20.674 29.407 0.757 63 66 73
-20.681 29.414 0.761 51 56 62
-20.668 29.354 0.761 192 172 165
-20.710 29.425 0.780 127 126 132
-20.685 29.406 0.765 60 64 75
-20.670 29.419 0.752 111 107 106
-20.691 29.431 0.765 198 197 211
-20.681 29.434 0.757 117 121 146
-20.654 29.343 0.753 137 130 122
-20.642 29.317 0.749 142 128 128
-20.679 29.364 0.768 127 122 128
-20.678 29.435 0.755 99 102 119
-20.665 29.363 0.758 127 119 134
-20.687 29.379 0.771 113 120 139
-20.720 29.420 0.788 60 63 72
-20.661 29.338 0.759 185 161 151
-20.664 29.373 0.755 131 134 167
-20.702 29.426 0.774 186 184 189
-20.667 29.418 0.750 123 119 118
-20.682 29.401 0.763 55 62 70
-20.687 29.397 0.768 116 122 136
-20.668 29.426 0.749 162 157 164
-20.675 29.387 0.761 134 140 164
-20.675 29.431 0.754 75 73 87
-20.649 29.339 0.750 135 135 127
-20.656 29.362 0.751 114 118 130
-20.683 29.428 0.760 202 201 219
-20.654 29.332 0.755 168 155 149
-20.657 29.351 0.754 137 133 130
-20.702 29.414 0.776 61 60 66
-20.666 29.343 0.762 194 165 151
-20.688 29.425 0.764 201 202 206
-20.695 29.410 0.772 66 66 74
-20.717 29.437 0.783 201 202 206
-20.687 29.371 0.773 121 120 126
-20.642 29.393 0.741 82 78 79
-20.630 29.393 0.736 79 77 82
-20.613 29.345 0.734 78 79 81
-20.640 29.417 0.738 180 180 180
-20.653 29.389 0.746 190 190 200
-20.607 29.393 0.727 64 68 71
-20.641 29.358 0.744 132 147 142
-20.627 29.313 0.743 145 125 114
-20.634 29.371 0.740 148 142 146
-20.619 29.369 0.734 80 82 81
-20.618 29.377 0.733 86 84 85
-20.613 29.355 0.733 72 76 79
-20.589 29.373 0.722 213 210 217
-20.620 29.352 0.736 117 121 122
-20.563 29.344 0.715 214 213 221
-20.572 29.360 0.716 214 211 218
-20.634 29.322 0.745 179 165 165
-20.605 29.374 0.728 71 70 75
-20.629 29.417 0.734 191 181 179
-20.596 29.359 0.726 98 108 107
-20.586 29.371 0.721 209 206 213
-20.636 29.412 0.737 143 143 145
-20.640 29.329 0.746 229 227 215
-20.601 29.328 0.731 72 70 73
-20.631 29.304 0.745 205 180 183
-20.615 29.352 0.734 79 83 86
-20.658 29.427 0.744 123 130 140
-20.647 29.384 0.744 181 178 185
-20.606 29.366 0.729 70 74 75
-20.611 29.401 0.728 59 59 59
-20.588 29.350 0.724 211 209 210
-20.663 29.435 0.745 81 93 117
-20.625 29.351 0.738 135 141 139
-20.631 29.340 0.742 193 205 185
-20.560 29.345 0.713 210 209 217
-20.649 29.395 0.743 59 59 59
-20.634 29.385 0.738 176 166 174
-20.639 29.422 0.737 145 144 139
-20.632 29.417 0.735 193 183 182
-20.649 29.394 0.743 85 85 87
-20.643 29.330 0.748 176 176 164
-20.596 29.347 0.727 71 76 82
-20.629 29.417 0.733 191 181 179
-20.636 29.320 0.746 179 165 165
-20.652 29.377 0.746 173 171 184
-20.614 29.315 0.738 201 187 184
-20.587 29.365 0.722 210 207 214
-20.612 29.366 0.732 69 73 72
-20.635 29.414 0.736 184 183 188
-20.579 29.368 0.719 209 206 213
-20.599 29.384 0.725 107 108 113
-20.583 29.335 0.723 210 206 207
-20.630 29.398 0.736 78 76 81
-20.654 29.404 0.745 65 67 64
-20.632 29.368 0.739 145 141 142
-20.613 29.363 0.732 69 73 76
-20.589 29.337 0.726 182 180 181
-20.607 29.352 0.731 70 73 78
-20.641 29.420 0.738 180 180 178
-20.615 29.350 0.735 90 91 93
-20.641 29.434 0.737 88 88 86
-20.617 29.335 0.737 177 177 167
-20.593 29.339 0.727 134 132 133
-20.575 29.351 0.718 209 208 213
-20.640 29.367 0.743 134 144 145
-20.637 29.426 0.736 120 119 114
-20.652 29.372 0.747 158 156 170
-20.649 29.374 0.746 167 164 175
-20.612 29.364 0.732 69 73 76
-20.662 29.419 0.746 191 187 184
-20.619 29.327 0.738 213 206 198
-20.648 29.363 0.746 111 122 128
-20.594 29.342 0.727 86 84 85
-20.612 29.338 0.735 92 91 87
-20.621 29.407 0.731 85 81 82
-20.642 29.342 0.746 204 223 201
-20.635 29.387 0.739 141 131 139
-20.626 29.384 0.736 147 140 147
-20.609 29.345 0.733 77 78 82
-20.585 29.381 0.720 210 207 216
-20.590 29.433 0.722 222 222 214
-20.563 29.411 0.714 214 213 218
-20.568 29.402 0.716 214 213 219
-20.560 29.423 0.714 216 218 217
-20.570 29.368 0.716 213 210 219
-20.569 29.373 0.716 215 212 221
-20.562 29.383 0.714 213 210 221
-20.573 29.366 0.717 216 211 218
-20.569 29.406 0.716 214 211 218
-20.628 29.435 0.733 76 77 79
-20.566 29.419 0.715 214 215 217
-20.581 29.413 0.719 213 213 215
-20.614 29.409 0.729 168 162 164
-20.616 29.429 0.729 107 107 99
-20.629 29.428 0.733 102 98 99
-20.589 29.411 0.722 196 198 197
-20.554 29.403 0.712 210 208 213
-20.564 29.420 0.715 213 214 216
-20.577 29.415 0.718 215 215 217
-20.585 29.387 0.720 213 207 217
-20.565 29.405 0.715 214 213 219
-20.598 29.437 0.724 229 228 223
-20.570 29.424 0.716 217 219 218
-20.570 29.430 0.717 221 222 217
-20.573 29.371 0.717 212 209 218
-20.554 29.431 0.712 219 220 222
-20.607 29.421 0.727 151 146 143
-20.580 29.393 0.719 210 205 212
-20.568 29.403 0.716 214 211 218
-20.612 29.420 0.728 156 149 143
-20.561 29.409 0.714 216 215 220
-20.612 29.408 0.728 168 162 164
-20.622 29.415 0.731 183 174 169
-20.580 29.401 0.719 215 210 216
-20.583 29.436 0.720 222 222 212
-20.616 29.424 0.729 126 122 113
-20.611 29.406 0.728 101 99 100
-20.586 29.421 0.721 223 224 218
-20.568 29.416 0.716 212 213 215
-20.596 29.387 0.723 171 172 177
-20.589 29.402 0.722 217 212 219
-20.566 29.410 0.715 211 212 216
-20.594 29.396 0.723 130 131 136
-20.574 29.369 0.717 210 207 214
-20.575 29.367 0.717 213 210 217
-20.536 29.359 0.715 205 204 220
-20.545 29.361 0.713 194 197 214
-20.621 29.196 0.731 178 167 173
-20.722 29.160 0.783 170 175 171
-20.726 29.156 0.787 178 182 183
-20.720 29.157 0.785 176 182 182
-20.728 29.136 0.798 51 62 82
-20.733 29.127 0.804 209 225 251
-20.690 29.163 0.771 203 190 174
-20.708 29.148 0.785 59 68 65
-20.681 29.179 0.760 208 192 192
-20.670 29.179 0.756 214 195 201
-20.659 29.183 0.750 203 180 186
-20.689 29.156 0.774 215 209 197
-20.713 29.158 0.781 166 173 166
-20.700 29.147 0.783 37 48 42
-20.693 29.163 0.772 203 190 174
-20.694 29.166 0.771 205 191 178
-20.704 29.145 0.785 45 55 54
-20.721 29.147 0.790 44 49 52
-20.697 29.157 0.777 213 214 196
-20.656 29.186 0.748 185 163 166
-20.725 29.155 0.787 179 185 185
-20.714 29.148 0.787 55 61 61
-20.702 29.159 0.778 208 210 196
-20.681 29.156 0.772 199 192 186
-20.707 29.163 0.777 206 207 193
-20.711 29.146 0.787 39 45 45
-20.677 29.168 0.764 205 188 194
-20.724 29.146 0.791 42 47 51
-20.717 29.151 0.786 100 109 108
-20.604 29.201 0.722 50 57 73
-20.651 29.180 0.749 217 195 197
-20.607 29.197 0.725 59 63 75
-20.682 29.172 0.764 204 189 186
-20.659 29.188 0.748 158 142 145
-20.711 28.937 0.757 152 120 99
-20.793 28.885 0.756 125 108 90
-20.768 28.866 0.745 172 164 143
-20.776 28.856 0.743 183 175 152
-20.717 28.915 0.751 177 134 117
-20.694 28.868 0.732 163 145 141
-20.816 28.841 0.746 193 181 155
-20.778 28.851 0.742 185 174 152
-20.792 28.857 0.746 185 181 154
-20.727 28.867 0.738 161 139 125
-20.757 28.860 0.741 170 157 138
-20.709 28.828 0.721 178 175 182
-20.692 28.863 0.729 161 151 150
-20.716 28.903 0.747 178 135 116
-20.730 28.904 0.750 181 135 119
-20.783 28.844 0.741 186 175 153
-20.727 28.912 0.752 186 143 126
-20.891 28.826 0.755 144 142 121
-20.869 28.847 0.758 155 142 125
-20.822 28.858 0.753 179 175 150
-20.689 28.835 0.720 207 207 215
-20.724 28.854 0.733 167 148 141
-20.769 28.825 0.732 164 146 134
-20.678 28.840 0.720 207 210 219
-20.812 28.856 0.750 186 180 156
-20.661 28.828 0.712 209 217 236
-20.737 28.821 0.724 160 150 151
-20.738 28.896 0.749 173 136 117
-20.832 28.840 0.749 191 179 153
-20.714 28.863 0.734 165 147 137
-20.649 28.872 0.724 199 211 227
-20.761 28.852 0.739 173 162 142
-20.819 28.829 0.742 196 182 155
-20.791 28.891 0.757 149 122 101
-20.752 28.833 0.731 168 151 141
-20.641 28.844 0.714 200 212 234
-20.672 28.893 0.735 211 187 177
-20.659 28.843 0.717 204 216 232
-20.788 28.885 0.755 139 117 96
-20.758 28.840 0.734 161 148 132
-20.829 28.859 0.754 163 161 136
-20.692 28.889 0.738 164 135 121
-20.715 28.926 0.754 151 114 95
-20.757 28.841 0.735 157 144 127
-20.734 28.876 0.742 123 98 78
-20.717 28.842 0.728 156 145 143
-20.755 28.853 0.738 166 153 136
-20.723 28.842 0.728 163 149 146
-20.693 28.915 0.747 181 144 126
-20.831 28.854 0.753 171 167 140
-20.671 28.839 0.718 212 220 233
-20.702 28.847 0.726 161 149 149
-20.730 28.819 0.723 171 162 167
-20.717 28.836 0.725 152 143 144
-20.744 28.832 0.729 165 151 148
-20.695 28.904 0.744 174 129 108
-20.641 28.828 0.708 210 216 240
-20.693 28.893 0.739 174 136 123
-20.661 28.820 0.710 207 214 233
-20.653 28.858 0.721 209 218 235
-20.689 28.894 0.739 179 143 129
-20.747 28.851 0.736 165 147 135
-20.708 28.927 0.753 160 122 101
-20.697 28.885 0.737 148 120 106
-20.851 28.843 0.753 169 157 133
-20.709 28.920 0.751 174 131 112
-20.709 28.826 0.721 194 191 200
-20.699 28.901 0.743 179 133 109
-20.707 28.899 0.744 182 140 118
-20.689 28.905 0.742 160 125 106
-20.794 28.868 0.751 169 168 147
-20.781 28.838 0.738 181 169 147
-20.864 28.824 0.749 156 151 122
-20.738 28.914 0.755 181 138 121
-20.760 28.893 0.752 162 128 103
-20.767 28.890 0.753 151 121 97
-20.630 28.823 0.705 213 215 240
-20.769 28.910 0.759 187 143 116
-20.647 28.862 0.721 208 223 242
-20.703 28.891 0.741 164 127 111
-20.857 28.819 0.747 173 169 140
-20.694 28.896 0.741 171 134 118
-20.819 28.835 0.744 195 181 154
-20.878 28.821 0.751 144 139 117
-20.727 28.839 0.728 165 154 150
-20.766 28.862 0.743 175 164 144
-20.809 28.834 0.742 194 180 153
-20.759 28.884 0.749 128 104 80
-20.708 28.840 0.725 150 140 141
-20.815 28.860 0.752 182 177 155
-20.749 28.853 0.737 167 151 136
-20.833 28.852 0.753 176 166 141
-20.665 28.866 0.726 154 156 168
-20.840 28.863 0.757 149 147 124
-20.722 28.881 0.741 121 92 76
-20.797 28.823 0.736 192 174 150
-20.892 28.828 0.756 152 150 129
-20.735 28.821 0.724 164 155 158
-20.665 28.843 0.718 208 217 232
-20.786 28.852 0.744 190 179 157
-20.624 28.843 0.710 205 215 240
-20.734 28.908 0.752 183 138 119
-20.795 28.883 0.755 125 108 90
-20.689 28.878 0.734 147 127 116
-20.779 28.883 0.753 125 107 87
-20.816 28.823 0.740 192 178 151
-20.744 28.909 0.754 181 138 119
-20.732 28.902 0.750 178 133 114
-20.733 28.838 0.729 169 156 150
-20.799 28.853 0.747 191 183 160
-20.748 28.840 0.733 173 156 146
-20.794 28.819 0.735 180 162 140
-20.710 28.926 0.753 156 118 97
-20.709 28.860 0.732 162 147 142
-20.709 28.881 0.739 135 103 88
-20.694 28.892 0.739 176 143 128
-20.779 28.840 0.739 178 166 144
-20.705 28.854 0.729 163 149 146
-20.666 28.867 0.726 143 143 151
-20.891 28.833 0.757 157 155 134
-20.792 28.840 0.741 188 176 150
-20.633 28.831 0.708 209 215 241
-20.754 28.860 0.740 168 155 136
-20.742 28.860 0.738 161 145 130
-20.887 28.833 0.757 156 154 133
-20.859 28.843 0.755 158 146 124
-20.732 28.868 0.739 157 138 121
-20.806 28.855 0.748 188 180 157
-20.778 28.826 0.734 171 154 136
-20.796 28.854 0.746 187 183 156
-20.764 28.858 0.741 176 165 145
-20.767 28.892 0.753 160 128 103
-20.704 28.878 0.737 135 107 93
-20.873 28.827 0.752 149 143 117
-20.694 28.899 0.741 171 134 118
-20.766 28.895 0.754 172 136 112
-20.796 28.863 0.749 176 174 151
-20.674 28.858 0.725 149 154 158
-20.751 28.865 0.741 164 149 130
-20.617 28.830 0.705 215 219 244
-20.705 28.842 0.725 156 146 147
-20.764 28.873 0.746 149 134 113
-20.788 28.872 0.751 161 156 137
-20.713 28.921 0.752 161 120 102
-20.727 28.927 0.757 153 116 100
-20.807 28.819 0.737 188 172 146
-20.776 28.885 0.753 140 115 93
-20.766 28.880 0.749 123 102 81
-20.756 28.893 0.751 164 130 105
-20.664 28.882 0.730 213 209 210
-20.706 28.831 0.722 179 174 180
-20.646 28.847 0.716 202 215 234
-20.745 28.922 0.759 147 107 95
-20.691 28.917 0.747 182 144 125
-20.735 28.879 0.743 114 87 66
-20.736 28.838 0.730 172 157 150
-20.743 28.921 0.758 145 105 93
-20.722 28.879 0.740 118 89 71
-20.809 28.881 0.757 111 99 85
-20.712 28.897 0.744 181 139 125
-20.726 28.884 0.743 121 88 69
-20.756 28.893 0.751 164 130 105
-20.754 28.848 0.736 159 148 128
-20.737 28.886 0.745 134 103 82
-20.703 28.919 0.750 180 138 116
-20.694 28.826 0.718 211 211 221
-20.704 28.845 0.726 161 149 149
-20.761 28.830 0.732 166 149 139
-20.705 28.924 0.752 159 121 100
-20.630 28.833 0.708 209 215 241
-20.782 28.850 0.742 187 176 154
-20.874 28.827 0.752 144 138 114
-20.808 28.855 0.749 187 179 156
-20.765 28.830 0.733 166 149 139
-20.724 28.869 0.738 152 129 115
-20.800 28.835 0.741 191 177 150
-20.695 28.840 0.722 174 172 177
-20.680 28.827 0.716 213 217 229
-20.800 28.885 0.757 135 112 94
-20.648 28.851 0.717 206 219 235
-20.629 28.842 0.711 200 210 235
-20.751 28.887 0.748 134 106 82
-20.735 28.897 0.749 175 137 118
-20.753 28.889 0.749 149 117 92
-20.658 28.875 0.727 179 182 191
-20.698 28.857 0.729 159 153 153
-20.629 28.847 0.712 201 213 237
-20.711 28.875 0.737 149 127 113
-20.744 28.875 0.743 136 116 92
-20.688 28.904 0.742 160 125 106
-20.746 28.824 0.727 157 145 145
-20.681 28.823 0.714 211 214 229
-20.747 28.853 0.737 166 150 135
-20.739 28.872 0.741 146 125 106
-20.853 28.831 0.750 173 162 132
-20.737 28.869 0.740 157 138 121
-20.761 28.846 0.737 165 154 134
-20.834 28.823 0.743 191 182 153
-20.774 28.825 0.733 164 146 132
-20.777 28.848 0.741 185 174 152
-20.721 28.825 0.723 156 149 156
-20.794 28.867 0.750 169 167 146
-20.657 28.881 0.729 225 225 227
-20.754 28.833 0.732 167 150 140
-20.701 28.928 0.752 167 129 108
-20.714 28.858 0.732 164 147 140
-20.680 28.890 0.736 202 174 162
-20.763 28.826 0.731 166 148 138
-20.731 28.845 0.731 167 152 145
-20.695 28.886 0.737 148 120 106
-20.739 28.896 0.749 173 136 117
-20.681 28.865 0.728 154 145 146
-20.619 29.011 0.719 160 146 135
-20.601 29.058 0.713 218 228 255
-20.614 29.069 0.720 218 226 245
-20.607 28.869 0.706 190 197 223
-20.596 29.152 0.716 104 110 124
-20.627 28.860 0.714 213 221 242
-20.633 28.899 0.719 208 190 168
-20.598 28.970 0.707 223 236 253
-20.682 28.924 0.743 190 137 105
-20.601 28.936 0.706 225 237 251
-20.687 28.960 0.748 189 180 183
-20.626 28.888 0.715 195 181 178
-20.675 28.914 0.740 170 128 104
-20.706 28.939 0.756 150 119 98
-20.615 28.917 0.712 199 176 168
-20.618 28.978 0.717 196 164 153
-20.656 28.979 0.734 202 152 119
-20.597 29.027 0.709 220 232 255
-20.640 28.871 0.721 215 222 241
-20.608 28.851 0.705 193 200 229
-20.634 29.068 0.729 229 233 245
-20.645 28.917 0.726 188 139 107
-20.612 29.089 0.720 218 229 249
-20.673 28.961 0.741 172 141 123
-20.626 29.030 0.723 210 208 209
-20.700 28.961 0.754 103 105 126
-20.635 29.071 0.729 229 232 247
-20.704 28.956 0.756 104 102 115
-20.630 28.919 0.719 105 83 46
-20.595 29.066 0.711 218 225 253
-20.631 28.924 0.720 109 81 41
-20.674 28.928 0.740 188 135 101
-20.619 28.945 0.715 210 174 152
-20.625 28.891 0.715 195 182 174
-20.598 29.183 0.718 54 49 53
-20.619 29.082 0.723 219 231 247
-20.615 28.848 0.708 209 219 244
-20.591 29.076 0.709 219 226 254
-20.636 29.092 0.731 179 166 173
-20.616 28.952 0.714 200 174 161
-20.671 28.985 0.742 181 136 107
-20.606 29.014 0.713 215 226 255
-20.657 28.951 0.733 194 145 112
-20.675 28.933 0.741 212 163 133
-20.601 29.134 0.717 215 225 252
-20.644 29.017 0.731 207 155 131
-20.690 28.931 0.748 176 129 103
-20.634 29.079 0.729 235 231 246
-20.645 28.923 0.726 203 150 118
-20.664 28.928 0.735 186 137 105
-20.618 28.972 0.716 198 165 150
-20.610 28.896 0.709 185 181 196
-20.644 29.008 0.730 207 157 134
-20.618 29.091 0.723 215 227 243
-20.604 29.079 0.715 218 228 255
-20.592 29.189 0.716 126 125 123
-20.608 28.864 0.706 185 195 222
-20.639 29.072 0.731 231 231 243
-20.654 28.999 0.735 197 156 126
-20.638 28.930 0.723 157 113 76
-20.612 29.124 0.721 218 232 255
-20.651 29.071 0.737 252 247 243
-20.688 28.976 0.749 207 208 212
-20.631 28.917 0.719 105 83 46
-20.614 29.045 0.718 222 227 247
-20.614 29.122 0.723 217 232 255
-20.637 29.100 0.732 193 182 188
-20.603 28.989 0.710 220 236 252
-20.607 28.973 0.711 189 190 194
-20.660 28.995 0.737 203 160 128
-20.644 28.945 0.727 198 139 109
-20.648 29.079 0.736 231 227 228
-20.671 28.919 0.738 201 151 118
-20.608 28.977 0.712 189 185 186
-20.690 28.926 0.747 182 135 107
-20.627 28.998 0.722 139 105 80
-20.668 28.902 0.736 162 133 115
-20.607 29.016 0.713 216 230 255
-20.690 28.969 0.750 187 187 195
-20.703 28.962 0.756 93 98 120
-20.630 28.860 0.716 219 230 252
-20.614 28.878 0.709 188 187 205
-20.594 29.136 0.714 216 223 249
-20.674 29.008 0.744 208 171 142
-20.615 29.137 0.724 212 226 253
-20.607 29.158 0.721 97 102 122
-20.625 28.899 0.715 197 180 162
-20.623 28.899 0.714 196 177 163
-20.643 28.911 0.725 174 130 105
-20.592 29.131 0.713 217 223 247
-20.703 28.966 0.756 84 92 115
-20.656 29.042 0.738 186 129 100
-20.625 28.876 0.714 198 187 201
-20.621 28.953 0.717 203 168 138
-20.617 28.861 0.710 188 194 218
-20.631 29.102 0.729 173 170 181
-20.623 28.939 0.717 182 147 107
-20.618 29.016 0.719 197 197 197
-20.628 28.864 0.715 209 215 237
-20.621 28.929 0.715 214 179 147
-20.663 28.962 0.737 199 150 117
-20.622 29.099 0.725 217 226 241
-20.594 29.025 0.708 220 232 255
-20.618 28.885 0.711 191 181 189
-20.690 28.988 0.751 201 196 190
-20.604 28.970 0.710 226 240 253
-20.625 28.852 0.713 205 222 242
-20.659 28.959 0.735 198 148 115
-20.635 28.925 0.722 150 107 72
-20.643 28.938 0.726 173 116 86
-20.608 29.061 0.716 214 229 250
-20.646 28.951 0.728 192 132 104
-20.685 29.000 0.749 214 203 185
-20.668 29.018 0.742 170 124 98
-20.670 28.990 0.742 184 137 107
-20.665 28.897 0.734 227 204 198
-20.639 28.956 0.725 178 119 85
-20.645 29.078 0.735 243 239 240
-20.609 29.051 0.716 217 230 249
-20.640 28.875 0.721 219 222 239
-20.608 29.027 0.715 220 228 251
-20.628 28.939 0.719 149 116 71
-20.652 29.021 0.735 201 154 128
-20.659 28.990 0.736 208 157 126
-20.663 28.941 0.736 186 136 103
-20.609 28.980 0.713 189 187 190
-20.643 29.042 0.732 193 145 123
-20.614 28.994 0.715 177 170 162
-20.603 29.107 0.717 218 225 251
-20.618 29.140 0.725 208 224 255
-20.635 28.924 0.722 144 104 69
-20.695 28.979 0.753 138 145 151
-20.688 28.951 0.748 170 155 158
-20.616 28.878 0.710 191 187 202
-20.684 28.994 0.748 228 209 194
-20.667 28.940 0.737 184 137 107
-20.637 28.921 0.722 150 111 78
-20.611 29.096 0.720 220 231 253
-20.614 28.931 0.712 201 173 161
-20.606 28.916 0.707 212 217 223
-20.674 28.994 0.743 193 151 126
-20.615 28.994 0.716 177 170 162
-20.615 28.997 0.716 176 169 163
-20.664 28.907 0.734 153 119 94
-20.635 29.103 0.731 192 185 193
-20.621 28.988 0.718 189 157 144
-20.674 29.013 0.745 204 169 141
-20.690 28.957 0.749 169 158 164
-20.618 29.113 0.724 210 223 242
-20.658 29.053 0.739 184 137 117
-20.681 29.007 0.748 219 195 169
-20.604 28.980 0.710 218 234 249
-20.707 28.960 0.757 87 89 104
-20.615 29.125 0.723 213 227 253
-20.647 28.928 0.727 204 151 117
-20.600 29.056 0.712 218 228 255
-20.592 29.108 0.711 217 224 252
-20.610 29.019 0.715 210 225 248
-20.683 28.976 0.747 221 211 209
-20.596 29.000 0.707 217 229 253
-20.591 29.136 0.712 217 223 245
-20.614 29.001 0.716 172 167 163
-20.633 28.981 0.724 170 127 95
-20.606 28.921 0.708 212 216 219
-20.619 28.926 0.714 206 174 153
-20.600 29.111 0.715 218 224 255
-20.651 28.960 0.731 201 148 116
-20.648 28.930 0.728 183 129 93
-20.689 28.996 0.751 199 193 181
-20.673 28.923 0.739 201 147 111
-20.593 29.128 0.713 215 221 245
-20.615 29.045 0.719 223 225 246
-20.657 29.022 0.737 199 152 126
-20.652 28.935 0.730 192 138 104
-20.614 28.886 0.710 186 182 196
-20.644 28.931 0.726 181 125 92
-20.656 28.956 0.733 198 148 115
-20.630 29.050 0.726 226 232 246
-20.677 28.929 0.742 211 161 128
-20.630 29.063 0.727 221 227 239
-20.695 28.927 0.750 179 135 110
-20.606 29.063 0.715 212 228 251
-20.627 28.906 0.717 180 166 140
-20.634 29.083 0.730 243 237 251
-20.602 28.965 0.708 216 230 243
-20.637 28.869 0.720 216 224 245
-20.631 29.031 0.725 152 132 123
-20.636 28.938 0.723 160 115 76
-20.639 28.969 0.726 184 125 91
-20.629 29.030 0.725 172 161 157
-20.639 28.935 0.724 159 106 72
-20.618 29.071 0.721 220 226 240
-20.672 28.951 0.740 151 114 88
-20.604 29.058 0.714 212 228 251
-20.666 28.905 0.735 152 120 99
-20.644 29.083 0.735 223 215 213
-20.609 29.103 0.719 217 227 252
-20.652 29.044 0.736 203 143 117
-20.681 28.978 0.746 215 197 185
-20.642 28.939 0.726 173 116 86
-20.630 28.925 0.719 109 81 41
-20.625 29.112 0.727 177 183 199
-20.608 28.893 0.707 203 200 219
-20.641 28.967 0.726 196 133 102
-20.619 28.879 0.711 192 184 197
-20.593 29.115 0.712 216 223 251
-20.614 29.069 0.719 217 228 246
-20.635 29.093 0.731 137 124 131
-20.608 28.955 0.711 182 177 174
-20.695 28.949 0.751 162 146 149
-20.640 29.073 0.732 231 231 243
-20.614 29.032 0.718 221 229 248
-20.618 29.112 0.724 210 223 242
-20.691 28.964 0.750 155 154 162
-20.604 29.023 0.712 215 229 255
-20.615 29.137 0.724 212 226 253
-20.666 29.028 0.742 179 127 103
-20.616 28.896 0.711 184 175 180
-20.640 28.917 0.723 150 106 77
-20.680 28.966 0.745 207 190 183
-20.645 28.895 0.725 205 177 166
-20.630 29.008 0.724 165 122 103
-20.646 28.955 0.728 197 138 108
-20.711 28.952 0.759 112 101 95
-20.664 28.944 0.736 196 143 111
-20.687 28.939 0.747 145 108 89
-20.619 29.115 0.725 213 225 247
-20.605 29.029 0.713 216 224 247
-20.592 29.154 0.714 103 91 91
-20.623 28.953 0.718 183 149 111
-20.622 28.913 0.715 200 174 151
-20.597 29.010 0.709 217 229 253
-20.649 29.010 0.733 204 157 129
-20.604 28.968 0.709 219 233 246
-20.657 28.981 0.735 204 153 122
-20.674 28.956 0.742 175 142 123
-20.618 29.075 0.722 221 229 242
-20.614 29.015 0.716 215 222 232
-20.626 28.881 0.715 193 180 187
-20.667 28.910 0.736 161 124 97
-20.596 29.021 0.708 219 231 255
-20.687 29.033 0.755 157 156 126
-20.650 29.118 0.744 161 163 158
-20.645 29.169 0.749 208 188 199
-20.674 29.080 0.754 187 136 107
-20.697 29.077 0.770 209 156 125
-20.700 28.987 0.757 150 155 159
-20.649 29.107 0.742 196 184 184
-20.693 29.140 0.778 59 60 62
-20.606 29.174 0.722 65 68 77
-20.646 29.152 0.747 153 147 159
-20.688 29.086 0.765 180 129 98
-20.706 29.088 0.779 202 149 118
-20.711 29.130 0.789 103 104 108
-20.700 29.043 0.767 161 164 133
-20.684 29.128 0.770 87 93 91
-20.693 29.034 0.760 166 171 139
-20.712 29.127 0.789 117 120 129
-20.647 29.090 0.737 144 129 126
-20.729 29.125 0.802 206 221 250
-20.709 29.135 0.789 70 71 73
-20.678 29.069 0.756 159 114 83
-20.704 29.100 0.779 160 124 100
-20.711 29.012 0.769 91 91 99
-20.660 29.156 0.758 200 191 208
-20.662 29.068 0.744 154 117 98
-20.713 28.979 0.765 83 87 98
-20.635 29.141 0.737 48 45 54
-20.676 29.138 0.766 58 61 66
-20.692 29.064 0.764 160 125 95
-20.665 29.153 0.761 136 129 145
-20.693 29.095 0.771 143 92 65
-20.627 29.143 0.731 31 37 61
-20.690 29.140 0.776 55 57 56
-20.642 29.127 0.740 151 150 155
-20.717 28.998 0.771 99 100 118
-20.666 29.157 0.762 192 180 200
-20.688 29.044 0.758 175 170 140
-20.659 29.073 0.743 232 204 190
-20.658 29.104 0.747 199 179 168
-20.718 29.013 0.774 128 126 140
-20.703 28.969 0.756 87 95 116
-20.666 29.055 0.745 171 125 101
-20.657 29.089 0.744 165 133 118
-20.652 29.125 0.746 155 161 159
-20.697 29.063 0.768 167 133 105
-20.673 29.098 0.756 158 112 88
-20.726 29.075 0.790 176 123 92
-20.721 29.116 0.795 209 212 231
-20.709 28.976 0.761 86 92 104
-20.724 29.074 0.789 176 123 92
-20.694 28.995 0.754 115 116 110
-20.692 29.138 0.777 64 61 54
-20.709 28.980 0.762 77 81 90
-20.699 28.997 0.758 108 109 104
-20.680 29.054 0.754 175 151 125
-20.710 29.022 0.770 159 159 159
-20.720 29.036 0.780 170 169 149
-20.709 29.084 0.780 192 139 107
-20.714 29.120 0.790 151 150 158
-20.695 29.129 0.778 78 75 66
-20.637 29.174 0.744 197 183 198
-20.659 29.070 0.742 214 186 172
-20.696 29.096 0.773 154 100 72
-20.678 29.096 0.760 159 114 85
-20.626 29.159 0.734 136 136 162
-20.666 29.105 0.753 168 133 113
-20.674 29.139 0.765 51 53 52
-20.611 29.186 0.728 82 76 80
-20.632 29.135 0.734 49 49 61
-20.683 29.077 0.760 199 150 118
-20.707 29.127 0.786 131 130 128
-20.605 29.183 0.723 59 62 69
-20.631 29.162 0.738 148 143 166
-20.642 29.160 0.745 173 160 177
-20.697 29.065 0.768 154 117 88
-20.707 29.096 0.781 143 99 72
-20.725 29.049 0.786 170 168 129
-20.702 29.066 0.772 151 122 82
-20.719 29.081 0.787 204 149 119
-20.694 29.001 0.755 97 98 90
-20.717 29.056 0.781 179 170 129
-20.717 29.131 0.794 158 165 181
-20.609 29.191 0.727 65 62 69
-20.625 29.143 0.730 41 52 82
-20.730 29.114 0.801 208 214 238
-20.635 29.154 0.740 144 137 155
-20.730 29.120 0.801 214 228 255
-20.713 28.955 0.761 113 104 97
-20.673 29.063 0.751 175 130 101
-20.711 29.055 0.777 178 169 130
-20.692 29.004 0.754 121 119 107
-20.685 29.045 0.756 174 169 140
-20.716 29.069 0.783 149 111 74
-20.709 29.004 0.766 90 93 98
-20.694 29.137 0.779 70 65 59
-20.604 29.182 0.722 65 68 75
-20.685 29.017 0.751 171 165 139
-20.716 29.038 0.777 171 171 145
-20.728 29.129 0.802 211 225 251
-20.671 29.037 0.745 195 149 125
-20.710 29.093 0.782 183 137 111
-20.675 29.065 0.753 163 118 87
-20.660 29.074 0.744 232 204 190
-20.692 28.994 0.752 154 151 144
-20.626 29.175 0.736 166 155 171
-20.660 29.101 0.748 198 166 151
-20.697 28.982 0.754 116 124 126
-20.705 29.052 0.772 178 172 136
-20.726 29.121 0.799 214 225 253
-20.670 29.095 0.754 165 115 90
-20.721 29.108 0.793 229 212 218
-20.648 29.113 0.742 178 170 168
-20.718 28.984 0.769 180 179 193
-20.653 29.163 0.754 203 190 200
-20.597 29.196 0.719 46 46 54
-20.651 29.127 0.746 123 129 129
-20.694 29.065 0.766 161 124 95
-20.656 29.085 0.742 158 134 122
-20.703 29.129 0.784 104 101 96
-20.720 29.050 0.782 178 174 136
-20.658 29.144 0.754 44 42 53
-20.660 29.117 0.751 158 148 139
-20.709 29.062 0.776 160 138 97
-20.684 29.017 0.751 171 165 139
-20.709 29.063 0.777 160 138 97
-20.721 29.011 0.776 126 123 140
-20.686 29.129 0.771 81 86 82
-20.633 29.134 0.734 82 82 94
-20.658 29.066 0.740 164 142 131
-20.609 29.180 0.725 67 66 72
-20.674 29.079 0.754 198 147 116
-20.696 29.041 0.764 169 174 142
-20.646 29.111 0.740 184 175 176
-20.652 29.151 0.751 160 157 166
-20.655 29.119 0.748 158 155 150
-20.618 29.165 0.729 181 182 203
-20.682 29.042 0.754 160 146 119
-20.701 29.098 0.777 166 127 98
-20.687 29.095 0.766 146 101 72
-20.719 29.085 0.787 202 149 118
-20.623 29.141 0.729 41 52 82
-20.642 29.157 0.745 171 160 176
-20.715 29.029 0.775 209 209 201
-20.689 29.140 0.776 55 57 56
-20.686 29.058 0.759 177 152 122
-20.668 29.127 0.759 54 45 46
-20.664 29.127 0.755 77 68 69
-20.660 29.144 0.756 54 52 63
-20.724 29.069 0.789 160 117 83
-20.696 29.025 0.760 156 162 134
-20.708 29.121 0.786 147 143 142
-20.708 29.115 0.784 177 167 165
-20.653 29.092 0.742 151 122 114
-20.694 29.107 0.774 182 154 133
-20.673 29.065 0.751 162 115 85
-20.654 29.162 0.754 203 190 200
-20.657 29.154 0.755 200 194 206
-20.673 29.036 0.746 213 176 150
-20.689 29.145 0.776 50 50 48
-20.660 29.123 0.752 136 131 127
-20.666 29.071 0.747 151 106 83
-20.712 29.072 0.780 155 111 74
-20.672 29.109 0.758 120 99 82
-20.615 29.177 0.729 99 90 95
-20.655 29.150 0.753 106 103 114
-20.680 29.044 0.752 172 156 131
-20.653 29.083 0.740 187 170 160
-20.606 29.172 0.722 69 71 83
-20.667 29.049 0.744 164 114 91
-20.690 29.081 0.766 194 143 112
-20.686 29.069 0.761 152 113 82
-20.609 29.184 0.726 66 65 70
-20.589 29.055 0.708 216 226 251
-20.583 29.174 0.712 176 155 134
-20.580 29.128 0.710 217 223 239
-20.587 29.139 0.712 213 211 222
-20.588 29.121 0.711 219 225 249
-20.575 29.163 0.710 201 176 156
-20.573 29.168 0.710 211 194 184
-20.585 29.072 0.708 216 226 251
-20.588 29.177 0.714 156 139 121
-20.582 29.133 0.710 224 230 246
-20.571 29.184 0.711 216 214 219
-20.582 29.158 0.711 183 153 129
-20.577 29.178 0.711 200 189 183
-20.589 29.172 0.714 148 127 106
-20.579 29.170 0.712 185 160 138
-20.585 29.102 0.709 217 224 252
-20.588 29.144 0.712 155 148 155
-20.588 29.196 0.715 217 218 222
-20.590 29.148 0.712 133 122 126
-20.583 29.120 0.710 222 227 247
-20.868 28.812 0.756 206 210 221
-20.821 28.811 0.756 182 175 169
-20.782 28.814 0.757 167 154 135
-20.855 28.813 0.757 210 213 220
-20.856 28.814 0.757 206 209 218
-20.715 28.817 0.757 185 176 167
-20.775 28.817 0.757 134 122 100
-20.767 28.816 0.757 127 116 94
-20.746 28.820 0.758 174 165 148
-20.771 28.813 0.756 130 119 99
-20.717 28.817 0.757 184 176 165
-20.863 28.813 0.756 207 209 221
-20.717 28.817 0.757 184 176 165
-20.761 28.818 0.758 135 123 101
-20.870 28.812 0.756 204 208 220
-20.883 28.817 0.757 204 211 227
-20.820 28.819 0.758 194 189 186
-20.862 28.819 0.758 207 213 227
-20.767 28.813 0.757 127 116 94
-20.788 28.822 0.759 202 189 170
-20.834 28.817 0.757 209 207 210
-20.711 28.812 0.766 173 166 158
-20.688 28.821 0.763 193 186 178
-20.676 28.822 0.764 189 180 171
-20.626 28.816 0.772 176 150 127
-20.597 28.814 0.775 165 140 120
-20.627 28.815 0.772 181 157 133
-20.643 28.813 0.771 202 187 166
-20.666 28.810 0.770 168 163 157
-20.656 28.813 0.770 186 178 167
-20.646 28.811 0.772 170 159 141
-20.660 28.810 0.771 171 164 156
-20.698 28.812 0.766 185 175 173
-20.654 28.811 0.771 165 158 148
-20.657 28.812 0.770 186 178 167
-20.834 28.994 0.924 168 162 174
-20.837 28.961 0.923 163 158 181
-20.839 28.956 0.924 171 168 185
-20.831 28.901 0.900 175 133 108
-20.841 28.955 0.929 168 164 178
-20.839 29.003 0.934 130 119 115
-20.838 28.979 0.928 183 170 190
-20.830 28.944 0.907 146 144 147
-20.838 28.931 0.918 162 159 176
-20.840 28.972 0.930 156 142 157
-20.839 28.992 0.932 185 169 169
-20.836 28.995 0.927 183 173 181
-20.839 28.976 0.929 172 159 177
-20.832 28.922 0.906 150 138 138
-20.840 28.944 0.924 174 176 191
-20.830 28.944 0.908 146 144 147
-20.840 28.993 0.934 174 157 150
-20.837 29.039 0.938 167 147 148
-20.827 28.894 0.893 195 157 134
-20.836 29.023 0.933 126 113 130
-20.834 28.948 0.915 146 148 163
-20.834 28.947 0.914 142 144 159
-20.762 29.043 0.829 196 166 128
-20.746 29.002 0.805 156 156 158
-20.722 28.981 0.774 138 122 99
-20.782 28.929 0.840 214 205 198
-20.734 29.123 0.806 60 65 68
-20.766 28.949 0.823 207 202 198
-20.783 28.986 0.849 200 198 209
-20.733 29.098 0.800 191 188 197
-20.772 28.944 0.830 242 242 230
-20.725 29.004 0.779 152 140 114
-20.732 29.107 0.801 186 189 196
-20.739 29.057 0.804 181 137 112
-20.786 28.966 0.849 176 175 154
-20.748 29.024 0.810 164 161 128
-20.739 29.104 0.809 225 232 251
-20.729 28.967 0.780 117 114 109
-20.804 28.916 0.866 160 130 119
-20.794 28.939 0.857 254 251 244
-20.736 29.008 0.793 181 175 161
-20.729 29.082 0.794 140 124 109
-20.728 29.017 0.785 161 158 127
-20.782 28.942 0.842 252 252 244
-20.768 28.954 0.826 199 191 189
-20.797 28.918 0.857 147 121 106
-20.748 29.065 0.816 182 142 116
-20.717 28.948 0.764 195 167 146
-20.758 29.018 0.822 190 182 163
-20.739 29.063 0.804 193 151 129
-20.790 28.964 0.854 180 176 147
-20.757 29.043 0.823 177 155 114
-20.760 29.022 0.825 189 175 148
-20.776 28.985 0.840 193 192 208
-20.778 28.956 0.839 182 184 171
-20.728 28.943 0.777 119 110 105
-20.789 28.917 0.847 158 129 111
-20.783 28.946 0.844 249 247 235
-20.752 28.983 0.810 125 117 138
-20.788 28.915 0.845 167 136 118
-20.800 28.890 0.857 164 156 154
-20.790 28.917 0.848 158 129 111
-20.746 28.966 0.801 152 147 153
-20.793 28.925 0.854 194 178 163
-20.767 28.912 0.819 169 138 117
-20.747 29.018 0.808 166 166 142
-20.743 29.057 0.808 173 130 98
-20.790 28.969 0.854 174 177 150
-20.784 28.949 0.845 231 227 215
-20.729 28.991 0.783 109 104 84
-20.729 28.944 0.777 119 110 105
-20.734 29.017 0.792 165 164 134
-20.810 28.889 0.869 167 148 141
-20.771 28.968 0.832 170 159 167
-20.780 28.974 0.843 168 167 173
-20.739 28.969 0.793 148 149 154
-20.718 28.976 0.768 219 196 165
-20.763 29.014 0.827 201 187 176
-20.758 29.006 0.821 181 173 170
-20.731 29.106 0.800 151 152 154
-20.744 29.003 0.803 169 157 157
-20.729 28.943 0.778 119 110 105
-20.722 28.992 0.774 142 126 101
-20.738 29.040 0.801 170 147 115
-20.742 29.067 0.809 182 145 126
-20.726 28.955 0.775 127 119 108
-20.741 28.934 0.791 158 143 122
-20.739 29.074 0.805 160 132 120
-20.758 28.965 0.815 209 201 216
-20.734 29.062 0.798 197 156 138
-20.763 29.016 0.827 200 187 170
-20.745 28.959 0.799 125 121 118
-20.803 28.912 0.864 173 141 128
-20.758 29.033 0.823 191 176 135
-20.772 29.017 0.839 187 168 151
-20.733 29.120 0.804 86 92 90
-20.743 29.071 0.809 170 137 120
-20.751 29.044 0.817 156 137 95
-20.723 28.952 0.771 182 168 155
-20.758 29.051 0.825 138 109 69
-20.742 28.960 0.795 108 113 109
-20.729 29.056 0.791 154 113 91
-20.738 29.007 0.796 187 179 168
-20.749 28.962 0.804 163 161 164
-20.745 28.965 0.799 153 146 153
-20.756 28.944 0.810 213 216 209
-20.747 29.022 0.808 165 164 134
-20.761 29.010 0.824 204 193 187
-20.726 28.980 0.778 111 101 89
-20.724 28.998 0.777 153 141 115
-20.763 28.915 0.816 160 128 105
-20.740 29.037 0.802 170 150 117
-20.745 28.942 0.797 151 152 134
-20.726 28.961 0.776 140 134 120
-20.738 29.082 0.805 190 173 166
-20.751 28.999 0.811 140 137 144
-20.797 28.906 0.856 195 167 156
-20.754 28.959 0.810 193 192 198
-20.776 29.003 0.842 182 168 167
-20.757 29.026 0.822 182 169 137
-20.774 28.965 0.834 185 176 179
-20.804 28.928 0.867 201 186 179
-20.725 28.957 0.775 127 119 108
-20.776 28.951 0.836 217 219 208
-20.764 29.010 0.828 201 188 182
-20.771 28.918 0.825 154 131 113
-20.776 28.986 0.840 193 192 208
-20.726 28.986 0.778 109 97 85
-20.738 29.067 0.803 179 143 129
-20.799 28.891 0.857 182 171 169
-20.752 29.045 0.818 163 144 102
-20.741 29.050 0.805 143 110 75
-20.742 29.087 0.811 216 215 220
-20.788 28.957 0.851 181 175 149
-20.778 28.971 0.841 158 157 162
-20.738 29.021 0.797 171 170 139
-20.762 28.992 0.824 150 138 158
-20.762 28.978 0.821 172 156 182
-20.733 28.950 0.783 98 93 89
-20.730 28.964 0.781 103 100 95
-20.738 29.057 0.802 159 117 93
-20.805 28.897 0.865 195 166 158
-20.751 28.976 0.808 151 144 160
-20.745 29.000 0.804 149 150 155
-20.751 28.953 0.806 179 180 175
-20.757 29.019 0.821 188 178 153
-20.726 29.017 0.783 160 157 126
-20.781 28.933 0.840 252 253 245
-20.742 28.990 0.799 126 115 131
-20.741 28.983 0.797 129 123 135
-20.763 29.038 0.830 199 174 134
-20.736 29.104 0.806 223 226 243
-20.777 29.005 0.843 182 168 167
-20.730 29.034 0.789 167 152 123
-20.776 28.954 0.836 199 201 190
-20.817 28.888 0.878 147 135 119
-20.788 28.911 0.845 186 153 136
-20.738 29.072 0.803 168 136 125
-20.740 28.997 0.798 137 126 132
-20.805 28.920 0.867 150 130 121
-20.761 29.048 0.829 137 103 65
-20.729 28.991 0.783 95 92 77
-20.797 28.913 0.857 174 141 126
-20.793 28.935 0.854 255 255 248
-20.728 29.027 0.787 156 147 116
-20.757 28.963 0.814 202 199 210
-20.731 29.008 0.788 166 162 137
-20.799 28.895 0.857 196 181 178
-20.767 28.984 0.828 177 163 186
-20.760 28.925 0.812 192 173 156
-20.742 29.023 0.802 169 166 133
-20.773 28.939 0.830 245 249 234
-20.745 29.066 0.812 178 140 117
-20.741 29.001 0.799 161 149 153
-20.780 28.986 0.845 201 201 213
-20.776 28.981 0.839 166 163 184
-20.742 29.007 0.801 183 172 166
-20.734 28.962 0.785 93 92 90
-20.803 28.908 0.863 183 149 137
-20.749 29.058 0.815 167 129 93
-20.774 28.916 0.828 152 129 113
-20.740 29.036 0.802 170 152 114
-20.757 28.990 0.817 142 133 152
-20.725 28.990 0.778 117 105 93
-20.740 28.964 0.793 138 142 145
-20.719 28.967 0.768 223 207 181
-20.736 28.969 0.790 139 138 143
-20.798 28.929 0.859 217 200 192
-20.725 28.999 0.780 143 135 112
-20.729 28.949 0.779 115 108 102
-20.765 28.986 0.827 172 158 181
-20.746 29.114 0.821 107 123 139
-20.786 29.032 0.861 200 185 130
-20.815 28.933 0.884 239 236 231
-20.828 28.962 0.909 146 143 162
-20.819 29.032 0.910 155 144 142
-20.803 28.970 0.874 142 138 129
-20.816 28.969 0.892 142 150 171
-20.818 28.946 0.890 207 219 231
-20.754 29.111 0.831 105 116 122
-20.813 28.981 0.890 156 164 183
-20.810 29.040 0.898 167 154 148
-20.816 29.017 0.902 163 152 166
-20.821 29.024 0.911 146 126 128
-20.785 28.985 0.851 190 191 193
-20.799 29.015 0.877 195 180 173
-20.809 29.000 0.889 142 137 144
-20.774 29.029 0.843 200 176 148
-20.810 28.997 0.890 149 146 155
-20.809 29.068 0.903 186 142 117
-20.764 29.100 0.845 109 125 115
-20.759 29.080 0.833 165 131 106
-20.771 29.054 0.844 172 133 104
-20.805 29.020 0.887 171 157 157
-20.786 28.986 0.853 185 185 187
-20.791 29.003 0.863 187 169 167
-20.771 29.040 0.842 185 162 121
-20.793 28.973 0.860 185 190 167
-20.759 29.080 0.833 168 130 107
-20.802 29.033 0.885 153 146 136
-20.789 29.040 0.868 200 185 142
-20.813 28.984 0.891 159 166 184
-20.736 29.120 0.808 102 109 117
-20.803 28.947 0.869 255 255 248
-20.799 29.018 0.878 189 176 168
-20.810 29.018 0.894 145 136 139
-20.753 29.082 0.824 143 126 110
-20.782 29.040 0.857 199 177 127
-20.767 29.101 0.848 111 130 124
-20.776 29.055 0.852 164 123 93
-20.782 29.078 0.865 145 116 108
-20.822 29.045 0.917 108 85 69
-20.822 28.988 0.905 179 174 180
-20.824 28.944 0.899 209 209 217
-20.809 28.965 0.881 137 140 147
-20.814 29.057 0.908 161 125 109
-20.795 29.069 0.882 187 153 125
-20.779 29.014 0.847 185 166 151
-20.769 29.049 0.841 143 104 71
-20.788 29.037 0.866 209 196 151
-20.819 28.977 0.899 170 172 197
-20.767 29.096 0.847 115 127 117
-20.820 28.985 0.901 169 167 189
-20.807 29.026 0.891 158 156 157
-20.750 29.086 0.821 153 145 134
-20.765 29.070 0.839 183 138 115
-20.803 28.978 0.876 145 133 143
-20.821 28.956 0.897 166 170 181
-20.776 29.070 0.855 180 138 124
-20.790 29.029 0.867 198 186 144
-20.764 29.101 0.844 105 120 113
-20.825 29.045 0.921 120 93 76
-20.800 29.066 0.890 184 154 120
-20.798 29.010 0.875 193 176 166
-20.793 29.023 0.870 184 174 138
-20.761 29.062 0.832 196 151 118
-20.779 29.085 0.863 113 102 100
-20.807 28.988 0.883 157 157 159
-20.803 29.014 0.883 179 163 163
-20.774 29.061 0.851 181 144 118
-20.829 29.006 0.919 127 112 119
-20.815 28.946 0.886 220 234 243
-20.826 28.946 0.902 196 196 204
-20.764 29.069 0.837 187 141 117
-20.823 28.967 0.903 167 167 179
-20.814 29.048 0.906 122 104 92
-20.769 29.036 0.838 199 178 135
-20.816 28.908 0.880 203 162 140
-20.791 28.993 0.861 169 161 158
-20.816 29.019 0.902 167 156 170
-20.791 29.005 0.864 187 169 167
-20.823 28.909 0.890 144 110 85
-20.821 28.931 0.892 176 162 161
-20.785 29.007 0.855 186 170 171
-20.777 29.016 0.846 198 176 155
-20.791 29.078 0.878 156 128 114
-20.786 29.013 0.858 191 174 156
-20.815 29.040 0.905 171 164 158
-20.800 29.028 0.882 152 144 133
-20.790 29.004 0.861 184 168 168
-20.785 28.988 0.852 185 185 187
-20.832 28.982 0.918 172 162 197
-20.808 28.974 0.883 140 147 157
-20.814 28.927 0.880 174 146 132
-20.775 29.024 0.844 191 170 141
-20.812 29.010 0.895 130 124 126
-20.800 28.968 0.868 186 188 167
-20.824 29.033 0.917 108 88 81
-20.821 28.936 0.894 222 217 221
-20.810 29.059 0.903 167 130 111
-20.819 28.924 0.888 155 127 113
-20.803 28.938 0.868 237 233 230
-20.798 29.053 0.883 130 101 87
-20.830 28.986 0.917 158 149 178
-20.805 28.987 0.881 154 156 151
-20.753 29.108 0.830 119 129 141
-20.793 29.072 0.880 187 153 125
-20.821 29.061 0.919 172 131 113
-20.809 28.925 0.873 186 177 160
-20.826 28.939 0.901 176 175 180
-20.746 29.105 0.819 164 179 200
-20.823 28.980 0.905 178 175 182
-20.825 28.886 0.889 193 164 150
-20.825 28.952 0.902 189 188 194
-20.820 29.059 0.916 161 122 105
-20.796 28.977 0.865 169 170 152
-20.776 29.072 0.856 170 130 118
-20.818 29.064 0.915 174 132 116
-20.787 29.062 0.869 190 151 120
-20.823 28.933 0.895 191 180 184
-20.775 29.019 0.843 195 175 151
-20.812 28.957 0.884 156 166 178
-20.831 28.984 0.917 166 157 188
-20.785 29.044 0.863 185 165 115
-20.759 29.109 0.838 103 115 111
-20.799 29.038 0.883 149 141 130
-20.795 29.016 0.871 191 179 157
-20.807 29.009 0.887 146 134 136
-20.800 29.078 0.892 142 125 99
-20.782 29.054 0.861 155 120 82
-20.779 29.046 0.854 172 145 102
-20.827 28.926 0.900 145 140 137
-20.785 29.056 0.865 167 131 95
-20.806 28.954 0.875 182 182 180
-20.823 28.952 0.899 169 172 181
-20.780 29.022 0.851 183 162 133
-20.814 28.933 0.882 239 236 231
-20.758 29.100 0.835 122 122 122
-20.790 29.046 0.871 160 141 108
-20.816 28.946 0.888 215 227 239
-20.834 29.040 0.933 182 161 160
-20.809 28.928 0.874 208 205 200
-20.825 28.965 0.904 172 170 183
-20.812 29.009 0.895 127 123 124
-20.818 29.007 0.902 168 156 176
-20.799 28.969 0.868 201 200 180
-20.811 28.976 0.886 149 158 175
-20.771 29.041 0.842 185 162 121
-20.821 28.910 0.888 184 148 124
-20.810 28.998 0.890 149 146 155
-20.803 29.042 0.889 143 130 122
-20.757 29.096 0.832 137 131 133
-20.825 29.004 0.913 136 123 114
-20.833 29.039 0.931 182 161 160
-20.821 28.924 0.890 133 115 101
-20.825 29.047 0.921 123 95 74
-20.816 28.964 0.891 148 156 175
-20.791 29.042 0.871 178 162 126
-20.800 28.955 0.867 204 207 186
-20.801 29.023 0.882 165 154 150
-20.800 29.020 0.880 176 163 155
-20.831 29.018 0.923 146 115 110
-20.829 29.031 0.924 142 110 99
-20.810 28.946 0.879 236 244 247
-20.827 29.058 0.927 163 129 104
-20.808 28.932 0.873 250 249 247
-20.774 29.092 0.856 129 144 139
-20.815 28.901 0.877 201 169 148
-20.765 29.102 0.846 107 124 116
-20.814 28.978 0.891 155 163 184
-20.748 29.110 0.823 112 131 148
-20.825 28.888 0.890 193 164 150
-20.781 29.054 0.860 155 120 82
-20.782 29.088 0.867 95 86 87
-20.791 28.997 0.862 179 165 165
-20.803 29.022 0.884 167 155 155
-20.804 29.021 0.886 173 159 159
-20.808 28.946 0.876 234 240 240
-20.828 29.028 0.923 141 111 103
-20.754 29.136 0.910 53 59 73
-20.754 29.131 0.894 51 57 71
-20.828 29.068 0.944 60 55 59
-20.739 29.122 0.813 70 79 88
-20.763 29.139 0.954 34 37 46
-20.784 29.113 0.939 71 97 120
-20.762 29.119 0.883 42 58 74
-20.753 29.155 0.974 141 141 143
-20.777 29.136 0.992 36 43 49
-20.761 29.115 0.862 162 180 194
-20.785 29.108 0.924 76 72 63
-20.779 29.105 0.895 108 99 94
-20.792 29.089 0.887 75 67 65
-20.751 29.121 0.849 123 142 138
-20.767 29.109 0.864 146 155 170
-20.800 29.100 0.953 48 55 63
-20.758 29.113 0.845 78 93 86
-20.834 29.061 0.940 188 153 133
-20.821 29.075 0.941 76 85 84
-20.741 29.123 0.821 53 65 79
-20.747 29.124 0.845 112 127 124
-20.766 29.135 0.952 39 45 57
-20.755 29.136 0.917 36 42 54
-20.794 29.091 0.901 187 134 116
-20.772 29.116 0.907 75 103 140
-20.767 29.130 0.939 60 77 95
-20.775 29.101 0.866 72 91 89
-20.757 29.134 0.918 58 66 79
-20.810 29.084 0.936 94 105 127
-20.780 29.132 0.993 62 69 75
-20.767 29.135 0.953 48 58 70
-20.778 29.117 0.932 66 88 111
-20.793 29.107 0.951 47 65 75
-20.830 29.064 0.938 160 153 143
-20.766 29.120 0.901 44 82 105
-20.752 29.147 0.941 111 105 107
-20.774 29.136 0.983 32 32 40
-20.815 29.084 0.951 45 80 102
-20.776 29.120 0.936 83 109 132
-20.747 29.128 0.858 130 140 141
-20.787 29.122 0.983 35 49 60
-20.804 29.097 0.955 32 53 74
-20.761 29.147 0.972 142 147 143
-20.751 29.163 0.991 76 77 79
-20.807 29.083 0.921 187 137 110
-20.750 29.117 0.831 67 82 89
-20.750 29.166 0.998 86 72 71
-20.776 29.113 0.909 57 71 98
-20.761 29.148 0.978 168 166 167
-20.766 29.151 1.004 73 73 83
-20.794 29.096 0.918 154 122 101
-20.766 29.128 0.928 50 67 77
-20.772 29.128 0.949 46 65 82
-20.769 29.113 0.885 83 101 111
-20.784 29.094 0.875 61 76 83
-20.774 29.113 0.902 103 124 145
-20.756 29.135 0.912 55 63 76
-20.777 29.098 0.862 95 110 113
-20.805 29.085 0.920 173 132 102
-20.772 29.138 0.979 37 34 45
-20.765 29.148 0.989 104 113 108
-20.750 29.117 0.830 64 82 92
-20.801 29.095 0.941 47 61 70
-20.798 29.086 0.897 93 53 43
-20.805 29.084 0.916 174 123 96
-20.752 29.124 0.865 160 179 186
-20.747 29.150 0.934 165 161 175
-20.812 29.089 0.957 105 150 179
-20.772 29.105 0.870 98 104 104
-20.772 29.107 0.878 69 56 63
-20.757 29.122 0.876 56 65 80
-20.748 29.159 0.968 100 98 101
-20.824 29.072 0.941 78 81 74
-20.768 29.146 0.994 55 58 65
-20.779 29.132 0.986 41 48 56
-20.807 29.097 0.965 121 162 192
-20.762 29.122 0.893 39 68 84
-20.785 29.104 0.911 109 90 76
-20.786 29.115 0.953 47 71 81
-20.778 29.111 0.913 44 53 84
-20.784 29.116 0.948 40 66 79
-20.782 29.129 0.986 55 64 73
-20.763 29.136 0.944 34 38 50
-20.757 29.162 1.009 65 80 83
-20.761 29.126 0.903 82 110 131
-20.750 29.146 0.931 93 91 102
-20.812 29.087 0.950 41 66 86
-20.753 29.128 0.877 77 87 99
-20.738 29.129 0.830 95 112 122
-20.760 29.123 0.888 62 81 96
-20.739 29.141 0.875 47 46 52
-20.785 29.110 0.932 49 70 97
-20.756 29.120 0.863 148 171 187
-20.740 29.133 0.854 64 66 65
-20.760 29.154 0.994 105 97 94
-20.767 29.140 0.971 34 35 39
-20.805 29.088 0.928 137 128 113
-20.750 29.139 0.907 39 36 53
-20.807 29.093 0.955 65 101 125
-20.772 29.125 0.938 122 147 169
-20.761 29.143 0.959 49 50 52
-20.765 29.145 0.981 91 91 99
-20.753 29.155 0.973 141 141 143
-20.797 29.099 0.939 57 62 81
-20.751 29.149 0.942 168 162 162
-20.762 29.136 0.941 40 46 60
-20.773 29.138 0.985 26 25 31
-20.765 29.150 0.996 76 77 82
-20.770 29.145 0.998 67 67 79
-20.751 29.160 0.983 75 75 75
-20.745 29.126 0.846 118 123 119
-20.777 29.108 0.900 89 102 119
-20.743 29.131 0.854 84 89 85
-20.817 29.074 0.926 149 135 124
-20.741 29.131 0.846 98 100 97
-20.791 29.118 0.979 49 67 81
-20.799 29.101 0.952 50 62 74
-20.797 29.105 0.958 16 24 43
-20.760 29.144 0.959 49 50 52
-20.762 29.109 0.848 104 120 117
-20.756 29.117 0.854 117 137 136
-20.791 29.105 0.938 40 63 81
-20.807 29.080 0.910 164 133 105
-20.747 29.125 0.848 122 139 133
-20.760 29.137 0.936 39 43 54
-20.748 29.141 0.907 39 36 53
-20.763 29.144 0.971 66 67 69
-20.764 29.123 0.901 68 100 121
-20.783 29.113 0.934 69 95 120
-20.764 29.142 0.965 43 45 44
-20.793 29.113 0.971 103 125 146
-20.754 29.117 0.848 125 144 138
-20.744 29.123 0.832 136 149 158
-20.810 29.082 0.928 156 132 130
-20.751 29.145 0.930 93 91 102
-20.794 29.087 0.885 90 84 72
-20.740 29.133 0.851 67 69 66
-20.767 29.111 0.874 91 85 97
-20.783 29.102 0.898 128 113 84
-20.791 29.092 0.895 186 144 130
-20.748 29.148 0.930 172 172 184
-20.781 29.096 0.872 63 71 73
-20.764 29.147 0.983 139 138 136
-20.753 29.148 0.946 165 159 161
-20.747 29.141 0.905 40 37 54
-20.719 29.132 0.821 122 138 153
-20.714 29.152 0.911 159 165 177
-20.694 29.138 0.833 36 42 56
-20.736 29.155 0.938 132 130 141
-20.715 29.145 0.877 49 46 57
-20.727 29.154 0.928 166 178 200
-20.732 29.146 0.897 60 65 69
-20.701 29.145 0.867 32 38 54
-20.677 29.140 0.828 32 39 47
-20.711 29.145 0.875 29 32 49
-20.695 29.137 0.829 38 46 59
-20.722 29.145 0.882 50 45 51
-20.695 29.137 0.828 38 46 59
-20.735 29.149 0.910 149 150 170
-20.686 29.144 0.853 32 30 31
-20.689 29.140 0.835 34 38 50
-20.715 29.145 0.877 49 46 57
-20.668 29.142 0.833 38 45 51
-20.678 29.145 0.853 42 43 45
-20.723 29.152 0.915 195 201 223
-20.737 29.163 0.976 105 101 102
-20.709 29.143 0.865 23 29 41
-20.679 29.144 0.848 38 39 44
-20.728 29.143 0.877 33 31 36
-20.723 29.151 0.910 154 157 172
-20.723 29.133 0.829 125 137 153
-20.710 29.153 0.912 159 165 177
-20.727 29.134 0.835 74 80 96
-20.690 29.142 0.846 42 40 45
-20.707 29.149 0.892 140 125 132
-20.729 29.153 0.926 166 178 200
-20.722 29.154 0.926 173 183 208
-20.736 29.151 0.918 186 194 217
-20.678 29.138 0.820 40 47 53
-20.717 29.131 0.814 167 186 200
-20.724 29.143 0.876 34 33 39
-20.695 29.140 0.839 38 38 48
-20.685 29.138 0.827 31 39 50
-20.735 29.164 0.981 112 106 106
-20.734 29.132 0.833 82 96 105
-20.728 29.159 0.951 134 136 133
-20.723 29.150 0.907 151 158 168
-20.676 29.144 0.847 43 46 53
-20.680 29.139 0.826 32 39 47
-20.677 29.139 0.823 40 47 53
-20.728 29.130 0.820 180 196 211
-20.722 29.157 0.937 176 176 188
-20.725 29.136 0.844 55 60 66
-20.742 29.155 0.942 143 143 143
-20.727 29.143 0.876 33 31 36
-20.731 29.135 0.842 63 67 70
-20.688 29.140 0.836 34 38 50
-20.715 29.144 0.872 30 30 40
-20.738 29.162 0.973 125 119 121
-20.681 29.145 0.852 34 34 36
-20.736 29.136 0.853 55 55 55
-20.700 29.147 0.878 60 66 92
-20.675 29.138 0.820 40 47 53
-20.664 29.141 0.824 33 39 37
-20.714 29.131 0.812 161 179 193
-20.679 29.139 0.824 36 43 51
-20.737 29.163 0.977 105 101 102
-20.674 29.142 0.836 31 38 46
-20.700 29.153 0.906 176 177 171
-20.718 29.156 0.929 157 166 175
-20.697 29.136 0.826 37 46 61
-20.727 29.135 0.840 55 60 66
-20.717 29.138 0.848 46 44 47
-20.685 29.139 0.829 32 39 49
-20.710 29.146 0.880 69 63 77
-20.737 29.165 0.984 81 77 78
-20.681 29.138 0.821 40 47 53
-20.735 29.138 0.860 41 42 44
-20.733 29.152 0.921 196 207 229
-20.675 29.145 0.851 43 46 53
-20.709 29.134 0.821 120 138 150
-20.715 29.138 0.847 46 44 47
-20.750 29.168 1.007 77 85 87
-20.747 29.164 0.987 74 76 75
-20.731 29.153 0.926 166 178 200
-20.721 29.142 0.867 30 33 40
-20.729 29.161 0.958 131 125 125
-20.690 29.137 0.822 33 43 55
-20.752 29.283 1.026 198 207 222
-20.744 29.361 1.020 218 234 249
-20.740 29.380 1.015 59 70 66
-20.751 29.305 1.026 163 143 142
-20.737 29.359 1.009 207 223 249
-20.743 29.356 1.018 207 225 245
-20.726 29.379 0.995 170 174 177
-20.727 29.413 0.998 45 46 48
-20.735 29.325 1.004 140 134 136
-20.750 29.338 1.027 173 183 193
-20.734 29.325 1.002 64 61 56
-20.737 29.344 1.008 209 217 230
-20.749 29.349 1.027 212 231 246
-20.728 29.349 0.995 52 55 60
-20.735 29.325 1.004 140 134 136
-20.748 29.284 1.020 125 133 146
-20.744 29.270 1.014 98 109 127
-20.743 29.275 1.012 87 93 107
-20.745 29.363 1.021 226 238 250
-20.734 29.304 1.002 122 122 120
-20.740 29.371 1.014 176 186 196
-20.733 29.351 1.003 208 220 234
-20.747 29.251 1.018 136 158 182
-20.745 29.226 1.012 131 152 157
-20.728 29.359 0.996 168 175 191
-20.727 29.363 0.995 164 168 179
-20.743 29.329 1.016 216 214 228
-20.743 29.296 1.014 109 97 97
-20.752 29.335 1.029 113 117 126
-20.725 29.403 0.994 65 78 87
-20.739 29.292 1.007 97 90 84
-20.734 29.313 1.002 51 50 48
-20.727 29.393 0.997 97 96 92
-20.743 29.262 1.012 90 99 114
-20.740 29.286 1.009 99 94 91
-20.748 29.210 1.015 159 158 153
-20.744 29.287 1.015 84 79 86
-20.729 29.360 0.997 168 175 191
-20.740 29.313 1.011 138 126 126
-20.748 29.202 1.016 181 168 160
-20.743 29.246 1.011 175 183 204
-20.740 29.362 1.014 213 228 249
-20.733 29.350 1.003 208 220 234
-20.741 29.273 1.010 102 102 112
-20.737 29.379 1.011 55 65 74
-20.748 29.338 1.024 197 205 226
-20.742 29.284 1.011 87 84 93
-20.733 29.346 1.003 204 213 222
-20.742 29.381 1.018 51 61 52
-20.736 29.384 1.009 56 67 73
-20.737 29.347 1.008 206 218 234
-20.751 29.228 1.022 152 174 187
-20.749 29.350 1.027 212 231 246
-20.738 29.382 1.011 56 67 73
-20.734 29.379 1.006 65 72 91
-20.734 29.331 1.003 52 47 43
-20.741 29.302 1.011 127 113 110
-20.746 29.253 1.016 122 140 162
-20.749 29.317 1.024 150 135 130
-20.729 29.374 0.997 190 193 202
-20.742 29.356 1.016 207 225 245
-20.743 29.344 1.018 217 232 253
-20.720 29.186 0.946 188 157 155
-20.681 29.240 0.853 40 43 36
-20.700 29.215 0.898 152 131 136
-20.734 29.180 0.977 174 146 134
-20.679 29.182 0.856 52 53 57
-20.711 29.183 0.928 193 182 196
-20.661 29.156 0.821 128 129 123
-20.688 29.202 0.873 125 129 132
-20.662 29.147 0.824 102 108 96
-20.711 29.198 0.925 176 158 170
-20.717 29.196 0.939 142 125 107
-20.698 29.211 0.895 129 112 128
-20.713 29.169 0.934 157 164 174
-20.662 29.232 0.811 165 175 166
-20.659 29.219 0.807 143 137 125
-20.723 29.165 0.955 167 167 155
-20.718 29.200 0.940 152 131 112
-20.645 29.246 0.773 167 165 176
-20.734 29.176 0.980 175 155 146
-20.658 29.234 0.803 138 149 145
-20.642 29.275 0.761 197 181 181
-20.663 29.173 0.823 239 217 204
-20.685 29.240 0.863 71 72 66
-20.664 29.220 0.819 160 151 136
-20.640 29.295 0.754 164 152 152
-20.687 29.235 0.867 100 105 108
-20.656 29.164 0.809 160 148 134
-20.687 29.222 0.868 111 125 125
-20.685 29.198 0.867 84 89 92
-20.662 29.247 0.810 156 164 175
-20.735 29.167 0.982 122 114 112
-20.674 29.160 0.848 168 178 179
-20.648 29.270 0.776 181 174 181
-20.666 29.233 0.821 129 140 132
-20.659 29.227 0.805 129 136 128
-20.735 29.188 0.979 187 150 131
-20.651 29.239 0.786 143 153 162
-20.655 29.247 0.795 160 167 177
-20.698 29.201 0.896 102 82 91
-20.661 29.186 0.816 178 164 161
-20.672 29.236 0.834 63 71 74
-20.704 29.213 0.906 188 171 155
-20.680 29.223 0.852 92 91 96
-20.716 29.188 0.938 160 141 135
-20.651 29.279 0.781 188 178 187
-20.710 29.200 0.922 180 160 169
-20.644 29.256 0.770 166 159 167
-20.677 29.232 0.845 137 139 138
-20.657 29.194 0.806 173 149 145
-20.652 29.255 0.785 162 160 171
-20.652 29.216 0.792 122 124 121
-20.665 29.177 0.827 164 147 139
-20.692 29.206 0.881 165 166 161
-20.677 29.184 0.851 49 53 56
-20.675 29.242 0.839 123 132 137
-20.741 29.181 0.993 75 72 67
-20.726 29.178 0.961 186 163 155
-20.675 29.246 0.839 190 200 210
-20.661 29.151 0.820 156 159 152
-20.663 29.260 0.810 177 175 196
-20.658 29.271 0.797 170 172 187
-20.693 29.232 0.880 144 150 136
-20.684 29.245 0.859 123 120 113
-20.658 29.165 0.812 140 127 111
-20.706 29.213 0.913 178 164 155
-20.712 29.160 0.932 157 166 175
-20.693 29.181 0.886 75 55 106
-20.664 29.201 0.821 170 157 148
-20.683 29.214 0.860 47 52 58
-20.694 29.222 0.885 141 143 129
-20.668 29.227 0.825 150 154 139
-20.717 29.192 0.940 158 135 121
-20.720 29.190 0.946 188 155 150
-20.701 29.208 0.902 164 144 143
-20.649 29.248 0.781 157 157 167
-20.685 29.157 0.873 126 135 174
-20.717 29.185 0.940 175 155 154
-20.646 29.285 0.770 196 181 176
-20.709 29.207 0.919 145 138 145
-20.706 29.175 0.917 185 182 175
-20.659 29.180 0.812 227 219 217
-20.645 29.289 0.767 198 183 180
-20.690 29.171 0.883 114 99 164
-20.673 29.162 0.846 199 208 207
-20.669 29.171 0.836 204 203 201
-20.643 29.284 0.763 196 181 178
-20.694 29.220 0.885 140 144 130
-20.686 29.165 0.875 99 101 150
-20.662 29.196 0.817 162 145 138
-20.670 29.206 0.834 173 158 153
-20.676 29.201 0.847 65 68 75
-20.655 29.236 0.796 157 168 172
-20.698 29.224 0.894 169 158 156
-20.712 29.195 0.927 172 156 167
-20.713 29.159 0.935 168 175 183
-20.677 29.147 0.857 39 43 44
-20.680 29.245 0.849 139 141 136
-20.672 29.243 0.832 158 170 182
-20.722 29.166 0.953 167 167 155
-20.670 29.250 0.828 175 182 200
-20.647 29.247 0.776 166 164 175
-20.665 29.208 0.821 146 133 124
-20.709 29.210 0.920 147 140 147
-20.652 29.251 0.787 163 165 178
-20.719 29.164 0.947 105 104 112
-20.698 29.186 0.899 108 81 88
-20.662 29.208 0.814 183 165 155
-20.668 29.146 0.838 92 100 103
-20.656 29.225 0.800 133 139 135
-20.672 29.252 0.830 180 185 204
-20.677 29.249 0.843 171 174 179
-20.652 29.198 0.794 173 150 136
-20.663 29.236 0.815 104 115 107
-20.727 29.184 0.962 192 153 136
-20.676 29.206 0.846 96 96 104
-20.717 29.180 0.942 174 154 156
-20.669 29.158 0.838 215 222 215
-20.698 29.184 0.897 108 81 88
-20.646 29.281 0.771 198 184 184
-20.668 29.191 0.830 204 183 180
-20.705 29.189 0.912 185 157 146
-20.688 29.193 0.875 181 172 175
-20.666 29.177 0.829 165 146 140
-20.696 29.224 0.888 158 156 144
-20.684 29.223 0.862 52 62 64
-20.663 29.188 0.821 129 111 101
-20.672 29.164 0.844 205 211 207
-20.704 29.175 0.912 193 177 151
-20.656 29.204 0.803 192 167 160
-20.664 29.217 0.818 164 152 138
-20.685 29.217 0.865 73 85 85
-20.656 29.183 0.806 220 210 208
-20.681 29.162 0.863 65 71 83
-20.697 29.184 0.897 108 81 88
-20.646 29.289 0.769 198 183 180
-20.683 29.185 0.864 72 73 78
-20.656 29.251 0.796 162 166 178
-20.701 29.191 0.903 166 139 128
-20.672 29.243 0.832 158 170 182
-20.680 29.202 0.856 59 62 67
-20.662 29.250 0.809 151 157 173
-20.674 29.184 0.845 82 87 91
-20.656 29.229 0.799 133 143 142
-20.719 29.169 0.947 171 162 167
-20.691 29.156 0.886 162 148 197
-20.690 29.206 0.876 145 155 154
-20.650 29.283 0.777 166 157 160
-20.722 29.190 0.951 166 128 117
-20.696 29.168 0.896 166 135 150
-20.668 29.256 0.822 183 184 204
-20.662 29.250 0.809 156 159 174
-20.716 29.180 0.939 170 154 155
-20.695 29.185 0.892 153 127 164
-20.738 29.167 0.988 73 72 70
-20.694 29.184 0.890 97 73 121
-20.671 29.159 0.843 212 221 218
-20.661 29.202 0.815 196 176 169
-20.704 29.160 0.915 154 159 165
-20.679 29.227 0.849 117 117 119
-20.674 29.232 0.839 116 120 119
-20.668 29.160 0.835 218 223 216
-20.683 29.185 0.866 72 73 78
-20.672 29.207 0.838 139 129 127
-20.719 29.195 0.943 179 151 139
-20.674 29.251 0.836 177 186 201
-20.646 29.250 0.773 165 162 171
-20.702 29.195 0.906 182 160 149
-20.710 29.200 0.922 180 160 169
-20.693 29.172 0.889 129 102 169
-20.698 29.183 0.898 108 81 88
-20.671 29.214 0.834 142 129 121
-20.669 29.230 0.827 153 161 148
-20.649 29.220 0.784 119 128 127
-20.652 29.268 0.784 175 174 182
-20.677 29.164 0.855 142 151 156
-20.664 29.208 0.819 146 133 124
-20.660 29.247 0.804 150 159 168
-20.680 29.151 0.862 44 48 51
-20.642 29.278 0.762 199 183 183
-20.714 29.197 0.933 190 179 173
-20.670 29.208 0.832 191 173 163
-20.713 29.164 0.935 161 168 176
-20.687 29.237 0.866 69 73 72
-20.701 29.164 0.908 162 167 144
-20.677 29.230 0.845 161 161 159
-20.681 29.163 0.864 81 87 99
-20.716 29.424 0.980 72 91 98
-20.659 29.279 0.800 151 153 174
-20.724 29.251 0.964 161 178 188
-20.702 29.309 0.920 158 141 134
-20.725 29.204 0.957 208 177 157
-20.718 29.372 0.973 180 184 193
-20.702 29.263 0.909 48 62 47
-20.718 29.379 0.976 172 175 182
-20.671 29.302 0.837 192 182 181
-20.674 29.262 0.835 179 181 196
-20.703 29.353 0.930 140 135 139
-20.732 29.200 0.972 205 172 153
-20.672 29.277 0.833 159 154 161
-20.736 29.237 0.991 59 59 57
-20.735 29.274 0.996 160 156 157
-20.712 29.220 0.927 165 157 154
-20.699 29.278 0.903 96 112 109
-20.688 29.248 0.869 143 134 129
-20.695 29.330 0.905 118 124 124
-20.693 29.335 0.901 117 121 124
-20.704 29.281 0.918 132 118 109
-20.706 29.234 0.912 81 67 66
-20.685 29.261 0.864 161 142 136
-20.719 29.279 0.956 128 111 103
-20.720 29.330 0.971 98 84 83
-20.700 29.356 0.924 152 148 147
-20.653 29.321 0.793 125 121 122
-20.679 29.322 0.860 177 169 166
-20.655 29.324 0.798 129 125 122
-20.689 29.288 0.880 130 125 122
-20.693 29.368 0.907 131 135 138
-20.722 29.322 0.973 155 137 137
-20.666 29.297 0.821 74 77 82
-20.716 29.339 0.962 118 119 123
-20.676 29.259 0.841 184 182 193
-20.664 29.311 0.819 61 65 66
-20.700 29.249 0.901 60 78 66
-20.748 29.177 1.011 82 78 79
-20.685 29.331 0.878 170 156 155
-20.665 29.311 0.823 103 105 104
-20.732 29.305 0.995 164 165 169
-20.727 29.237 0.970 71 76 82
-20.677 29.321 0.856 179 169 167
-20.671 29.277 0.831 156 151 158
-20.729 29.204 0.966 207 172 152
-20.663 29.311 0.818 70 76 76
-20.722 29.222 0.953 165 156 149
-20.724 29.323 0.979 139 119 118
-20.707 29.373 0.945 178 176 189
-20.714 29.278 0.944 204 171 154
-20.692 29.350 0.902 119 122 129
-20.740 29.211 0.996 129 135 131
-20.725 29.294 0.977 114 121 140
-20.657 29.290 0.797 153 159 183
-20.738 29.222 0.994 135 140 134
-20.723 29.248 0.959 169 183 196
-20.711 29.304 0.941 209 180 164
-20.674 29.288 0.842 190 180 181
-20.733 29.268 0.991 162 174 186
-20.701 29.269 0.906 57 75 63
-20.711 29.408 0.964 79 87 100
-20.701 29.394 0.934 64 65 70
-20.674 29.277 0.838 169 162 170
-20.678 29.298 0.853 194 184 183
-20.728 29.221 0.969 172 163 148
-20.697 29.348 0.915 51 52 47
-20.746 29.189 1.007 82 64 64
-20.684 29.359 0.882 125 123 134
-20.663 29.285 0.811 162 165 180
-20.702 29.322 0.921 127 112 105
-20.734 29.243 0.988 172 180 183
-20.687 29.285 0.875 143 135 132
-20.712 29.329 0.948 131 117 117
-20.721 29.324 0.971 124 108 108
-20.711 29.326 0.946 135 120 117
-20.655 29.284 0.790 146 143 164
-20.718 29.341 0.966 163 164 166
-20.688 29.377 0.896 135 135 137
-20.679 29.308 0.857 193 183 184
-20.744 29.205 1.006 63 68 71
-20.726 29.319 0.983 177 152 145
-20.729 29.299 0.988 181 183 196
-20.719 29.412 0.986 66 84 86
-20.687 29.356 0.890 127 131 140
-20.706 29.406 0.951 91 99 110
-20.692 29.290 0.890 119 115 116
-20.658 29.333 0.810 121 128 136
-20.726 29.324 0.985 147 122 115
-20.733 29.286 0.995 197 198 203
-20.740 29.195 0.994 83 80 71
-20.713 29.365 0.959 183 185 197
-20.717 29.327 0.962 120 108 110
-20.717 29.279 0.951 123 101 88
-20.695 29.275 0.892 144 144 142
-20.672 29.279 0.834 151 146 152
-20.728 29.318 0.989 95 81 72
-20.732 29.243 0.981 182 192 194
-20.691 29.345 0.899 123 123 131
-20.687 29.302 0.878 178 170 168
-20.659 29.327 0.809 118 123 126
-20.678 29.275 0.848 159 148 152
-20.704 29.342 0.932 170 159 153
-20.673 29.284 0.838 176 165 169
-20.667 29.340 0.834 193 178 173
-20.720 29.399 0.985 58 66 69
-20.725 29.287 0.974 94 99 105
-20.713 29.319 0.949 155 140 135
-20.675 29.344 0.856 192 178 175
-20.691 29.244 0.877 102 99 90
-20.707 29.386 0.949 77 77 85
-20.742 29.220 1.003 94 98 97
-20.706 29.262 0.918 154 134 123
-20.703 29.358 0.933 146 144 147
-20.697 29.369 0.918 61 63 62
-20.715 29.398 0.972 60 64 67
-20.718 29.336 0.965 108 106 109
-20.683 29.287 0.864 190 180 178
-20.719 29.363 0.974 180 184 193
-20.674 29.297 0.843 202 188 187
-20.678 29.304 0.856 186 176 175
-20.685 29.267 0.865 160 141 135
-20.689 29.319 0.886 153 141 143
-20.646 29.309 0.772 179 160 156
-20.687 29.337 0.886 133 129 128
-20.704 29.332 0.928 207 194 188
-20.669 29.266 0.822 190 189 203
-20.721 29.299 0.967 86 76 74
-20.683 29.298 0.868 142 136 136
-20.692 29.256 0.881 138 128 116
-20.707 29.387 0.949 62 62 70
-20.715 29.397 0.971 56 57 61
-20.714 29.285 0.946 168 132 116
-20.699 29.248 0.898 64 82 70
-20.719 29.409 0.984 57 73 73
-20.703 29.311 0.921 158 141 134
-20.670 29.275 0.827 178 175 182
-20.648 29.296 0.774 166 156 154
-20.693 29.340 0.902 113 116 121
-20.720 29.247 0.951 173 180 190
-20.673 29.353 0.852 176 158 154
-20.678 29.295 0.854 197 187 186
-20.665 29.314 0.823 115 115 115
-20.656 29.314 0.800 116 115 120
-20.682 29.323 0.869 176 162 162
-20.702 29.376 0.932 174 179 183
-20.709 29.293 0.933 207 176 155
-20.727 29.328 0.988 89 72 64
-20.724 29.332 0.982 142 129 123
-20.683 29.373 0.883 149 147 152
-20.686 29.346 0.885 130 128 133
-20.729 29.303 0.988 188 187 195
-20.682 29.258 0.855 140 129 127
-20.661 29.278 0.805 159 162 179
-20.705 29.321 0.929 160 142 132
-20.701 29.251 0.903 57 73 63
-20.701 29.297 0.914 69 63 63
-20.663 29.333 0.821 65 64 69
-20.712 29.283 0.938 210 173 157
-20.665 29.280 0.815 77 80 89
-20.666 29.307 0.823 97 98 100
-20.714 29.219 0.929 170 163 157
-20.705 29.312 0.926 202 180 167
-20.732 29.232 0.980 67 67 69
-20.712 29.325 0.949 122 106 106
-20.738 29.230 0.997 75 81 79
-20.732 29.246 0.983 176 185 190
-20.710 29.336 0.946 151 140 144
-20.718 29.289 0.957 191 166 159
-20.719 29.406 0.983 61 72 74
-20.715 29.352 0.963 165 169 178
-20.691 29.249 0.877 116 110 98
-20.716 29.333 0.959 123 118 122
-20.712 29.303 0.944 204 175 159
-20.737 29.242 0.995 158 165 171
-20.682 29.252 0.854 141 136 132
-20.660 29.307 0.808 153 160 168
-20.726 29.347 0.990 70 68 71
-20.718 29.323 0.964 102 88 88
-20.727 29.276 0.978 144 158 184
-20.672 29.328 0.843 188 177 175
-20.707 29.251 0.919 180 163 145
-20.713 29.418 0.972 34 52 66
-20.675 29.311 0.849 191 177 176
-20.709 29.228 0.919 177 169 166
-20.714 29.303 0.950 209 185 173
-20.702 29.319 0.921 126 111 104
-20.714 29.353 0.960 151 154 163
-20.654 29.325 0.797 125 123 124
-20.708 29.285 0.928 195 162 147
-20.708 29.414 0.956 94 111 127
-20.697 29.237 0.889 55 57 46
-20.668 29.304 0.829 198 192 192
-20.704 29.261 0.913 84 74 62
-20.669 29.307 0.831 191 183 181
-20.702 29.289 0.915 103 94 89
-20.656 29.319 0.801 131 130 128
-20.708 29.236 0.917 66 53 45
-20.687 29.269 0.870 160 141 134
-20.739 29.222 0.997 139 144 138
-20.708 29.270 0.925 182 148 139
-20.717 29.371 0.971 178 182 191
-20.716 29.241 0.942 136 137 142
-20.678 29.354 0.867 132 128 125
-20.690 29.249 0.873 138 128 126
-20.743 29.198 1.002 58 62 61
-20.738 29.238 0.997 79 85 83
-20.695 29.275 0.894 125 131 131
-20.715 29.358 0.964 182 186 195
-20.669 29.265 0.822 195 194 210
-20.716 29.340 0.961 130 131 135
-20.691 29.366 0.901 130 135 139
-20.716 29.372 0.970 178 182 191
-20.665 29.336 0.828 175 165 164
-20.728 29.329 0.992 137 125 113
-20.713 29.423 0.973 45 66 85
-20.742 29.218 1.004 67 69 68
-20.673 29.271 0.835 196 189 197
-20.724 29.241 0.960 144 151 161
-20.699 29.314 0.912 45 43 44
-20.714 29.331 0.956 133 124 127
-20.694 29.323 0.901 112 116 119
-20.688 29.350 0.891 123 126 133
-20.705 29.292 0.924 159 130 116
-20.707 29.290 0.929 168 135 118
-20.686 29.381 0.893 141 139 142
-20.722 29.343 0.978 168 173 176
-20.708 29.274 0.927 183 143 135
-20.727 29.228 0.967 161 157 148
-20.683 29.289 0.865 212 204 202
-20.725 29.304 0.976 113 109 108
-20.744 29.218 1.009 90 107 101
-20.732 29.301 0.995 168 171 176
-20.668 29.313 0.831 188 180 178
-20.723 29.279 0.966 63 67 78
-20.721 29.207 0.947 172 146 129
-20.717 29.307 0.958 113 98 91
-20.688 29.355 0.893 124 128 137
-20.712 29.364 0.955 180 180 192
-20.734 29.280 0.997 191 185 185
-20.713 29.263 0.938 175 152 146
-20.707 29.315 0.933 188 166 153
-20.704 29.303 0.923 187 167 158
-20.721 29.389 0.986 56 61 67
-20.694 29.295 0.895 118 116 117
-20.686 29.361 0.889 121 123 135
-20.695 29.367 0.913 86 88 87
-20.738 29.262 1.004 85 84 89
-20.729 29.321 0.993 125 117 106
-20.732 29.299 0.995 161 166 170
-20.700 29.360 0.925 150 146 147
-20.712 29.388 0.961 63 66 75
-20.697 29.356 0.915 50 50 50
-20.667 29.276 0.819 141 140 148
-20.692 29.384 0.908 83 83 85
-20.651 29.306 0.786 116 116 124
-20.731 29.267 0.985 164 180 203
-20.696 29.326 0.906 116 121 124
-20.677 29.333 0.858 180 169 167
-20.724 29.220 0.957 162 151 145
-20.715 29.411 0.975 36 49 55
-20.657 29.328 0.804 121 125 126
-20.697 29.282 0.899 124 130 128
-20.698 29.248 0.896 70 87 79
-20.707 29.269 0.924 182 148 139
-20.689 29.376 0.899 133 134 136
-20.694 29.313 0.899 112 116 119
-20.729 29.213 0.967 136 119 103
-20.687 29.324 0.883 173 159 159
-20.702 29.376 0.934 177 182 188
-20.640 29.305 0.757 185 170 173
-20.711 29.333 0.947 145 133 135
-20.696 29.396 0.922 63 64 69
-20.725 29.300 0.977 137 139 154
-20.667 29.298 0.824 134 133 138
-20.694 29.367 0.911 141 142 144
-20.707 29.239 0.916 68 55 49
-20.725 29.352 0.988 177 181 184
-20.697 29.255 0.895 55 81 70
-20.713 29.425 0.973 82 103 124
-20.727 29.211 0.962 156 131 109
-20.722 29.206 0.950 171 144 125
-20.672 29.273 0.831 169 166 173
-20.665 29.294 0.820 76 79 84
-20.659 29.285 0.801 145 150 170
-20.721 29.206 0.947 172 146 129
-20.691 29.285 0.885 133 125 123
-20.716 29.304 0.954 212 190 179
-20.723 29.218 0.954 172 158 149
-20.724 29.334 0.981 142 129 123
-20.675 29.353 0.859 167 156 152
-20.681 29.337 0.870 173 163 161
-20.726 29.277 0.974 139 151 175
-20.734 29.224 0.983 168 168 166
-20.727 29.251 0.970 160 172 184
-20.722 29.312 0.972 113 102 100
-20.670 29.281 0.829 157 152 159
-20.687 29.383 0.896 103 103 105
-20.687 29.297 0.877 159 154 151
-20.718 29.241 0.945 134 137 144
-20.674 29.328 0.850 195 177 177
-20.707 29.270 0.923 182 148 139
-20.682 29.252 0.853 141 136 132
-20.679 29.337 0.865 167 157 155
-20.724 29.261 0.965 172 187 206
-20.744 29.183 1.000 47 53 53
-20.717 29.425 0.982 68 87 93
-20.696 29.352 0.912 113 117 116
-20.717 29.406 0.978 53 64 66
-20.714 29.314 0.951 156 139 131
-20.657 29.282 0.795 154 156 181
-20.678 29.357 0.867 120 116 113
-20.721 29.366 0.981 183 186 191
-20.692 29.371 0.905 125 129 132
-20.714 29.325 0.955 175 161 161
-20.679 29.346 0.866 183 178 174
-20.716 29.263 0.946 180 171 172
-20.662 29.314 0.815 97 101 102
-20.713 29.231 0.932 147 142 138
-20.680 29.279 0.854 169 155 154
-20.739 29.204 0.992 89 92 85
-20.679 29.316 0.860 180 172 170
-20.722 29.291 0.968 82 80 83
-20.703 29.310 0.922 193 173 164
-20.708 29.388 0.952 58 58 66
-20.692 29.360 0.904 128 133 139
-20.685 29.306 0.873 181 172 173
-20.713 29.406 0.968 65 74 83
-20.730 29.300 0.991 170 174 185
-20.707 29.325 0.936 215 196 190
-20.742 29.225 1.006 126 131 135
-20.658 29.300 0.801 172 179 195
-20.710 29.249 0.927 205 191 191
-20.721 29.314 0.970 120 109 107
-20.645 29.309 0.769 145 127 125
-20.707 29.262 0.920 192 161 156
-20.734 29.207 0.980 91 81 72
-20.725 29.324 0.981 163 136 129
-20.724 29.376 0.991 188 189 191
-20.729 29.273 0.980 121 137 162
-20.703 29.281 0.916 132 118 109
-20.670 29.284 0.829 164 159 165
-20.728 29.303 0.986 188 187 195
-20.668 29.307 0.830 191 183 181
-20.656 29.303 0.797 148 154 170
-20.728 29.271 0.977 127 141 167
-20.707 29.318 0.935 196 177 162
-20.728 29.327 0.989 89 72 64
-20.724 29.365 0.987 184 187 192
-20.719 29.404 0.983 61 71 72
-20.683 29.260 0.859 154 136 132
-20.748 29.183 1.012 196 176 175
-20.695 29.320 0.902 111 115 118
-20.712 29.310 0.945 198 175 161
-20.741 29.211 1.000 98 102 101
-20.680 29.314 0.863 189 179 178
-20.727 29.323 0.986 147 122 115
-20.717 29.400 0.976 66 71 74
-20.623 29.174 0.766 206 185 190
-20.625 29.207 0.759 205 199 201
-20.613 29.223 0.740 170 168 181
-20.638 29.227 0.769 170 170 178
-20.607 29.190 0.741 204 183 182
-20.641 29.246 0.767 166 164 175
-20.616 29.257 0.734 164 161 168
-20.635 29.207 0.770 203 193 194
-20.639 29.162 0.788 212 194 184
-20.616 29.240 0.739 165 163 176
-20.604 29.224 0.729 198 206 219
-20.623 29.256 0.742 195 183 187
-20.636 29.210 0.772 169 160 163
-20.633 29.217 0.766 125 123 128
-20.657 29.154 0.812 199 193 179
-20.631 29.256 0.753 197 186 190
-20.639 29.181 0.783 205 192 186
-20.614 29.206 0.745 190 175 182
-20.636 29.286 0.750 184 172 172
-20.628 29.218 0.759 156 157 161
-20.647 29.152 0.800 198 205 197
-20.614 29.226 0.740 163 162 178
-20.620 29.243 0.743 182 174 185
-20.614 29.195 0.748 199 184 189
-20.607 29.214 0.734 173 175 187
-20.601 29.213 0.728 190 198 211
-20.594 29.209 0.720 184 193 202
-20.605 29.191 0.739 210 191 193
-20.617 29.241 0.739 166 162 176
-20.628 29.229 0.756 163 166 171
-20.644 29.161 0.795 204 197 179
-20.641 29.163 0.790 212 193 178
-20.600 29.207 0.728 129 137 148
-20.651 29.158 0.804 197 198 190
-20.631 29.212 0.765 187 181 185
-20.611 29.196 0.744 184 163 162
-20.650 29.181 0.796 223 200 184
-20.612 29.212 0.741 180 169 177
-20.612 29.235 0.735 143 150 166
-20.631 29.237 0.758 147 147 155
-20.624 29.218 0.755 165 164 169
-20.629 29.173 0.774 215 198 204
-20.636 29.252 0.760 183 173 181
-20.614 29.231 0.739 156 158 173
-20.628 29.179 0.771 212 193 195
-20.643 29.166 0.791 213 192 175
-20.645 29.188 0.788 189 173 160
-20.626 29.243 0.750 185 180 184
-20.635 29.192 0.774 161 141 140
-20.630 29.275 0.746 188 174 173
-20.631 29.256 0.753 197 186 190
-20.622 29.194 0.759 166 154 158
-20.603 29.197 0.734 120 115 121
-20.640 29.211 0.776 172 168 167
-20.630 29.209 0.764 207 201 203
-20.622 29.261 0.740 191 176 179
-20.637 29.245 0.763 168 165 174
-20.637 29.161 0.786 208 193 190
-20.636 29.266 0.756 193 179 179
-20.619 29.182 0.759 205 186 192
-20.639 29.168 0.787 206 187 183
-20.623 29.234 0.748 162 161 166
-20.644 29.182 0.788 210 192 180
-20.646 29.211 0.784 120 125 118
-20.604 29.195 0.736 169 158 162
-20.641 29.184 0.785 196 185 179
-20.644 29.175 0.790 214 192 171
-20.647 29.178 0.793 218 195 179
-20.642 29.170 0.789 211 189 176
-20.626 29.188 0.766 184 163 168
-20.619 29.209 0.750 207 201 203
-20.649 29.180 0.796 228 205 189
-20.618 29.180 0.758 205 186 192
-20.630 29.180 0.773 191 167 167
-20.633 29.288 0.746 176 161 158
-20.632 29.251 0.756 191 185 189
-20.638 29.217 0.772 106 104 109
-20.625 29.205 0.759 205 199 201
-20.590 28.817 0.710 226 236 248
-20.573 28.813 0.751 175 166 169
-20.686 29.377 0.861 154 149 146
-20.720 29.429 0.903 148 113 120
-20.710 29.412 0.877 85 93 116
-20.703 29.404 0.891 69 67 72
-20.695 29.387 0.830 162 154 151
-20.700 29.393 0.820 110 109 105
-20.660 29.337 0.807 115 123 134
-20.683 29.366 0.786 112 118 130
-20.733 29.434 0.801 207 222 243
-20.712 29.423 0.942 86 101 132
-20.700 29.399 0.877 65 66 68
-20.702 29.405 0.907 83 58 62
-20.718 29.414 0.805 43 50 69
-20.710 29.416 0.914 143 101 103
-20.688 29.376 0.825 173 165 162
-20.695 29.385 0.824 158 154 153
-20.694 29.392 0.892 68 63 70
-20.704 29.398 0.827 64 64 66
-20.695 29.395 0.907 62 60 61
-20.714 29.425 0.950 86 100 127
-20.704 29.410 0.926 77 84 100
-20.705 29.398 0.811 70 75 79
-20.662 29.338 0.795 128 123 127
-20.712 29.419 0.919 91 93 106
-20.674 29.361 0.854 155 141 140
-20.722 29.426 0.859 140 160 171
-20.726 29.424 0.796 128 135 154
-20.665 29.345 0.820 69 67 80
-20.659 29.329 0.760 188 163 158
-20.686 29.371 0.806 164 179 198
-20.706 29.400 0.816 80 82 79
-20.670 29.353 0.833 194 176 172
-20.718 29.419 0.847 109 123 126
-20.670 29.353 0.832 194 176 172
-20.716 29.412 0.807 49 55 69
-20.673 29.351 0.785 142 140 143
-20.717 29.417 0.835 81 89 108
-20.679 29.360 0.779 124 123 128
-20.695 29.394 0.899 66 71 75
-20.706 29.404 0.850 61 64 69
-20.688 29.373 0.800 169 181 193
-20.703 29.396 0.820 84 85 80
-20.700 29.395 0.846 61 57 58
-20.730 29.434 0.828 176 189 208
-20.717 29.418 0.842 85 95 107
-20.708 29.418 0.955 93 104 122
-20.704 29.402 0.860 64 71 77
-20.695 29.393 0.891 68 63 70
-20.730 29.432 0.820 205 213 232
-20.715 29.418 0.873 149 167 191
-20.671 29.355 0.841 184 169 162
-20.685 29.370 0.809 142 155 174
-20.660 29.338 0.816 116 122 134
-20.732 29.433 0.799 212 225 244
-20.688 29.382 0.869 161 160 158
-20.699 29.390 0.815 91 95 94
-20.705 29.410 0.920 84 92 94
-20.690 29.374 0.776 123 131 144
-20.726 29.425 0.808 189 199 224
-20.661 29.338 0.808 116 124 137
-20.691 29.381 0.827 167 158 153
-20.667 29.348 0.823 105 99 109
-20.696 29.387 0.818 149 151 148
-20.712 29.426 0.970 81 100 117
-20.654 29.324 0.767 214 190 180
-20.697 29.398 0.909 70 61 64
-20.657 29.330 0.774 196 170 157
-20.679 29.361 0.800 113 126 145
-20.717 29.424 0.890 148 134 167
-20.690 29.378 0.813 64 67 72
-20.713 29.420 0.912 110 102 115
-20.728 29.433 0.850 120 145 152
-20.686 29.372 0.807 164 179 198
-20.729 29.433 0.833 145 162 182
-20.713 29.418 0.896 136 88 102
-20.719 29.421 0.842 136 150 159
-20.673 29.350 0.772 166 148 138
-20.681 29.362 0.779 119 119 127
-20.732 29.433 0.805 207 219 241
-20.693 29.394 0.912 64 52 56
-20.705 29.411 0.930 85 97 113
-20.694 29.383 0.802 172 182 191
-20.719 29.419 0.836 95 104 121
-20.694 29.385 0.831 162 152 150
-20.668 29.348 0.807 146 154 175
-20.690 29.387 0.894 64 59 66
-20.707 29.417 0.952 93 100 116
-20.650 29.320 0.780 190 172 160
-20.697 29.395 0.878 67 65 66
-20.711 29.413 0.878 90 102 124
-20.681 29.361 0.779 124 123 128
-20.731 29.431 0.803 208 220 242
-20.712 29.406 0.794 62 66 77
-20.687 29.382 0.880 153 153 153
-20.659 29.336 0.810 119 125 137
-20.661 29.336 0.797 125 123 128
-20.709 29.408 0.858 57 64 70
-20.681 29.368 0.834 184 170 167
-20.653 29.323 0.769 221 197 187
-20.676 29.363 0.847 156 141 138
-20.669 29.346 0.772 165 143 130
-20.646 29.313 0.762 148 134 133
-20.724 29.422 0.800 94 102 125
-20.701 29.400 0.881 67 62 69
-20.681 29.371 0.860 155 150 147
-20.679 29.368 0.851 158 144 141
-20.717 29.425 0.907 118 104 121
-20.667 29.349 0.829 200 186 186
-20.720 29.424 0.871 144 165 192
-20.694 29.383 0.810 71 76 79
-20.663 29.338 0.790 150 142 140
-20.689 29.376 0.802 173 186 195
-20.679 29.369 0.867 148 144 143
-20.653 29.321 0.757 169 155 154
-20.725 29.424 0.807 156 166 191
-20.702 29.403 0.890 69 67 72
-20.729 29.428 0.796 185 194 211
-20.686 29.370 0.792 142 152 164
-20.685 29.370 0.806 170 186 209
-20.723 29.424 0.825 192 203 223
-20.697 29.389 0.829 152 148 145
-20.718 29.422 0.863 138 154 169
-20.669 29.348 0.795 129 135 149
-20.727 29.435 0.878 71 97 132
-20.679 29.362 0.810 124 135 157
-20.728 29.428 0.806 206 216 241
-20.695 29.383 0.809 88 96 99
-20.712 29.406 0.801 43 50 60
-20.722 29.424 0.842 145 159 172
-20.731 29.436 0.841 140 157 167
-20.676 29.360 0.825 136 126 134
-20.678 29.367 0.855 175 164 162
-20.680 29.368 0.844 167 152 147
-20.722 29.420 0.814 92 99 118
-20.689 29.385 0.891 62 57 63
-20.718 29.418 0.830 95 101 123
-20.719 29.420 0.849 145 159 162
-20.693 29.391 0.896 64 65 70
-20.715 29.419 0.880 107 123 156
-20.709 29.406 0.837 65 65 75
-20.709 29.418 0.942 82 97 116
-20.710 29.417 0.928 85 100 119
-20.711 29.409 0.846 67 71 80
-20.646 29.312 0.754 139 127 129
-20.701 29.403 0.910 74 58 61
-20.697 29.400 0.920 59 56 65
-20.730 29.434 0.834 145 162 182
-20.686 29.375 0.839 163 150 144
-20.676 29.356 0.783 131 129 132
-20.724 29.431 0.883 78 97 130
-20.731 29.437 0.847 111 131 140
-20.644 29.310 0.764 140 126 125
-20.726 29.430 0.843 150 167 183
-20.671 29.352 0.812 121 127 149
-20.650 29.321 0.778 190 172 160
-20.731 29.436 0.836 136 154 176
-20.727 29.426 0.797 158 166 185
-20.724 29.423 0.806 98 105 131
-20.700 29.404 0.925 67 73 89
-20.727 29.431 0.851 120 145 152
-20.715 29.423 0.917 91 92 110
-20.703 29.409 0.931 87 96 113
-20.696 29.390 0.857 80 78 79
-20.667 29.347 0.811 141 148 167
-20.836 28.887 0.783 156 143 126
-20.882 28.852 0.773 200 212 210
-20.785 28.906 0.766 191 145 119
-20.821 28.894 0.779 181 144 126
-20.877 28.851 0.768 200 206 206
-20.809 28.898 0.775 199 154 135
-20.878 28.858 0.778 193 210 217
-20.880 28.857 0.778 194 212 224
-20.896 28.836 0.764 196 195 190
-20.878 28.860 0.781 186 203 211
-20.854 28.864 0.767 175 171 159
-20.832 28.883 0.775 141 132 115
-20.804 28.895 0.767 173 135 114
-20.794 28.901 0.767 200 157 138
-20.831 28.883 0.773 130 121 104
-20.846 28.877 0.777 179 191 167
-20.834 28.886 0.779 156 139 121
-20.825 28.887 0.773 136 117 103
-20.796 28.899 0.766 185 148 130
-20.853 28.861 0.762 157 152 122
-20.774 28.908 0.760 197 148 115
-20.842 28.880 0.777 165 156 139
-20.883 28.848 0.769 203 209 209
-20.894 28.861 0.795 150 173 217
-20.752 28.923 0.762 169 127 115
-20.862 28.876 0.789 134 138 137
-20.888 28.840 0.763 195 195 187
-20.817 28.882 0.760 110 98 86
-20.845 28.869 0.766 163 162 142
-20.855 28.866 0.769 190 192 181
-20.854 28.876 0.783 179 180 174
-20.728 28.938 0.763 179 146 137
-20.845 28.879 0.780 181 172 155
-20.824 28.896 0.785 175 144 126
-20.897 28.860 0.796 152 177 218
-20.888 28.865 0.796 154 168 203
-20.750 28.928 0.767 159 128 123
-20.883 28.851 0.773 201 213 211
-20.815 28.900 0.783 196 150 135
-20.804 28.889 0.759 136 117 102
-20.876 28.852 0.769 199 203 204
-20.858 28.876 0.786 115 118 111
-20.856 28.871 0.777 194 202 187
-20.778 28.910 0.767 179 135 106
-20.764 28.917 0.764 148 113 93
-20.884 28.850 0.773 201 213 211
-20.739 28.933 0.765 174 150 148
-20.861 28.871 0.782 177 181 180
-20.836 28.876 0.767 144 139 119
-20.835 28.877 0.768 144 139 119
-20.832 28.886 0.778 157 136 117
-20.859 28.858 0.762 166 158 135
-20.863 28.867 0.778 192 202 201
-20.873 28.872 0.811 171 184 219
-20.821 28.890 0.817 164 147 155
-20.755 28.919 0.802 155 120 100
-20.769 28.911 0.812 176 142 115
-20.834 28.878 0.848 90 91 96
-20.879 28.871 0.805 161 175 212
-20.850 28.876 0.828 93 99 111
-20.830 28.878 0.854 83 78 82
-20.796 28.907 0.786 211 160 143
-20.897 28.864 0.805 162 181 223
-20.824 28.890 0.810 159 144 141
-20.833 28.882 0.831 135 123 145
-20.829 28.872 0.881 71 76 82
-20.794 28.894 0.845 184 167 175
-20.830 28.891 0.796 160 142 128
-20.827 28.873 0.879 68 76 79
-20.835 28.881 0.832 77 73 88
-20.807 28.897 0.810 176 157 143
-20.850 28.873 0.841 92 98 114
-20.811 28.895 0.812 170 150 143
-20.837 28.873 0.863 44 48 57
-20.748 28.928 0.772 155 124 106
-20.794 28.894 0.841 182 161 166
-20.766 28.915 0.800 172 129 113
-20.764 28.917 0.795 173 127 114
-20.861 28.879 0.801 137 139 154
-20.839 28.883 0.819 220 217 248
-20.791 28.902 0.813 188 159 145
-20.786 28.910 0.789 203 155 133
-20.780 28.913 0.788 195 147 125
-20.802 28.904 0.788 207 160 142
-20.723 28.940 0.763 183 149 139
-20.841 28.873 0.858 77 79 92
-20.838 28.881 0.827 161 157 174
-20.783 28.907 0.805 195 157 134
-20.725 28.938 0.771 168 148 137
-20.876 28.871 0.808 163 176 210
-20.844 28.872 0.856 104 111 127
-20.797 28.908 0.782 208 156 142
-20.882 28.865 0.824 155 179 207
-20.841 28.886 0.800 137 130 124
-20.841 28.875 0.848 101 105 116
-20.897 28.863 0.807 167 186 226
-20.771 28.909 0.818 179 147 124
-20.743 28.931 0.771 156 130 117
-20.740 28.931 0.774 154 135 120
-20.821 28.897 0.786 181 146 127
-20.898 28.863 0.806 167 186 226
-20.855 28.882 0.797 118 119 114
-20.777 28.908 0.810 189 155 130
-20.800 28.891 0.847 177 160 168
-20.792 28.895 0.844 184 165 171
-20.786 28.911 0.786 201 150 129
-20.802 28.899 0.808 186 157 141
-20.751 28.927 0.775 138 107 86
-20.775 28.912 0.798 182 137 118
-20.856 28.880 0.802 128 128 136
-20.785 28.900 0.832 194 166 162
-20.801 28.888 0.858 160 144 154
-20.815 28.891 0.821 174 153 158
-20.786 28.905 0.809 194 159 139
-20.765 28.918 0.790 171 124 104
-20.798 28.896 0.830 179 157 159
-20.821 28.888 0.827 180 162 188
-20.866 28.872 0.821 175 183 222
-20.749 28.926 0.783 179 143 119
-20.795 28.908 0.781 207 156 139
-20.868 28.867 0.837 139 151 175
-20.849 28.882 0.807 136 135 151
-20.783 28.909 0.797 192 150 128
-20.820 28.888 0.828 180 162 188
-20.770 28.914 0.798 179 133 117
-20.828 28.886 0.825 195 183 205
-20.752 28.925 0.780 168 131 105
-20.788 28.896 0.843 185 162 168
-20.755 28.926 0.773 142 106 82
-20.763 28.920 0.781 176 133 98
-20.805 28.885 0.862 133 123 124
-20.798 28.893 0.842 178 161 167
-20.720 28.941 0.763 186 152 142
-20.791 28.908 0.791 208 162 139
-20.836 28.885 0.812 149 141 154
-20.880 28.871 0.802 159 172 206
-20.781 28.909 0.802 194 153 131
-20.765 28.914 0.806 172 135 108
-20.793 28.905 0.798 196 158 135
-20.782 28.910 0.794 194 149 128
-20.856 28.871 0.842 118 125 143
-20.766 28.914 0.806 172 132 107
-20.783 28.914 0.777 193 143 110
-20.831 28.884 0.828 178 164 190
-20.798 28.895 0.834 176 154 157
-20.801 28.894 0.833 176 154 157
-20.870 28.869 0.825 138 155 173
-20.775 28.906 0.825 193 164 150
-20.823 28.892 0.807 163 146 138
-20.809 28.898 0.804 177 154 136
-20.848 28.884 0.801 126 121 117
-20.847 28.875 0.839 64 70 84
-20.838 28.874 0.859 77 77 89
-20.802 28.904 0.788 207 160 142
-20.837 28.883 0.819 211 206 236
-20.713 28.812 0.760 185 178 170
-20.786 29.112 0.990 51 63 79
-20.788 29.121 0.986 41 39 42
-20.769 29.121 1.008 81 80 88
-20.801 29.098 0.975 22 42 51
-20.772 29.125 1.004 99 96 103
-20.775 29.109 1.004 41 48 67
-20.794 29.104 0.982 31 49 61
-20.782 29.130 0.992 146 138 136
-20.817 29.078 0.961 70 63 57
-20.810 29.090 0.967 29 40 44
-20.778 29.119 0.998 41 41 53
-20.771 29.136 1.002 122 113 114
-20.811 29.082 0.967 33 39 39
-20.776 29.129 0.999 134 128 132
-20.799 29.088 0.979 30 50 59
-20.810 29.089 0.967 29 38 43
-20.768 29.135 1.006 115 109 109
-20.767 29.147 1.005 96 90 90
-20.797 29.091 0.981 29 51 62
-20.795 29.101 0.982 20 40 51
-20.794 29.100 0.983 24 43 57
-20.775 29.137 0.998 127 117 116
-20.787 29.113 0.989 52 64 76
-20.778 29.115 0.999 45 48 65
-20.778 29.130 0.996 132 126 128
-20.805 29.091 0.972 29 44 49
-20.699 29.144 0.804 37 42 46
-20.718 29.151 0.793 65 65 63
-20.718 29.169 0.781 219 217 205
-20.729 29.144 0.794 43 50 58
-20.687 29.141 0.809 35 49 52
-20.726 29.147 0.794 40 44 47
-20.710 29.161 0.789 208 199 192
-20.724 29.136 0.801 76 89 105
-20.720 29.133 0.804 121 136 155
-20.695 29.145 0.805 40 45 51
-20.680 29.138 0.814 35 46 52
-20.701 29.156 0.795 194 189 185
-20.672 29.141 0.815 33 42 37
-20.710 29.142 0.802 41 48 56
-20.695 29.154 0.798 213 194 190
-20.715 29.166 0.784 200 201 187
-20.717 29.133 0.805 117 134 154
-20.705 29.146 0.801 41 45 46
-20.723 29.130 0.806 205 221 246
-20.726 29.140 0.798 40 50 60
-20.694 29.162 0.791 178 178 168
-20.671 29.167 0.781 213 192 175
-20.681 29.156 0.799 179 184 177
-20.667 29.181 0.759 214 196 208
-20.647 29.164 0.782 208 187 186
-20.666 29.165 0.783 216 193 179
-20.663 29.184 0.754 216 195 200
-20.667 29.159 0.792 210 217 201
-20.661 29.151 0.804 183 187 186
-20.615 29.188 0.743 198 173 176
-20.690 29.176 0.769 204 186 176
-20.614 29.188 0.742 195 171 171
-20.701 29.165 0.787 201 213 199
-20.647 29.164 0.783 208 187 186
-20.680 29.174 0.771 204 186 182
-20.691 29.175 0.770 208 189 174
-20.640 29.176 0.763 212 190 193
-20.650 29.173 0.769 209 189 198
-20.675 29.152 0.804 198 190 188
-20.658 29.155 0.797 180 194 181
-20.702 29.171 0.778 208 202 186
-20.636 29.183 0.753 195 176 180
-20.641 29.169 0.775 201 184 192
-20.693 29.164 0.788 203 206 195
-20.629 29.193 0.738 195 178 184
-20.689 29.159 0.794 172 175 166
-20.663 29.153 0.800 167 183 173
-20.612 29.197 0.729 76 73 82
-20.638 29.175 0.765 212 190 193
-20.689 29.157 0.798 201 194 188
-20.678 29.183 0.757 213 194 196
-20.681 29.160 0.791 177 191 176
-20.637 29.193 0.738 194 178 179
-20.653 29.165 0.781 207 185 187
-20.658 29.174 0.769 202 186 197
-20.632 29.183 0.752 206 189 195
-20.664 29.151 0.804 187 193 189
-20.698 29.178 0.766 207 190 174
-20.666 29.148 0.809 188 189 184
-20.661 29.142 0.817 40 44 43
-20.611 29.189 0.741 200 181 187
-20.593 29.203 0.718 169 172 189
-20.624 29.180 0.755 215 196 202
-20.662 29.168 0.778 205 188 181
-20.655 29.162 0.787 213 195 175
-20.591 29.203 0.718 176 185 194
-20.641 29.181 0.757 193 173 175
-20.667 29.157 0.796 179 193 180
-20.694 29.179 0.764 208 194 185
-20.625 29.172 0.768 205 188 198
-20.682 29.167 0.782 207 194 177
-20.612 29.188 0.742 195 171 171
-20.640 29.170 0.773 204 187 195
-20.634 29.189 0.744 197 180 188
-20.639 29.180 0.757 199 175 175
-20.694 29.161 0.792 178 178 168
-20.689 29.171 0.777 214 193 174
