8.828 10.433 2.279 113 111 96
8.820 10.445 2.415 96 99 104
8.831 10.442 2.383 72 69 78
8.803 10.440 2.352 49 48 53
8.819 10.444 2.407 72 75 80
8.824 10.444 2.398 67 70 75
8.826 10.444 2.405 71 72 76
8.819 10.443 2.391 60 59 64
8.803 10.438 2.332 96 95 91
8.830 10.447 2.437 188 189 194
8.830 10.435 2.304 104 102 89
8.818 10.438 2.327 89 90 76
8.800 10.439 2.344 58 58 60
8.823 10.441 2.370 80 77 84
8.827 10.442 2.379 73 70 77
8.808 10.442 2.383 70 69 74
8.827 10.440 2.360 77 75 80
8.828 10.439 2.350 77 76 74
8.825 10.435 2.299 104 102 89
8.825 10.436 2.314 100 101 85
8.810 10.439 2.345 68 67 65
8.822 10.437 2.323 94 95 81
8.828 10.439 2.340 81 81 69
8.803 10.442 2.377 77 76 82
8.826 10.446 2.429 159 158 164
8.809 10.441 2.372 49 46 53
8.819 10.436 2.312 95 96 82
8.765 10.431 2.239 137 135 120
8.787 10.433 2.263 113 114 100
8.742 10.431 2.227 133 133 121
8.796 10.434 2.285 111 109 96
8.728 10.428 2.190 138 138 126
8.792 10.432 2.253 111 112 98
8.775 10.431 2.232 117 118 100
8.775 10.429 2.215 121 122 106
8.794 10.426 2.183 119 118 98
8.755 10.437 2.300 131 129 117
8.714 10.427 2.171 139 139 129
8.807 10.431 2.239 111 113 92
8.828 10.430 2.238 119 118 100
8.744 10.427 2.173 140 138 125
8.824 10.432 2.265 112 115 98
8.740 10.428 2.188 133 134 120
8.828 10.426 2.193 122 123 107
8.815 10.432 2.266 105 106 90
8.681 10.429 2.182 139 136 127
8.831 10.426 2.194 123 124 108
8.749 10.433 2.249 130 127 120
8.811 10.431 2.240 110 112 91
8.810 10.429 2.223 115 117 96
8.801 10.433 2.272 103 104 88
8.801 10.435 2.298 106 104 91
8.815 10.434 2.287 103 101 88
8.766 10.429 2.210 126 127 111
8.748 10.434 2.265 132 133 119
8.791 10.426 2.176 118 119 101
8.786 10.432 2.258 116 117 103
8.820 10.430 2.235 117 119 98
8.792 10.437 2.315 108 108 98
8.781 10.432 2.253 125 126 112
8.740 10.428 2.187 133 134 120
8.771 10.427 2.191 120 121 105
8.810 10.436 2.311 95 96 82
8.733 10.430 2.211 133 133 121
8.747 10.429 2.204 136 137 123
8.829 10.425 2.176 118 119 103
8.801 10.433 2.275 106 107 89
8.785 10.426 2.181 116 118 97
8.768 10.434 2.278 128 129 115
8.796 10.426 2.174 116 117 101
8.804 10.437 2.319 97 97 85
8.710 10.427 2.165 135 133 121
8.793 10.426 2.178 118 119 101
8.770 10.432 2.247 132 130 118
8.798 10.428 2.207 113 114 96
8.785 10.426 2.181 116 118 97
8.763 10.432 2.243 135 133 121
8.771 10.428 2.202 123 124 108
8.774 10.438 2.323 134 136 125
8.805 10.434 2.280 103 104 86
8.743 10.430 2.216 131 131 119
8.792 10.427 2.197 114 115 99
8.705 10.431 2.219 140 140 132
8.768 10.434 2.273 127 128 112
8.757 10.433 2.254 129 126 119
8.709 10.428 2.181 139 137 125
8.809 10.426 2.186 124 123 105
8.774 10.438 2.327 134 135 127
8.757 10.436 2.297 131 129 117
8.694 10.428 2.181 137 134 125
8.696 10.429 2.193 138 138 128
8.787 10.428 2.200 113 114 98
8.768 10.428 2.195 124 125 109
8.772 10.432 2.250 130 127 118
8.796 10.427 2.193 115 116 100
8.733 10.429 2.201 136 136 124
8.786 10.427 2.190 112 113 97
8.753 10.429 2.202 134 135 121
8.806 10.431 2.244 110 112 91
8.784 10.426 2.182 116 118 97
8.750 10.428 2.186 133 134 120
8.761 10.435 2.286 132 128 119
8.806 10.425 2.173 116 117 99
8.726 10.428 2.184 138 136 123
8.780 10.437 2.314 127 127 117
8.807 10.427 2.191 120 121 103
8.795 10.425 2.170 113 114 98
8.787 10.438 2.329 116 116 108
8.756 10.428 2.191 133 134 118
8.784 10.439 2.343 60 60 60
8.746 10.429 2.208 135 136 122
8.817 10.427 2.199 122 123 105
8.786 10.426 2.172 114 115 99
8.789 10.427 2.191 112 113 97
8.747 10.426 2.169 139 140 126
8.695 10.428 2.171 143 143 133
8.829 10.429 2.224 123 125 104
8.758 10.429 2.208 132 133 117
8.767 10.437 2.304 130 128 116
8.752 10.432 2.244 135 132 123
8.810 10.425 2.176 117 118 100
8.796 10.434 2.282 110 111 93
8.810 10.431 2.240 110 112 91
8.807 10.429 2.220 115 117 96
8.758 10.430 2.217 131 132 116
8.719 10.428 2.187 139 137 124
8.788 10.427 2.194 113 114 98
8.770 10.438 2.322 136 137 129
8.752 10.432 2.243 135 132 123
8.796 10.439 2.338 71 71 71
8.693 10.429 2.184 139 136 127
8.824 10.425 2.169 114 117 98
8.724 10.430 2.207 134 134 126
8.686 10.428 2.174 140 140 132
8.683 10.427 2.164 135 133 121
8.694 10.428 2.171 143 143 133
8.828 10.430 2.244 117 118 100
8.771 10.436 2.303 129 127 115
8.796 10.431 2.238 110 111 93
8.799 10.426 2.176 118 119 101
8.823 10.426 2.190 122 123 107
8.760 10.429 2.212 134 135 119
8.710 10.430 2.212 137 137 129
8.781 10.431 2.244 119 120 106
8.706 10.430 2.207 137 137 129
8.766 10.427 2.183 120 121 105
8.795 10.425 2.171 114 115 99
8.763 10.435 2.278 128 129 115
8.800 10.434 2.281 106 107 89
8.779 10.431 2.241 122 123 109
8.811 10.429 2.223 115 117 96
8.715 10.431 2.218 137 137 129
8.769 10.434 2.278 128 129 115
8.784 10.430 2.227 117 118 100
8.741 10.433 2.252 134 131 126
8.735 10.432 2.236 140 140 128
8.815 10.427 2.196 123 124 106
8.749 10.431 2.226 133 134 120
8.804 10.427 2.194 120 121 103
8.758 10.430 2.216 131 132 116
8.790 10.427 2.193 114 115 99
8.815 10.427 2.203 121 122 104
8.754 10.432 2.247 132 129 120
8.696 10.430 2.205 136 136 128
8.800 10.437 2.320 107 107 95
8.704 10.429 2.186 139 137 125
8.762 10.429 2.202 131 132 116
8.814 10.432 2.254 107 108 92
8.806 10.437 2.319 98 99 85
8.745 10.432 2.237 137 135 123
8.776 10.427 2.188 117 118 102
8.813 10.432 2.254 107 108 92
8.811 10.428 2.209 118 119 101
8.735 10.434 2.267 134 134 122
8.708 10.430 2.207 137 137 129
8.769 10.433 2.263 128 129 113
8.802 10.432 2.260 107 108 94
8.707 10.427 2.170 141 141 131
8.795 10.433 2.265 107 108 94
8.746 10.430 2.221 130 131 117
8.799 10.437 2.320 97 97 85
8.793 10.437 2.313 113 113 101
8.685 10.428 2.179 137 137 129
8.801 10.428 2.199 116 117 99
8.733 10.431 2.224 134 134 122
8.831 10.429 2.226 124 126 105
8.723 10.431 2.219 137 137 127
8.778 10.433 2.267 125 126 110
8.733 10.428 2.183 135 136 122
8.730 10.427 2.176 141 139 126
8.748 10.434 2.271 131 132 118
8.764 10.429 2.212 132 133 117
8.745 10.435 2.282 131 131 123
8.809 10.428 2.208 118 119 101
8.679 10.427 2.165 144 142 130
8.820 10.429 2.226 121 123 102
8.807 10.427 2.197 121 122 104
8.779 10.430 2.222 123 124 106
8.764 10.434 2.268 130 131 113
8.829 10.427 2.198 124 125 109
8.729 10.427 2.167 141 141 129
8.805 10.429 2.214 116 117 99
8.817 10.425 2.171 118 119 101
8.804 10.434 2.276 104 105 87
8.706 10.429 2.189 139 137 125
8.788 10.428 2.208 112 113 97
8.701 10.432 2.304 136 137 129
8.711 10.433 2.319 128 129 121
8.722 10.434 2.309 136 136 128
8.708 10.434 2.368 104 104 104
8.713 10.432 2.247 120 119 114
8.786 10.440 2.362 104 104 106
8.740 10.436 2.371 91 92 94
8.702 10.433 2.372 116 116 116
8.706 10.434 2.392 112 117 113
8.694 10.431 2.261 136 137 131
8.707 10.433 2.291 140 136 133
8.697 10.432 2.333 118 119 113
8.706 10.433 2.323 127 128 120
8.735 10.435 2.303 137 134 127
8.681 10.431 2.356 105 105 107
8.692 10.433 2.379 117 119 116
8.696 10.433 2.364 104 104 104
8.743 10.436 2.314 134 135 129
8.690 10.432 2.373 114 116 113
8.754 10.438 2.376 96 96 98
8.700 10.432 2.319 132 133 125
8.689 10.433 2.394 123 129 127
8.691 10.431 2.293 135 136 131
8.734 10.436 2.364 83 84 86
8.738 10.437 2.388 99 101 100
8.764 10.438 2.377 98 97 102
8.681 10.430 2.296 126 129 122
8.732 10.435 2.301 137 134 127
8.724 10.434 2.331 115 118 111
8.707 10.434 2.376 105 105 105
8.708 10.432 2.280 140 137 132
8.695 10.432 2.298 134 135 129
8.719 10.435 2.368 94 94 96
8.672 10.428 2.185 144 135 130
8.713 10.435 2.397 111 117 115
8.694 10.430 2.209 137 136 131
8.694 10.431 2.250 131 130 125
8.687 10.431 2.284 137 133 130
8.686 10.431 2.302 133 134 126
8.780 10.439 2.352 95 95 95
8.721 10.435 2.372 100 100 102
8.713 10.434 2.335 110 112 107
8.688 10.433 2.397 124 133 130
8.686 10.431 2.332 117 118 112
8.722 10.435 2.389 106 108 105
8.687 10.430 2.262 136 137 132
8.727 10.434 2.276 137 134 127
8.732 10.434 2.273 137 137 125
8.744 10.435 2.284 131 131 123
8.736 10.437 2.409 145 151 149
8.688 10.432 2.387 123 128 124
8.709 10.433 2.295 138 137 132
8.736 10.435 2.298 135 132 125
8.697 10.433 2.395 118 124 122
8.788 10.440 2.361 106 106 108
8.734 10.436 2.404 121 127 123
8.705 10.434 2.375 109 109 109
8.694 10.430 2.224 136 136 128
8.723 10.434 2.290 139 134 131
8.687 10.433 2.418 181 191 193
8.710 10.434 2.354 94 96 95
8.707 10.434 2.408 154 163 162
8.720 10.435 2.384 104 106 103
8.688 10.433 2.442 184 190 186
8.685 10.432 2.359 104 104 104
8.726 10.434 2.309 135 135 127
8.743 10.436 2.342 86 88 83
8.714 10.435 2.429 186 195 194
8.751 10.436 2.305 129 127 115
8.709 10.432 2.277 141 138 133
8.747 10.437 2.398 94 99 95
8.712 10.435 2.410 151 160 157
8.740 10.435 2.282 131 131 123
8.699 10.433 2.387 117 122 118
8.681 10.432 2.369 131 130 128
8.736 10.435 2.284 134 134 126
8.740 10.436 2.376 95 95 95
8.722 10.435 2.396 104 109 105
8.689 10.432 2.337 94 99 95
8.751 10.438 2.390 97 99 98
8.688 10.432 2.374 116 118 115
8.712 10.434 2.363 88 89 91
8.727 10.435 2.338 105 106 100
8.687 10.432 2.388 123 128 124
8.740 10.437 2.400 104 110 106
8.686 10.430 2.207 137 136 131
8.745 10.436 2.304 132 129 120
8.747 10.437 2.380 90 90 90
8.736 10.436 2.357 87 91 92
8.700 10.433 2.376 108 108 106
8.715 10.435 2.393 107 112 108
8.757 10.438 2.378 95 95 97
8.673 10.428 2.205 135 137 132
8.693 10.431 2.241 94 91 86
8.695 10.433 2.376 112 114 111
8.731 10.435 2.356 87 91 92
8.694 10.433 2.412 168 178 179
8.682 10.429 2.211 136 135 130
8.711 10.434 2.375 107 107 107
8.706 10.433 2.303 136 136 128
8.679 10.431 2.339 96 101 97
8.760 10.437 2.320 137 138 132
8.681 10.430 2.296 126 129 122
8.714 10.433 2.262 135 136 130
8.757 10.438 2.356 94 99 95
8.709 10.434 2.411 152 161 158
8.684 10.431 2.341 88 93 89
8.717 10.433 2.245 125 122 115
8.681 10.429 2.210 137 136 131
8.726 10.434 2.286 140 135 132
8.695 10.432 2.311 137 138 130
8.707 10.434 2.418 179 188 187
8.744 10.437 2.383 91 93 92
8.758 10.437 2.343 97 99 96
8.700 10.433 2.328 122 123 117
8.755 10.438 2.378 94 94 96
8.743 10.436 2.322 138 139 134
8.693 10.431 2.271 139 138 133
8.757 10.438 2.361 94 96 95
8.719 10.433 2.289 139 134 131
8.728 10.436 2.415 164 173 170
8.691 10.432 2.360 97 97 97
8.685 10.432 2.347 97 99 98
8.682 10.430 2.288 135 137 132
8.675 10.428 2.183 141 136 130
8.697 10.434 2.428 186 194 197
8.770 10.439 2.358 98 103 99
8.756 10.437 2.308 126 126 116
8.743 10.436 2.311 133 133 125
8.700 10.431 2.230 121 121 111
8.726 10.435 2.351 83 87 86
8.741 10.435 2.286 135 130 124
8.719 10.433 2.287 140 135 132
8.694 10.434 2.442 185 191 187
8.717 10.434 2.359 86 90 91
8.722 10.435 2.400 114 120 118
8.736 10.436 2.364 83 84 86
8.736 10.436 2.382 92 94 93
8.707 10.434 2.404 133 142 139
8.752 10.437 2.375 96 96 98
8.763 10.438 2.358 96 101 97
8.691 10.433 2.435 188 194 192
8.728 10.434 2.281 135 135 127
8.735 10.436 2.384 94 96 95
8.682 10.431 2.297 126 129 122
8.691 10.431 2.280 138 134 131
8.693 10.432 2.315 135 136 128
8.786 10.440 2.360 106 106 108
8.682 10.429 2.223 121 121 113
8.778 10.439 2.371 99 99 99
8.727 10.436 2.409 145 154 151
8.685 10.431 2.315 139 140 132
8.741 10.436 2.339 97 98 93
8.704 10.434 2.435 188 194 192
8.729 10.436 2.380 90 90 90
8.683 10.429 2.200 137 137 129
8.677 10.429 2.191 139 139 131
8.747 10.436 2.298 132 130 118
8.742 10.435 2.295 134 131 122
8.708 10.433 2.348 76 78 75
8.683 10.431 2.339 96 101 97
8.693 10.431 2.274 138 137 132
8.746 10.437 2.381 91 93 92
8.738 10.437 2.388 97 99 98
8.828 10.424 2.156 114 109 89
8.720 10.426 2.148 95 82 65
8.790 10.424 2.131 98 78 53
8.800 10.423 2.124 103 82 55
8.760 10.425 2.153 94 87 71
8.821 10.424 2.157 117 110 91
8.800 10.425 2.155 116 109 91
8.823 10.423 2.113 106 86 61
8.757 10.426 2.162 130 131 117
8.767 10.425 2.137 109 85 61
8.812 10.424 2.156 116 109 90
8.824 10.425 2.169 114 117 98
8.725 10.426 2.157 99 93 79
8.789 10.424 2.130 101 79 55
8.802 10.423 2.124 102 81 54
8.780 10.424 2.131 105 84 57
8.717 10.426 2.156 86 77 62
8.781 10.425 2.165 115 113 100
8.764 10.425 2.136 110 86 60
8.791 10.425 2.152 112 99 80
8.800 10.423 2.125 103 82 55
8.796 10.424 2.145 102 86 63
8.753 10.425 2.150 91 80 62
8.725 10.426 2.160 127 123 111
8.756 10.425 2.148 99 82 62
8.824 10.423 2.115 106 86 61
8.777 10.425 2.141 101 85 60
8.795 10.425 2.166 114 112 97
8.797 10.424 2.143 102 86 63
8.801 10.423 2.122 102 81 54
8.788 10.424 2.129 101 80 53
8.823 10.423 2.137 93 77 52
8.741 10.425 2.143 108 91 65
8.728 10.426 2.148 97 84 65
8.786 10.425 2.159 115 109 93
8.815 10.424 2.149 112 99 80
8.828 10.423 2.120 102 82 57
8.804 10.424 2.137 101 83 59
8.706 10.426 2.153 90 81 66
8.817 10.424 2.138 98 80 56
8.816 10.425 2.165 115 114 96
8.773 10.424 2.131 105 81 55
8.818 10.424 2.162 114 111 92
8.760 10.425 2.152 106 93 76
8.697 10.427 2.162 129 125 113
8.733 10.426 2.156 106 104 91
8.829 10.424 2.166 113 116 95
8.766 10.425 2.137 109 85 61
8.830 10.423 2.129 92 76 51
8.687 10.656 2.432 152 150 187
8.686 10.860 2.375 47 49 106
8.683 10.690 2.383 169 172 187
8.676 10.816 2.280 194 196 191
8.681 10.707 2.363 201 206 199
8.679 10.810 2.307 196 198 193
8.689 10.926 2.387 63 65 139
8.683 10.701 2.377 207 206 204
8.687 10.944 2.357 97 103 127
8.683 10.569 2.409 53 62 153
8.678 10.856 2.288 204 203 199
8.678 10.747 2.315 180 184 187
8.685 10.873 2.360 164 168 180
8.684 10.788 2.374 56 66 117
8.690 10.911 2.400 38 46 118
8.683 10.850 2.344 185 178 172
8.680 10.748 2.337 197 201 186
8.688 10.679 2.443 77 80 131
8.684 10.488 2.439 40 52 104
8.695 10.935 2.450 127 134 152
8.683 10.520 2.414 49 59 148
8.691 10.743 2.451 98 101 142
8.683 10.808 2.354 200 206 206
8.685 10.762 2.385 85 94 149
8.691 10.783 2.447 124 132 171
8.683 10.888 2.333 199 192 182
8.687 10.844 2.383 43 50 128
8.687 10.830 2.388 38 50 134
8.683 10.867 2.338 134 124 114
8.685 10.848 2.369 44 48 95
8.693 10.826 2.452 137 131 169
8.687 10.626 2.430 135 141 177
8.674 10.840 2.254 185 189 198
8.693 10.806 2.460 181 187 209
8.678 10.714 2.328 178 180 169
8.678 10.771 2.311 197 202 198
8.676 10.924 2.246 41 49 88
8.673 10.908 2.217 60 59 91
8.691 10.918 2.405 44 54 125
8.680 10.939 2.291 178 182 191
8.690 10.786 2.430 111 92 120
8.685 10.685 2.407 138 143 198
8.688 10.593 2.452 146 155 196
8.687 10.554 2.446 69 84 141
8.682 10.581 2.389 48 57 152
8.687 10.857 2.381 46 49 130
8.678 10.722 2.320 166 168 163
8.695 10.897 2.458 136 147 193
8.686 10.670 2.420 178 176 216
8.678 10.784 2.307 194 199 193
8.693 10.924 2.434 49 59 112
8.673 10.918 2.213 110 108 129
8.692 10.804 2.448 122 121 153
8.686 10.650 2.421 172 172 200
8.677 10.961 2.250 202 205 188
8.679 10.891 2.286 65 64 95
8.676 10.958 2.236 196 206 198
8.677 10.929 2.259 69 71 92
8.679 10.940 2.276 177 182 188
8.678 10.848 2.284 199 199 199
8.685 10.730 2.395 100 102 140
8.679 10.877 2.294 146 143 150
8.694 10.851 2.465 187 197 232
8.685 10.583 2.422 58 66 147
8.679 10.951 2.272 201 208 201
8.683 10.928 2.326 195 200 203
8.680 10.638 2.359 181 179 184
8.687 10.532 2.454 173 185 211
8.684 10.776 2.368 129 134 164
8.687 10.691 2.431 112 109 154
8.686 10.795 2.391 60 64 138
8.684 10.566 2.416 52 63 152
8.683 10.554 2.408 46 61 154
8.685 10.916 2.341 210 209 205
8.682 10.860 2.325 177 164 145
8.681 10.710 2.356 203 209 197
8.682 10.813 2.343 206 209 198
8.678 10.843 2.287 201 200 195
8.685 10.647 2.402 109 114 178
8.683 10.702 2.377 207 206 204
8.680 10.904 2.300 51 51 79
8.675 10.865 2.256 103 112 143
8.692 10.816 2.452 127 122 152
8.688 10.834 2.398 40 52 134
8.686 10.545 2.444 73 86 141
8.675 10.960 2.233 199 206 199
8.676 10.756 2.293 162 167 160
8.675 10.929 2.234 63 76 108
8.688 10.766 2.421 184 181 210
8.686 10.548 2.439 40 52 126
8.680 10.934 2.286 144 150 162
8.672 10.927 2.205 140 144 147
8.684 10.847 2.354 219 217 230
8.674 10.933 2.227 64 70 94
8.677 10.960 2.246 200 207 191
8.687 10.585 2.441 51 63 135
8.676 10.812 2.281 193 195 192
8.692 10.747 2.465 198 206 229
8.680 10.873 2.300 202 195 189
8.678 10.772 2.308 193 198 194
8.686 10.593 2.435 47 56 131
8.685 10.573 2.422 55 65 154
8.682 10.789 2.351 202 208 206
8.675 10.824 2.268 194 193 188
8.682 10.714 2.363 205 207 196
8.686 10.853 2.372 47 49 106
8.684 10.515 2.433 45 57 133
8.687 10.881 2.374 50 55 110
8.684 10.617 2.406 100 104 165
8.675 10.856 2.252 155 158 173
8.686 10.547 2.440 40 52 126
8.678 10.911 2.270 43 56 98
8.673 10.950 2.208 199 203 202
8.683 10.743 2.369 206 207 209
8.685 10.932 2.346 199 201 200
8.680 10.687 2.353 201 204 195
8.685 10.587 2.419 54 63 138
8.688 10.664 2.449 94 106 144
8.686 10.708 2.407 124 135 181
8.677 10.948 2.257 210 210 202
8.684 10.622 2.398 61 70 135
8.679 10.808 2.307 195 197 192
8.680 10.772 2.328 177 182 178
8.681 10.798 2.340 193 199 187
8.685 10.527 2.438 48 57 126
8.687 10.603 2.437 63 72 131
8.676 10.766 2.288 178 180 175
8.686 10.694 2.418 171 176 216
8.681 10.705 2.357 201 210 193
8.688 10.602 2.448 80 91 145
8.686 10.892 2.363 108 110 123
8.690 10.808 2.428 218 155 163
8.691 10.916 2.413 45 52 120
8.682 10.672 2.380 140 141 169
8.696 10.931 2.459 176 178 190
8.692 10.912 2.425 45 50 116
8.679 10.934 2.281 151 157 169
8.676 10.812 2.275 192 194 189
8.679 10.738 2.334 196 197 183
8.677 10.879 2.274 79 83 118
8.681 10.629 2.373 63 69 117
8.689 10.919 2.389 52 56 130
8.692 10.797 2.455 137 143 177
8.677 10.748 2.308 197 203 201
8.684 10.900 2.342 213 208 204
8.677 10.888 2.272 66 74 120
8.683 10.865 2.338 141 131 121
8.690 10.815 2.429 222 167 173
8.683 10.817 2.352 206 213 206
8.686 10.609 2.423 157 169 211
8.685 10.529 2.433 44 51 139
8.691 10.886 2.418 46 49 118
8.678 10.845 2.287 202 201 197
8.677 10.824 2.283 195 196 190
8.675 10.966 2.225 201 197 194
8.687 10.921 2.364 72 71 115
8.684 10.829 2.353 198 204 202
8.675 10.839 2.263 198 202 205
8.683 10.881 2.337 157 146 140
8.678 10.798 2.302 194 199 195
8.678 10.798 2.302 194 199 195
8.690 10.778 2.435 175 171 206
8.682 10.801 2.346 202 209 201
8.681 10.865 2.321 174 155 138
8.677 10.883 2.267 62 76 111
8.680 10.786 2.325 165 169 168
8.678 10.848 2.285 203 202 198
8.687 10.799 2.397 90 69 125
8.682 10.703 2.374 214 213 208
8.686 10.897 2.357 205 203 214
8.690 10.735 2.443 70 73 116
8.686 10.506 2.454 160 167 196
8.681 10.943 2.295 203 208 211
8.686 10.885 2.362 120 124 136
8.681 10.758 2.348 200 206 192
8.686 10.598 2.425 64 73 132
8.688 10.594 2.454 146 155 196
8.677 10.706 2.318 171 173 170
8.679 10.873 2.297 205 201 198
8.684 10.492 2.433 40 51 115
8.681 10.898 2.312 146 137 142
8.688 10.760 2.418 172 168 195
8.684 10.888 2.348 232 223 226
8.688 10.578 2.456 176 189 223
8.690 10.846 2.418 36 44 127
8.684 10.838 2.356 213 217 220
8.682 10.732 2.367 206 207 199
8.694 10.863 2.460 169 171 212
8.677 10.787 2.299 192 197 193
8.675 10.870 2.251 50 58 94
8.685 10.722 2.394 95 99 137
8.676 10.931 2.250 59 65 91
8.690 10.838 2.416 54 61 139
8.691 10.898 2.420 41 46 114
8.681 10.693 2.361 197 203 191
8.695 10.918 2.448 41 52 97
8.692 10.913 2.418 43 48 116
8.687 10.612 2.436 93 99 149
8.674 10.842 2.248 191 191 199
8.686 10.748 2.401 77 79 120
8.677 10.867 2.270 127 131 158
8.684 10.670 2.399 63 69 129
8.677 10.901 2.261 41 53 101
8.677 10.832 2.279 197 196 191
8.681 10.653 2.370 121 121 145
8.688 10.776 2.417 148 143 183
8.682 10.635 2.372 67 71 119
8.689 10.903 2.391 41 44 121
8.693 10.932 2.424 42 48 110
8.679 10.856 2.293 207 207 197
8.679 10.881 2.290 117 114 131
8.678 10.780 2.312 194 199 195
8.691 10.740 2.454 133 138 178
8.688 10.605 2.444 65 76 132
8.689 10.856 2.409 34 43 138
8.689 10.671 2.454 150 159 190
8.692 10.888 2.423 43 47 111
8.677 10.913 2.266 43 55 95
8.682 10.801 2.348 202 209 201
8.687 10.627 2.432 114 119 157
8.692 10.893 2.422 45 48 115
8.684 10.745 2.381 167 167 193
8.685 10.802 2.375 58 64 124
8.687 10.904 2.372 51 53 104
8.679 10.719 2.336 193 196 179
8.683 10.914 2.328 210 210 208
8.683 10.511 2.423 46 55 146
8.685 10.874 2.361 110 116 128
8.686 10.868 2.370 51 55 100
8.689 10.733 2.437 88 90 131
8.680 10.904 2.301 51 51 79
8.686 10.944 2.349 190 193 198
8.683 10.532 2.413 49 60 152
8.674 10.953 2.220 206 205 210
8.691 10.935 2.403 36 46 108
8.696 10.928 2.463 192 187 194
8.693 10.887 2.442 32 44 118
8.683 10.712 2.374 207 208 210
8.680 10.745 2.335 195 197 183
8.684 10.786 2.365 150 152 177
8.676 10.883 2.260 73 86 128
8.683 10.773 2.359 195 203 205
8.676 10.853 2.269 198 200 212
8.682 10.826 2.336 201 203 189
8.685 10.635 2.404 89 98 153
8.686 10.848 2.374 48 51 118
8.688 10.767 2.418 179 178 209
8.684 10.471 2.442 39 51 93
8.685 10.778 2.381 45 56 120
8.689 10.721 2.436 137 136 176
8.683 10.910 2.332 212 208 207
8.682 10.829 2.338 205 207 193
8.686 10.794 2.384 50 62 138
8.684 10.606 2.405 109 113 184
8.684 10.857 2.350 186 179 186
8.677 10.959 2.253 204 205 189
8.681 10.783 2.337 199 205 195
8.678 10.926 2.266 57 61 88
8.676 10.816 2.281 193 195 192
8.682 10.616 2.387 46 60 131
8.679 10.846 2.302 207 203 191
8.677 10.885 2.269 67 76 119
8.683 10.657 2.389 50 54 117
8.690 10.783 2.430 111 98 128
8.685 10.891 2.356 209 209 219
8.688 10.914 2.383 48 47 127
8.687 10.603 2.439 49 58 117
8.688 10.821 2.403 56 51 118
8.686 10.516 2.453 154 163 194
8.680 10.887 2.299 133 128 135
8.686 10.869 2.368 60 66 102
8.691 10.720 2.458 173 182 213
8.687 10.634 2.433 112 116 151
8.682 10.857 2.335 153 144 129
8.691 10.873 2.418 47 49 123
8.680 10.747 2.333 191 194 183
8.689 10.773 2.427 175 170 202
8.683 10.514 2.417 49 58 153
8.679 10.848 2.295 205 201 190
8.689 10.937 2.385 46 50 114
8.675 10.833 2.265 191 193 188
8.688 10.930 2.377 67 66 132
8.679 10.782 2.321 193 197 198
8.691 10.855 2.422 40 47 128
8.677 10.795 2.293 193 197 196
8.687 10.735 2.417 160 167 209
8.695 10.908 2.450 35 38 91
8.680 10.768 2.329 177 182 178
8.692 10.902 2.425 42 45 114
8.682 10.910 2.314 161 161 169
8.686 10.524 2.450 101 114 158
8.685 10.444 2.455 188 189 191
8.684 10.748 2.383 161 164 195
8.684 10.751 2.377 205 207 228
8.687 10.767 2.408 143 148 203
8.687 10.917 2.367 63 61 110
8.681 10.910 2.309 71 73 85
8.680 10.774 2.332 187 192 186
8.680 10.882 2.297 143 138 144
8.676 10.792 2.286 192 194 193
8.682 10.865 2.324 179 162 144
8.689 10.778 2.430 155 149 183
8.681 10.684 2.366 201 203 192
8.683 10.571 2.407 53 62 155
8.679 10.747 2.331 191 194 183
8.693 10.916 2.435 40 50 111
8.685 10.931 2.346 199 201 200
8.687 10.609 2.440 65 74 131
8.690 10.733 2.442 69 72 115
8.677 10.778 2.298 185 190 186
8.686 10.694 2.414 165 172 216
8.688 10.629 2.439 69 76 120
8.691 10.781 2.443 143 146 187
8.688 10.762 2.423 179 175 202
8.683 10.569 2.400 47 62 157
8.675 10.828 2.259 195 197 192
8.686 10.615 2.421 154 159 197
8.683 10.654 2.394 44 49 115
8.691 10.893 2.418 42 47 115
8.680 10.728 2.347 199 202 181
8.675 10.839 2.263 198 202 205
8.678 10.801 2.297 194 198 197
8.687 10.648 2.432 163 162 196
8.694 10.864 2.456 141 144 199
8.691 10.912 2.407 39 49 121
8.678 10.667 2.339 194 195 187
8.687 10.760 2.412 130 131 162
8.688 10.921 2.376 64 63 133
8.681 10.813 2.335 199 202 191
8.678 10.821 2.293 196 198 193
8.677 10.923 2.256 51 56 88
8.690 10.902 2.406 37 45 118
8.682 10.552 2.402 46 58 158
8.693 10.853 2.451 81 89 152
8.687 10.787 2.399 76 68 127
8.684 10.617 2.400 67 76 145
8.684 10.888 2.338 197 190 182
8.686 10.608 2.423 137 148 193
8.681 10.725 2.353 203 206 187
8.675 10.847 2.261 193 197 206
8.688 10.921 2.373 65 63 126
8.689 10.742 2.438 101 103 144
8.693 10.790 2.465 193 197 224
8.692 10.875 2.429 42 46 120
8.674 10.951 2.219 206 205 210
8.685 10.681 2.405 107 114 166
8.692 10.909 2.427 45 48 115
8.687 10.867 2.381 49 53 126
8.686 10.573 2.431 46 57 147
8.691 10.845 2.426 52 63 142
8.683 10.919 2.326 212 216 217
8.687 10.530 2.457 192 203 225
8.687 10.770 2.403 105 110 168
8.686 10.739 2.404 104 112 158
8.683 10.528 2.411 49 60 152
8.683 10.654 2.392 47 52 118
8.693 10.891 2.434 36 43 111
8.681 10.881 2.315 163 139 135
8.682 10.799 2.343 195 201 189
8.679 10.896 2.292 63 62 93
8.682 10.932 2.314 190 204 207
8.672 10.948 2.203 190 195 191
8.675 10.884 2.249 84 90 140
8.685 10.500 2.449 78 92 129
8.683 10.542 2.414 47 60 152
8.688 10.592 2.458 183 194 226
8.693 10.797 2.465 193 204 222
8.685 10.807 2.371 78 82 129
8.692 10.786 2.456 128 142 179
8.693 10.801 2.466 194 205 223
8.695 10.885 2.465 181 186 218
8.678 10.730 2.325 166 167 161
8.686 10.694 2.410 148 156 203
8.674 10.930 2.223 53 59 83
8.683 10.517 2.422 50 57 147
8.673 10.896 2.222 51 46 68
8.686 10.642 2.422 185 187 212
8.687 10.717 2.416 163 171 208
8.692 10.766 2.457 162 165 200
8.682 10.740 2.355 200 204 187
8.691 10.723 2.462 186 195 224
8.684 10.767 2.374 139 147 184
8.690 10.913 2.404 40 50 121
8.687 10.756 2.412 151 151 189
8.690 10.850 2.421 31 39 124
8.678 10.947 2.267 215 212 205
8.688 10.901 2.383 45 46 128
8.686 10.857 2.374 47 49 106
8.681 10.792 2.335 189 195 185
8.677 10.923 2.256 51 56 88
8.676 10.886 2.258 77 89 137
8.694 10.887 2.452 92 103 159
8.690 10.844 2.421 52 63 145
8.688 10.563 2.461 200 213 230
8.681 10.936 2.297 166 173 183
8.685 10.848 2.361 138 136 157
8.685 10.560 2.430 46 59 153
8.681 10.658 2.370 136 134 155
8.683 10.913 2.323 211 211 209
8.680 10.905 2.300 51 51 79
8.676 10.830 2.273 197 196 191
8.682 10.935 2.308 166 177 183
8.679 10.721 2.333 187 189 175
8.677 10.773 2.303 186 191 187
8.690 10.822 2.428 213 180 197
8.686 10.780 2.389 44 56 132
8.687 10.624 2.434 95 99 144
8.685 10.886 2.351 218 211 218
8.681 10.672 2.370 202 200 205
8.692 10.938 2.416 34 43 108
8.685 10.809 2.377 51 58 126
8.690 10.924 2.394 59 66 136
8.679 10.719 2.333 186 188 174
8.680 10.636 2.360 181 179 184
8.690 10.704 2.459 166 179 213
8.690 10.828 2.425 191 168 197
8.681 10.864 2.322 179 162 144
8.685 10.598 2.421 71 80 137
8.683 10.774 2.360 195 203 205
8.682 10.679 2.374 211 211 213
8.684 10.951 2.324 194 193 198
8.673 10.896 2.224 38 34 57
8.687 10.772 2.409 152 155 196
8.674 10.879 2.237 164 152 172
8.688 10.938 2.373 53 55 106
8.688 10.563 2.456 178 192 221
8.684 10.814 2.357 194 202 205
8.692 10.829 2.448 115 108 149
8.679 10.770 2.316 167 173 173
8.692 10.867 2.434 34 42 127
8.680 10.938 2.283 177 181 190
8.681 10.616 2.366 83 86 117
8.684 10.622 2.398 61 70 135
8.688 10.941 2.372 52 54 103
8.686 10.607 2.430 107 117 168
8.682 10.727 2.364 203 206 197
8.677 10.825 2.283 195 196 190
8.692 10.940 2.420 33 38 102
8.690 10.907 2.403 36 44 116
8.687 10.733 2.418 166 175 218
8.687 10.588 2.437 46 55 130
8.683 10.772 2.357 200 209 208
8.684 10.540 2.421 49 59 154
8.694 10.880 2.452 95 100 164
8.690 10.767 2.439 137 132 173
8.691 10.846 2.426 51 63 145
8.684 10.643 2.394 45 52 122
8.690 10.633 2.458 179 191 217
8.679 10.759 2.324 160 164 163
8.685 10.819 2.371 77 81 128
8.695 10.894 2.459 157 173 207
8.691 10.844 2.432 46 58 130
8.677 10.768 2.296 175 180 176
8.683 10.675 2.385 85 90 130
8.682 10.920 2.316 186 195 202
8.680 10.675 2.357 198 199 191
8.687 10.518 2.457 181 191 216
8.697 10.928 2.468 188 186 191
8.673 10.907 2.225 102 97 117
8.690 10.791 2.436 116 103 133
8.679 10.884 2.291 104 101 122
8.676 10.872 2.262 92 101 134
8.680 10.633 2.356 199 196 191
8.692 10.827 2.444 156 146 183
8.693 10.923 2.435 50 61 117
8.684 10.843 2.357 189 188 202
8.684 10.839 2.350 225 226 228
8.682 10.555 2.397 46 58 158
8.679 10.719 2.336 191 194 177
8.677 10.728 2.311 187 193 191
8.675 10.824 2.261 195 196 190
8.687 10.873 2.381 51 55 128
8.679 10.909 2.282 57 64 110
8.683 10.583 2.403 54 61 152
8.680 10.772 2.330 177 182 178
8.692 10.782 2.453 125 133 172
8.685 10.681 2.405 107 114 166
8.673 10.904 2.226 66 67 95
8.681 10.936 2.301 184 191 197
8.681 10.812 2.332 198 201 192
8.681 10.695 2.359 200 206 196
8.694 10.863 2.456 141 144 199
8.692 10.801 2.451 133 133 169
8.688 10.769 2.420 189 188 222
8.677 10.761 2.297 178 183 179
8.681 10.944 2.301 205 213 215
8.682 10.811 2.341 205 208 197
8.683 10.504 2.427 45 56 138
8.683 10.570 2.409 53 62 155
8.686 10.474 2.458 191 200 215
8.680 10.776 2.329 181 185 184
8.679 10.682 2.345 201 204 195
8.693 10.878 2.438 37 46 125
8.681 10.769 2.337 199 205 193
8.685 10.857 2.357 178 182 194
8.683 10.704 2.386 176 180 191
8.693 10.874 2.442 53 64 146
8.678 10.956 2.263 209 205 193
8.683 10.621 2.391 46 58 130
8.687 10.779 2.398 57 58 123
8.685 10.681 2.404 107 114 166
8.672 10.932 2.201 190 195 191
8.688 10.862 2.390 43 49 133
8.688 10.901 2.378 48 48 118
8.677 10.701 2.321 169 171 166
8.684 10.524 2.422 49 59 148
8.685 10.513 2.438 46 58 118
8.694 10.918 2.437 53 64 120
8.680 10.865 2.308 193 175 163
8.681 10.944 2.298 200 205 208
8.694 10.852 2.462 174 182 221
8.680 10.819 2.318 199 202 193
8.683 10.800 2.359 181 188 194
8.692 10.817 2.447 118 101 133
8.678 10.772 2.309 193 198 194
8.688 10.789 2.414 97 67 103
8.680 10.955 2.283 199 201 196
8.685 10.772 2.382 69 80 144
8.680 10.679 2.355 198 199 191
8.680 10.721 2.343 200 203 184
8.689 10.835 2.413 38 44 118
8.690 10.697 2.456 149 159 195
8.688 10.588 2.451 108 120 180
8.676 10.782 2.288 186 188 185
8.684 10.879 2.349 167 160 167
8.686 10.878 2.367 59 67 103
8.687 10.914 2.368 60 61 107
8.682 10.625 2.382 53 66 134
8.678 10.692 2.334 190 193 184
8.691 10.852 2.430 65 75 164
8.684 10.840 2.353 214 214 222
8.688 10.825 2.405 52 51 119
8.691 10.925 2.405 49 62 130
8.689 10.728 2.437 90 92 133
8.682 10.877 2.321 179 160 146
8.687 10.815 2.392 68 64 148
8.691 10.860 2.429 42 52 141
8.686 10.912 2.360 148 151 166
8.689 10.690 2.446 78 81 132
8.674 10.953 2.224 204 207 212
8.692 10.834 2.441 94 96 144
8.685 10.934 2.345 195 197 196
8.680 10.937 2.283 177 181 190
8.691 10.898 2.413 38 45 117
8.683 10.635 2.393 47 56 125
8.675 10.933 2.234 73 87 114
8.676 10.797 2.282 191 193 190
8.677 10.728 2.313 193 194 198
8.686 10.633 2.420 169 173 198
8.679 10.815 2.306 197 200 193
8.676 10.777 2.289 179 184 180
8.687 10.890 2.373 49 51 108
8.693 10.811 2.459 160 166 192
8.691 10.837 2.428 55 63 125
8.695 10.846 2.467 185 199 234
8.685 10.812 2.370 104 106 144
8.676 10.871 2.261 78 88 124
8.681 10.617 2.370 61 66 106
8.680 10.775 2.325 163 167 166
8.689 10.734 2.438 88 90 131
8.690 10.726 2.445 87 90 133
8.680 10.895 2.294 79 79 103
8.677 10.817 2.291 196 198 195
8.686 10.503 2.456 183 193 220
8.685 10.766 2.381 82 92 151
8.686 10.680 2.423 173 171 210
8.674 10.917 2.232 58 63 95
8.692 10.938 2.417 34 43 108
8.686 10.531 2.443 53 63 124
8.684 10.570 2.416 52 62 149
8.686 10.837 2.375 47 51 114
8.688 10.850 2.397 42 53 132
8.691 10.764 2.449 104 96 143
8.689 10.698 2.447 77 80 131
8.691 10.700 2.462 190 201 231
8.681 10.824 2.328 202 204 193
8.690 10.887 2.404 45 49 123
8.690 10.881 2.410 42 45 124
8.682 10.869 2.331 169 157 143
8.676 10.803 2.277 190 192 187
8.678 10.933 2.268 110 112 127
8.687 10.914 2.367 69 71 112
8.681 10.908 2.306 57 56 72
8.678 10.849 2.287 203 202 198
8.682 10.618 2.378 44 58 119
8.677 10.855 2.278 202 202 210
8.687 10.819 2.391 52 56 143
8.686 10.817 2.387 54 60 146
8.689 10.735 2.440 70 73 116
8.693 10.926 2.432 52 61 116
8.686 10.511 2.452 124 131 160
8.684 10.736 2.378 208 203 209
8.687 10.852 2.381 46 49 126
8.678 10.807 2.297 197 199 196
8.683 10.891 2.336 203 199 190
8.695 10.933 2.447 74 84 111
8.690 10.818 2.424 233 187 200
8.674 10.930 2.221 53 59 83
8.686 10.482 2.459 188 199 217
8.684 10.723 2.381 197 194 205
8.687 10.797 2.397 89 70 125
8.685 10.691 2.410 154 160 210
8.686 10.915 2.356 188 190 202
8.677 10.759 2.301 186 191 187
8.689 10.893 2.397 43 49 123
8.690 10.829 2.426 158 146 184
8.685 10.801 2.372 78 82 130
8.682 10.828 2.333 203 203 191
8.681 10.666 2.368 194 192 195
8.684 10.535 2.423 49 58 153
8.683 10.594 2.397 51 58 148
8.680 10.689 2.352 202 205 196
8.688 10.856 2.399 39 49 136
8.680 10.808 2.324 204 207 200
8.673 10.876 2.231 158 145 155
8.687 10.602 2.441 55 65 124
8.684 10.686 2.394 72 82 118
8.675 10.837 2.259 191 195 198
8.680 10.740 2.339 201 204 185
8.695 10.923 2.452 88 94 120
8.683 10.779 2.365 161 165 190
8.677 10.740 2.302 176 181 177
8.683 10.658 2.392 48 54 116
8.680 10.663 2.357 206 206 196
8.681 10.590 2.380 50 56 134
8.686 10.817 2.378 51 58 126
8.677 10.712 2.319 177 179 176
8.682 10.636 2.376 58 62 123
8.683 10.813 2.348 207 212 205
8.683 10.602 2.401 67 74 155
8.693 10.922 2.434 50 61 117
8.686 10.556 2.438 41 53 135
8.685 10.743 2.391 117 117 151
8.674 10.937 2.228 82 90 111
8.681 10.623 2.366 81 82 110
8.690 10.922 2.403 49 59 128
8.687 10.637 2.428 163 165 190
8.680 10.795 2.326 178 183 177
8.684 10.668 2.403 104 108 171
8.688 10.879 2.389 44 49 130
8.677 10.885 2.269 67 76 119
8.696 10.912 2.468 197 201 228
8.690 10.916 2.402 43 53 124
8.688 10.766 2.413 178 182 217
8.678 10.958 2.266 208 204 192
8.680 10.743 2.333 195 197 184
8.689 10.809 2.422 219 160 166
8.681 10.879 2.311 165 142 136
8.677 10.833 2.286 202 201 196
8.689 10.893 2.393 45 50 131
8.684 10.600 2.405 88 94 170
8.678 10.705 2.329 181 186 179
8.690 10.790 2.431 119 90 118
8.684 10.495 2.434 37 49 107
8.686 10.770 2.400 81 85 146
8.678 10.814 2.298 198 200 197
8.680 10.949 2.285 200 204 203
8.691 10.762 2.455 129 126 171
8.676 10.838 2.269 193 193 195
8.680 10.883 2.298 136 129 136
8.676 10.798 2.282 191 193 190
8.682 10.784 2.346 199 205 195
8.687 10.844 2.392 42 51 128
8.690 10.672 2.462 198 208 235
8.680 10.820 2.322 201 204 195
8.678 10.811 2.295 197 199 196
8.687 10.921 2.371 68 65 120
8.679 10.660 2.348 200 200 192
8.685 10.808 2.379 51 58 126
8.687 10.540 2.452 133 147 176
8.689 10.808 2.421 219 160 166
8.683 10.638 2.387 47 55 130
8.688 10.608 2.444 73 82 137
8.687 10.917 2.362 97 100 117
8.689 10.885 2.396 43 49 125
8.679 10.946 2.276 199 205 201
8.688 10.732 2.430 156 160 197
8.685 10.898 2.347 219 213 215
8.686 10.890 2.364 72 77 109
8.681 10.773 2.338 197 203 191
8.687 10.719 2.422 157 162 194
8.692 10.753 2.460 186 193 219
8.675 10.902 2.246 46 54 100
8.681 10.897 2.307 134 127 134
8.695 10.886 2.457 136 143 195
8.691 10.941 2.408 31 40 107
8.693 10.835 2.458 164 172 211
8.682 10.801 2.344 198 204 194
8.688 10.690 2.435 92 90 139
8.690 10.815 2.430 222 167 173
8.678 10.762 2.311 197 201 200
8.687 10.714 2.417 163 171 208
8.693 10.882 2.443 34 43 120
8.692 10.901 2.424 42 45 114
8.691 10.906 2.416 40 43 112
8.683 10.881 2.330 182 170 158
8.686 10.583 2.431 50 60 145
8.684 10.885 2.347 223 214 217
8.682 10.612 2.383 45 57 129
8.687 10.671 2.430 155 152 195
8.684 10.930 2.327 190 195 198
8.687 10.618 2.439 74 80 128
8.690 10.705 2.456 158 170 208
8.695 10.901 2.453 46 46 96
8.675 10.892 2.248 90 96 148
8.675 10.843 2.260 188 192 201
8.678 10.799 2.305 194 199 193
8.676 10.786 2.279 189 191 186
8.684 10.772 2.375 99 107 153
8.694 10.857 2.459 163 170 212
8.687 10.715 2.419 165 169 204
8.695 10.906 2.453 43 44 92
8.689 10.661 2.456 146 155 186
8.686 10.772 2.396 48 55 125
8.693 10.829 2.455 152 151 193
8.677 10.935 2.257 133 133 143
8.685 10.461 2.455 192 199 209
8.685 10.775 2.383 46 59 129
8.678 10.885 2.280 60 60 94
8.686 10.949 2.346 194 195 197
8.682 10.900 2.320 217 210 200
8.678 10.763 2.315 186 192 192
8.687 10.570 2.449 103 120 174
8.693 10.863 2.444 56 67 147
8.681 10.958 2.293 191 193 188
8.705 10.591 2.478 196 204 206
8.699 10.635 2.472 201 207 221
8.696 10.710 2.469 197 208 226
8.693 10.604 2.466 195 206 226
8.696 10.746 2.469 201 209 230
8.709 10.612 2.482 196 205 212
8.697 10.557 2.470 197 207 209
8.689 10.499 2.462 188 200 216
8.692 10.688 2.465 195 207 231
8.698 10.902 2.471 188 202 228
8.686 10.478 2.460 191 200 217
8.701 10.815 2.474 202 206 215
8.690 10.507 2.463 191 200 215
8.700 10.790 2.472 209 211 226
8.701 10.767 2.474 200 206 220
8.703 10.767 2.476 202 206 218
8.694 10.594 2.466 201 210 225
8.699 10.880 2.471 209 207 228
8.704 10.705 2.478 196 206 215
8.704 10.572 2.477 194 203 200
8.696 10.853 2.469 194 205 235
8.693 10.716 2.466 193 203 230
8.695 10.838 2.467 197 206 235
8.701 10.769 2.474 200 206 220
8.693 10.534 2.466 196 205 212
8.700 10.766 2.473 199 205 221
8.691 10.588 2.463 198 209 227
8.695 10.809 2.467 200 206 220
8.709 10.667 2.482 197 204 214
8.707 10.642 2.479 196 204 217
8.694 10.800 2.466 196 205 220
8.700 10.704 2.473 196 210 221
8.698 10.571 2.471 197 207 206
8.691 10.510 2.464 194 203 212
8.701 10.581 2.474 196 206 207
8.706 10.718 2.479 198 208 220
8.697 10.593 2.470 200 210 219
8.696 10.603 2.469 198 207 222
8.697 10.901 2.469 189 203 229
8.699 10.708 2.472 200 209 226
8.686 10.473 2.460 191 200 215
8.688 10.483 2.461 191 203 217
8.700 10.748 2.474 200 207 223
8.700 10.677 2.473 196 209 218
8.696 10.869 2.468 206 203 230
8.710 10.629 2.483 196 204 215
8.698 10.543 2.471 197 202 206
8.702 10.685 2.475 194 207 216
8.691 10.585 2.464 198 209 227
8.710 10.641 2.482 195 203 214
8.702 10.625 2.475 199 207 220
8.707 10.686 2.480 195 204 213
8.696 10.851 2.468 194 205 235
8.701 10.623 2.474 199 205 219
8.708 10.665 2.482 198 202 213
8.701 10.593 2.473 199 208 215
8.686 10.440 2.459 189 191 190
8.692 10.731 2.465 197 204 232
8.691 10.577 2.464 197 211 224
8.693 10.496 2.466 192 204 216
8.694 10.561 2.467 197 208 212
8.690 10.638 2.463 194 200 222
8.706 10.636 2.479 196 204 217
8.696 10.626 2.469 201 206 225
8.705 10.710 2.478 195 205 215
8.693 10.573 2.466 198 211 217
8.697 10.800 2.469 201 209 220
8.695 10.835 2.467 199 206 234
8.693 10.552 2.466 197 206 211
8.705 10.631 2.478 197 205 218
8.693 10.548 2.466 196 205 210
8.702 10.680 2.475 196 206 216
8.689 10.584 2.462 198 210 234
8.690 10.659 2.463 198 209 229
8.702 10.704 2.476 195 208 217
8.709 10.651 2.481 196 204 215
8.691 10.524 2.464 195 203 216
8.693 10.646 2.466 200 205 224
8.711 10.630 2.484 194 203 212
8.696 10.810 2.469 200 206 220
8.679 10.477 2.345 182 187 181
8.676 10.560 2.272 186 185 165
8.674 10.439 2.257 129 130 125
8.671 10.616 2.183 52 56 67
8.677 10.577 2.297 191 193 172
8.674 10.790 2.261 185 186 180
8.670 10.445 2.176 110 105 102
8.678 10.571 2.315 196 195 177
8.675 10.495 2.271 176 182 172
8.677 10.612 2.292 186 189 172
8.676 10.734 2.288 165 170 166
8.675 10.683 2.282 187 190 183
8.681 10.593 2.373 63 67 115
8.680 10.590 2.354 201 198 191
8.674 10.618 2.235 174 176 171
8.675 10.560 2.266 184 183 163
8.677 10.520 2.302 182 188 176
8.671 10.669 2.193 36 36 72
8.683 10.516 2.414 50 56 150
8.671 10.588 2.189 143 147 158
8.680 10.530 2.356 191 194 199
8.675 10.683 2.270 158 160 155
8.683 10.475 2.419 35 47 107
8.682 10.512 2.398 44 61 143
8.682 10.526 2.409 49 60 152
8.677 10.516 2.295 179 186 178
8.671 10.654 2.192 34 36 77
8.675 10.630 2.254 182 184 173
8.680 10.546 2.353 197 202 196
8.676 10.489 2.279 177 183 173
8.679 10.446 2.343 144 145 140
8.681 10.482 2.379 40 47 101
8.684 10.434 2.436 188 194 194
8.673 10.564 2.231 173 174 166
8.677 10.447 2.306 114 110 109
8.675 10.530 2.261 156 157 149
8.673 10.823 2.235 188 187 185
8.674 10.537 2.252 182 184 171
8.672 10.455 2.215 138 137 132
8.673 10.796 2.224 181 181 169
8.675 10.447 2.276 125 126 120
8.680 10.487 2.357 172 176 188
8.681 10.568 2.374 53 57 121
8.674 10.585 2.241 178 178 168
8.681 10.471 2.386 47 54 100
8.672 10.539 2.194 176 181 175
8.677 10.577 2.296 191 193 172
8.674 10.833 2.248 193 196 203
8.673 10.684 2.236 185 182 175
8.681 10.499 2.384 45 59 132
8.679 10.481 2.340 177 180 169
8.671 10.672 2.198 32 31 75
8.674 10.666 2.262 149 152 145
8.671 10.706 2.199 26 30 77
8.675 10.513 2.257 179 182 171
8.673 10.722 2.244 151 147 146
8.672 10.782 2.222 179 180 166
8.671 10.489 2.186 102 97 104
8.672 10.594 2.194 180 182 181
8.675 10.516 2.271 173 179 169
8.677 10.673 2.318 194 197 190
8.678 10.655 2.331 184 185 177
8.672 10.820 2.219 160 162 151
8.674 10.577 2.250 183 180 163
8.675 10.463 2.272 143 146 137
8.673 10.756 2.226 174 175 167
8.674 10.590 2.233 176 175 170
8.681 10.579 2.379 50 54 127
8.678 10.682 2.326 169 172 163
8.674 10.451 2.255 115 118 109
8.676 10.523 2.283 166 169 160
8.680 10.489 2.364 116 120 147
8.674 10.485 2.236 166 169 160
8.672 10.905 2.211 57 56 90
8.671 10.478 2.178 160 146 143
8.672 10.676 2.216 183 185 182
8.671 10.662 2.197 41 39 78
8.674 10.728 2.246 152 150 151
8.677 10.655 2.325 160 163 154
8.671 10.739 2.203 59 70 90
8.672 10.814 2.215 176 173 166
8.678 10.536 2.323 170 176 166
8.673 10.792 2.227 180 182 169
8.681 10.501 2.392 42 54 136
8.674 10.772 2.251 169 168 164
8.681 10.444 2.387 135 141 139
8.673 10.574 2.219 165 165 157
8.672 10.714 2.222 179 180 174
8.677 10.627 2.307 187 191 174
8.679 10.644 2.336 201 201 191
8.673 10.567 2.224 170 173 162
8.675 10.599 2.252 183 181 168
8.675 10.583 2.267 185 183 168
8.677 10.496 2.307 183 189 175
8.673 10.820 2.231 188 187 183
8.674 10.467 2.249 166 169 158
8.670 10.462 2.177 115 102 94
8.677 10.697 2.319 183 185 180
8.680 10.438 2.363 127 127 129
8.673 10.498 2.219 167 170 161
8.675 10.449 2.274 125 128 121
8.677 10.598 2.294 188 191 172
8.676 10.689 2.298 163 169 159
8.677 10.702 2.310 189 194 188
8.675 10.621 2.253 181 181 171
8.673 10.820 2.231 188 187 183
8.677 10.630 2.299 186 190 173
8.678 10.492 2.323 169 171 158
8.684 10.476 2.434 33 45 93
8.672 10.613 2.192 183 184 186
8.675 10.604 2.257 185 183 168
8.676 10.565 2.291 189 190 172
8.672 10.773 2.212 171 173 168
8.676 10.670 2.295 175 179 165
8.671 10.836 2.198 58 56 77
8.675 10.573 2.261 185 182 167
8.678 10.483 2.331 189 191 177
8.683 10.468 2.424 36 49 101
8.671 10.749 2.197 50 60 87
8.677 10.515 2.302 174 181 173
8.681 10.516 2.376 42 53 119
8.672 10.563 2.199 165 167 156
8.675 10.447 2.269 128 129 123
8.674 10.554 2.248 180 181 165
8.672 10.792 2.205 128 129 124
8.675 10.683 2.276 183 186 179
8.677 10.677 2.307 195 199 185
8.672 10.680 2.223 185 184 179
8.672 10.441 2.215 140 139 134
8.671 10.430 2.180 142 139 132
8.681 10.510 2.375 39 50 114
8.672 10.502 2.199 167 167 159
8.676 10.665 2.303 180 184 169
8.683 10.449 2.425 149 160 180
8.677 10.700 2.316 178 180 177
8.673 10.697 2.233 179 176 167
8.678 10.601 2.317 191 195 172
8.679 10.494 2.351 199 200 195
8.683 10.521 2.412 50 60 149
8.672 10.726 2.214 158 161 180
8.683 10.455 2.417 116 130 157
8.683 10.504 2.420 45 54 145
8.671 10.734 2.198 28 39 69
8.674 10.537 2.235 172 175 166
8.679 10.639 2.347 204 201 194
8.676 10.536 2.281 177 181 167
8.673 10.812 2.232 184 181 174
8.683 10.440 2.426 180 191 197
8.675 10.462 2.266 140 143 136
8.672 10.812 2.219 182 182 170
8.672 10.789 2.213 161 161 151
8.680 10.610 2.365 118 121 140
8.678 10.554 2.322 190 194 180
8.673 10.788 2.233 185 188 177
8.682 10.510 2.411 50 57 148
8.682 10.522 2.405 50 59 152
8.670 10.461 2.177 115 102 94
8.673 10.613 2.224 177 174 169
8.677 10.472 2.307 171 178 162
8.672 10.572 2.195 180 182 177
8.673 10.655 2.235 175 175 167
8.681 10.583 2.376 44 48 111
8.678 10.577 2.315 193 192 172
8.673 10.715 2.234 182 179 170
8.672 10.789 2.207 139 139 137
8.679 10.455 2.338 156 159 150
8.676 10.442 2.291 123 124 118
8.679 10.482 2.343 177 180 171
8.677 10.476 2.295 178 187 170
8.678 10.493 2.325 169 171 158
8.674 10.630 2.239 167 169 164
8.676 10.551 2.276 185 186 168
8.675 10.764 2.276 177 179 174
8.674 10.472 2.254 175 178 167
8.674 10.743 2.255 184 182 183
8.676 10.481 2.289 180 188 175
8.677 10.520 2.296 181 187 175
8.683 10.454 2.421 114 125 155
8.676 10.581 2.276 186 184 169
8.682 10.453 2.399 126 138 152
8.671 10.520 2.184 67 71 83
8.676 10.441 2.295 122 123 117
8.675 10.730 2.277 184 186 183
8.675 10.550 2.267 180 182 161
8.670 10.515 2.172 126 112 111
8.680 10.610 2.366 89 93 122
8.679 10.584 2.345 202 199 190
8.680 10.588 2.355 204 201 194
8.679 10.646 2.332 178 180 169
8.677 10.556 2.301 186 189 172
8.676 10.590 2.278 186 187 173
8.673 10.852 2.221 99 84 105
8.680 10.528 2.362 145 144 158
8.674 10.511 2.242 172 175 164
8.676 10.483 2.288 180 188 175
8.674 10.733 2.251 164 164 166
8.677 10.571 2.308 193 192 174
8.682 10.507 2.401 43 58 141
8.672 10.526 2.194 174 179 172
8.672 10.437 2.216 140 139 134
8.677 10.638 2.289 182 185 168
8.681 10.560 2.372 55 55 107
8.672 10.458 2.199 145 148 137
8.681 10.572 2.374 48 52 116
8.675 10.614 2.266 184 185 171
8.670 10.471 2.170 126 103 85
8.675 10.668 2.267 162 165 158
8.680 10.614 2.360 151 148 169
8.672 10.789 2.202 139 142 151
8.671 10.572 2.183 49 51 66
8.677 10.468 2.312 173 174 168
8.674 10.802 2.255 179 182 175
8.677 10.526 2.294 179 185 173
8.673 10.741 2.229 179 180 172
8.674 10.720 2.246 153 152 150
8.678 10.487 2.326 183 185 171
8.675 10.570 2.269 187 185 170
8.677 10.552 2.303 179 181 167
8.672 10.736 2.209 101 108 127
8.674 10.586 2.246 182 180 168
8.682 10.459 2.402 118 130 156
8.675 10.640 2.251 180 181 175
8.680 10.434 2.356 120 120 122
8.673 10.489 2.228 171 174 165
8.677 10.592 2.291 187 188 172
8.676 10.459 2.278 134 137 128
8.676 10.585 2.288 187 188 172
8.681 10.486 2.388 50 57 127
8.671 10.755 2.189 40 42 91
8.682 10.492 2.404 50 55 146
8.677 10.621 2.290 187 189 175
8.678 10.665 2.330 172 175 168
8.673 10.672 2.239 172 172 164
8.679 10.533 2.341 193 196 187
8.671 10.751 2.196 70 77 105
8.681 10.526 2.387 45 61 146
8.678 10.563 2.327 192 194 181
8.676 10.466 2.292 157 163 149
8.676 10.496 2.280 180 186 176
8.672 10.705 2.206 45 46 74
8.672 10.764 2.220 181 184 167
8.678 10.657 2.330 171 172 164
8.674 10.586 2.245 182 180 168
8.672 10.817 2.216 165 165 157
8.673 10.627 2.228 174 175 169
8.672 10.759 2.218 176 177 172
8.678 10.598 2.311 188 192 169
8.682 10.507 2.395 41 56 137
8.680 10.586 2.351 206 203 196
8.671 10.619 2.181 36 35 51
8.674 10.486 2.240 170 173 164
8.678 10.439 2.331 146 147 141
8.670 10.464 2.176 126 113 104
8.679 10.468 2.336 160 163 152
8.676 10.681 2.298 178 181 170
8.680 10.440 2.369 131 131 133
8.672 10.687 2.220 182 184 179
8.677 10.663 2.317 185 187 182
8.675 10.751 2.275 180 182 179
8.671 10.745 2.203 89 98 115
8.679 10.617 2.343 204 202 190
8.680 10.495 2.357 173 173 183
8.671 10.595 2.187 97 100 115
8.679 10.557 2.349 199 202 195
8.672 10.894 2.216 56 53 84
8.675 10.525 2.273 180 183 176
8.672 10.766 2.220 181 184 167
8.677 10.457 2.300 128 132 118
8.672 10.515 2.208 166 166 156
8.672 10.548 2.195 180 185 181
8.683 10.441 2.415 160 171 177
8.679 10.524 2.350 199 201 188
8.675 10.466 2.275 155 161 151
8.671 10.507 2.185 103 105 120
8.672 10.652 2.205 179 176 187
8.682 10.436 2.409 149 159 161
8.674 10.492 2.255 174 177 166
8.680 10.494 2.354 189 188 194
8.674 10.826 2.241 184 186 185
8.671 10.486 2.179 80 70 78
8.681 10.457 2.381 117 122 144
8.672 10.695 2.210 76 84 105
8.671 10.677 2.190 36 38 76
8.673 10.772 2.241 168 169 163
8.673 10.596 2.212 173 173 163
8.679 10.569 2.341 197 197 189
8.672 10.870 2.212 104 101 122
8.670 10.695 2.185 27 32 70
8.677 10.604 2.300 190 193 174
8.673 10.714 2.226 179 179 171
8.674 10.703 2.248 152 156 155
8.676 10.438 2.282 135 134 130
8.681 10.502 2.390 41 57 135
8.671 10.790 2.194 112 118 140
8.676 10.517 2.274 174 180 168
8.676 10.508 2.291 169 177 166
8.680 10.459 2.355 128 133 137
8.672 10.924 2.202 141 145 144
8.674 10.807 2.251 178 183 176
8.678 10.624 2.320 187 190 173
8.675 10.659 2.282 179 183 166
8.672 10.757 2.206 177 182 188
8.683 10.458 2.420 102 115 149
8.679 10.503 2.342 193 194 180
8.680 10.511 2.364 118 118 144
8.671 10.496 2.191 184 182 185
8.675 10.636 2.254 185 186 178
8.671 10.527 2.185 68 73 92
8.673 10.748 2.225 181 182 177
8.675 10.583 2.263 184 182 167
8.673 10.688 2.236 186 183 176
8.678 10.556 2.323 190 194 180
8.673 10.641 2.213 178 172 172
8.673 10.711 2.242 169 170 165
8.674 10.774 2.257 185 181 178
8.672 10.838 2.214 60 55 78
8.676 10.674 2.301 171 175 161
8.678 10.620 2.315 192 195 178
8.672 10.720 2.218 185 187 184
8.671 10.519 2.180 43 45 58
8.677 10.633 2.307 189 193 176
8.673 10.612 2.219 179 174 168
8.672 10.768 2.203 167 169 181
8.673 10.693 2.241 163 162 157
8.672 10.746 2.209 144 150 162
8.676 10.657 2.293 172 176 159
8.674 10.570 2.234 176 176 168
8.675 10.498 2.269 179 185 175
8.671 10.566 2.182 47 46 64
8.677 10.489 2.304 182 191 174
8.672 10.455 2.208 141 140 135
8.680 10.478 2.373 38 44 80
8.682 10.437 2.410 149 159 161
8.675 10.794 2.262 188 189 183
8.680 10.569 2.352 204 203 199
8.673 10.846 2.220 78 65 82
8.678 10.476 2.330 185 187 173
8.672 10.477 2.212 167 170 163
8.673 10.855 2.233 139 122 115
8.679 10.614 2.338 197 195 180
8.673 10.766 2.239 169 170 162
8.671 10.521 2.177 38 36 47
8.677 10.445 2.308 126 122 121
8.677 10.692 2.315 196 199 192
8.671 10.606 2.179 59 54 61
8.678 10.570 2.321 196 195 177
8.672 10.577 2.198 171 172 164
8.676 10.536 2.288 176 179 168
8.673 10.853 2.232 132 117 110
8.674 10.688 2.253 177 179 176
8.677 10.604 2.303 190 193 172
8.675 10.623 2.251 179 180 172
8.678 10.523 2.321 182 185 174
8.675 10.659 2.272 167 170 159
8.674 10.722 2.248 152 150 151
8.682 10.543 2.398 45 58 152
8.674 10.660 2.251 172 173 168
8.672 10.703 2.218 184 189 185
8.673 10.706 2.239 168 169 164
8.671 10.748 2.189 35 39 84
8.676 10.740 2.289 169 174 168
8.680 10.592 2.361 170 169 177
8.675 10.786 2.264 191 190 185
8.673 10.784 2.241 168 171 164
8.673 10.631 2.219 181 174 166
8.676 10.637 2.276 184 186 172
8.677 10.470 2.297 166 172 158
8.675 10.714 2.283 178 182 181
8.675 10.666 2.271 174 177 170
8.671 10.452 2.190 142 145 138
8.672 10.687 2.212 123 135 149
8.673 10.842 2.228 118 109 110
8.676 10.706 2.304 183 188 184
8.673 10.519 2.227 170 173 164
8.676 10.725 2.293 158 162 161
8.672 10.492 2.210 162 165 158
8.674 10.729 2.263 165 170 166
8.677 10.512 2.303 177 184 176
8.679 10.625 2.341 197 195 183
8.675 10.624 2.262 183 181 168
8.682 10.486 2.401 48 53 135
8.672 10.658 2.224 179 176 167
8.674 10.645 2.240 174 175 169
8.678 10.455 2.319 138 135 128
8.682 10.483 2.406 48 53 135
8.673 10.770 2.225 179 181 167
8.676 10.718 2.291 151 155 154
8.674 10.438 2.241 142 143 138
8.681 10.569 2.379 53 59 133
8.676 10.755 2.283 184 189 182
8.675 10.559 2.269 184 183 163
8.681 10.497 2.375 37 45 107
8.675 10.468 2.271 160 166 156
8.680 10.495 2.361 156 157 175
8.676 10.627 2.278 188 189 175
8.670 10.657 2.186 32 32 68
8.673 10.677 2.235 182 179 172
8.676 10.736 2.285 176 181 175
8.679 10.604 2.340 199 197 184
8.672 10.663 2.219 181 178 169
8.673 10.580 2.219 167 167 159
8.675 10.521 2.272 178 181 174
8.671 10.706 2.189 31 40 79
8.676 10.596 2.274 184 185 171
8.670 10.460 2.173 111 95 82
8.672 10.657 2.216 181 178 169
8.673 10.642 2.212 181 175 175
8.684 10.444 2.449 191 192 194
8.673 10.769 2.235 178 179 171
8.679 10.521 2.334 187 189 176
8.677 10.514 2.295 180 187 179
8.682 10.552 2.396 45 59 156
8.672 10.786 2.209 138 139 133
8.671 10.615 2.186 97 101 112
8.676 10.616 2.283 189 190 176
8.676 10.725 2.302 188 192 191
8.674 10.739 2.263 162 162 162
8.677 10.565 2.295 188 189 171
8.681 10.508 2.391 42 59 139
8.682 10.551 2.396 45 59 156
8.674 10.701 2.264 152 157 153
8.673 10.604 2.214 176 172 163
8.680 10.520 2.356 187 191 194
8.673 10.452 2.229 136 137 131
8.673 10.607 2.218 178 173 167
8.671 10.564 2.177 57 49 60
8.676 10.602 2.275 185 186 172
8.675 10.677 2.284 181 184 175
8.675 10.705 2.267 151 156 152
8.673 10.689 2.235 183 180 171
8.678 10.577 2.325 196 195 177
8.676 10.494 2.289 180 188 175
8.677 10.645 2.297 172 174 160
8.674 10.506 2.244 175 178 167
8.674 10.819 2.243 178 183 176
8.682 10.549 2.395 45 59 156
8.683 10.500 2.421 44 54 141
8.681 10.586 2.372 62 64 113
8.671 10.536 2.176 76 69 85
8.671 10.554 2.174 133 121 125
8.674 10.689 2.263 149 154 150
8.674 10.785 2.252 178 179 173
8.671 10.710 2.188 26 34 73
8.679 10.606 2.333 197 196 178
8.680 10.442 2.359 130 130 132
8.680 10.432 2.367 127 127 127
8.672 10.762 2.221 181 184 167
8.680 10.497 2.361 157 156 172
8.672 10.803 2.217 161 159 147
8.680 10.552 2.365 98 97 128
8.674 10.680 2.264 160 162 157
8.680 10.457 2.364 106 110 121
8.672 10.557 2.199 166 168 157
8.671 10.436 2.180 148 144 141
8.676 10.660 2.297 173 177 162
8.672 10.825 2.210 157 162 158
8.671 10.716 2.188 39 47 86
8.671 10.789 2.201 148 151 160
8.674 10.484 2.251 178 181 172
8.675 10.736 2.279 182 187 183
8.678 10.447 2.335 151 152 144
8.679 10.560 2.347 199 202 195
8.675 10.744 2.264 147 149 148
8.673 10.660 2.246 147 148 142
8.671 10.736 2.201 50 60 85
8.672 10.699 2.218 186 188 183
8.679 10.497 2.353 189 188 193
8.674 10.611 2.231 174 173 169
8.673 10.635 2.219 179 175 166
8.674 10.434 2.247 138 139 134
8.681 10.504 2.387 43 59 136
8.677 10.618 2.290 185 187 173
8.683 10.476 2.430 41 53 111
8.676 10.528 2.279 169 172 163
8.671 10.429 2.196 138 138 128
8.672 10.719 2.213 163 166 181
8.681 10.450 2.382 134 139 145
8.680 10.534 2.353 200 203 194
8.679 10.576 2.342 198 198 188
8.672 10.446 2.206 137 139 126
8.675 10.762 2.269 171 173 168
8.672 10.491 2.209 162 165 158
8.671 10.655 2.193 50 50 88
8.673 10.520 2.230 168 171 160
8.682 10.460 2.411 97 110 142
8.683 10.485 2.417 48 57 136
8.674 10.674 2.250 164 166 161
8.684 10.441 2.452 187 189 188
8.671 10.793 2.198 155 158 173
8.678 10.500 2.319 174 177 166
8.672 10.694 2.210 76 84 105
8.675 10.756 2.268 167 169 168
8.677 10.473 2.314 175 179 165
8.681 10.548 2.390 44 59 152
8.672 10.682 2.220 185 184 179
8.681 10.467 2.387 69 78 111
8.672 10.501 2.204 159 160 146
8.674 10.764 2.247 154 153 149
8.679 10.613 2.336 197 195 182
8.679 10.620 2.337 197 195 180
8.672 10.523 2.207 164 160 159
8.672 10.498 2.202 163 163 151
8.674 10.461 2.242 143 146 137
8.679 10.485 2.341 178 181 172
8.671 10.858 2.195 70 71 89
8.683 10.510 2.418 48 57 152
8.672 10.686 2.216 167 169 166
8.671 10.477 2.193 191 189 177
8.674 10.834 2.243 194 195 200
8.684 10.464 2.442 70 79 112
8.675 10.687 2.282 184 187 180
8.680 10.525 2.359 166 166 174
8.673 10.607 2.219 178 173 167
8.679 10.584 2.331 196 198 177
8.676 10.523 2.284 166 169 160
8.671 10.784 2.192 90 97 125
8.675 10.654 2.272 177 180 169
8.675 10.671 2.276 180 183 176
8.672 10.724 2.206 54 61 90
8.673 10.696 2.238 179 179 171
8.676 10.500 2.275 176 182 172
8.671 10.502 2.184 58 56 77
8.674 10.658 2.249 161 162 156
8.675 10.509 2.255 180 183 172
8.672 10.607 2.201 178 175 168
8.674 10.518 2.245 175 178 167
8.677 10.564 2.296 188 189 171
8.672 10.755 2.207 174 178 187
8.673 10.622 2.226 175 174 169
8.671 10.682 2.189 31 35 72
8.672 10.445 2.211 140 139 134
8.675 10.474 2.257 176 182 170
8.671 10.598 2.187 99 102 117
8.677 10.586 2.293 189 190 172
8.674 10.782 2.252 172 173 167
8.676 10.711 2.292 157 162 158
8.682 10.481 2.397 51 55 129
8.677 10.644 2.303 177 181 167
8.677 10.704 2.317 174 176 173
8.675 10.750 2.282 187 192 186
8.672 10.713 2.221 191 193 188
8.680 10.450 2.372 131 131 139
8.674 10.756 2.245 145 146 141
8.679 10.454 2.339 156 157 149
8.672 10.842 2.217 64 55 82
8.672 10.441 2.200 140 142 131
8.682 10.511 2.396 44 61 143
8.675 10.508 2.266 173 178 171
8.674 10.752 2.261 151 150 146
8.673 10.856 2.220 109 91 113
8.680 10.487 2.358 172 176 188
8.682 10.463 2.397 89 100 130
8.672 10.512 2.196 174 174 172
8.671 10.755 2.195 66 71 109
8.672 10.834 2.216 64 60 77
8.671 10.758 2.199 147 154 172
8.672 10.506 2.209 163 166 157
8.675 10.588 2.255 184 181 164
8.671 10.438 2.195 137 139 128
8.678 10.574 2.317 195 194 176
8.672 10.628 2.202 177 174 167
8.681 10.505 2.381 41 55 126
8.673 10.748 2.232 179 180 172
8.677 10.529 2.312 167 173 163
8.676 10.566 2.272 186 185 165
8.673 10.457 2.232 137 138 132
8.679 10.455 2.354 140 145 148
8.680 10.601 2.366 93 94 122
8.679 10.535 2.334 191 194 185
8.673 10.564 2.216 161 165 151
8.673 10.615 2.226 178 175 170
8.674 10.795 2.258 184 187 180
8.673 10.505 2.225 170 173 164
8.671 10.729 2.186 24 34 69
8.675 10.557 2.257 184 183 162
8.673 10.641 2.215 177 173 164
8.676 10.565 2.274 187 186 166
8.672 10.731 2.209 90 96 120
8.680 10.497 2.353 189 188 193
8.676 10.486 2.283 177 183 173
8.681 10.538 2.378 50 55 123
8.682 10.508 2.410 52 59 149
8.673 10.615 2.220 178 173 167
8.674 10.723 2.247 152 150 151
8.675 10.650 2.267 153 155 144
8.673 10.438 2.227 141 140 135
8.676 10.692 2.304 180 185 178
8.680 10.575 2.366 96 97 125
8.671 10.437 2.194 139 139 129
8.680 10.450 2.358 124 125 129
8.672 10.469 2.211 166 167 161
8.683 10.440 2.425 180 191 197
8.680 10.557 2.352 202 205 198
8.680 10.498 2.355 189 188 193
8.675 10.574 2.252 183 180 163
8.673 10.623 2.224 178 175 168
8.675 10.457 2.275 132 135 126
8.675 10.506 2.270 176 182 172
8.672 10.631 2.205 178 173 169
8.672 10.904 2.197 59 58 89
8.681 10.478 2.388 43 49 107
8.676 10.640 2.272 184 186 173
8.674 10.701 2.252 171 175 174
8.674 10.627 2.235 175 177 172
8.671 10.568 2.180 39 37 51
8.679 10.565 2.347 199 202 195
8.681 10.455 2.383 129 134 153
8.673 10.862 2.235 155 135 124
8.680 10.548 2.357 193 196 205
8.676 10.725 2.298 170 174 173
8.681 10.495 2.389 48 57 134
8.680 10.599 2.362 129 130 148
8.675 10.465 2.270 154 160 150
8.681 10.442 2.386 135 141 139
8.677 10.549 2.303 172 174 161
8.673 10.463 2.233 143 144 136
8.680 10.468 2.365 72 78 92
8.676 10.541 2.291 179 182 171
8.676 10.622 2.280 187 188 174
8.678 10.596 2.317 194 196 174
8.672 10.513 2.214 166 169 160
8.674 10.456 2.252 128 131 122
8.675 10.753 2.278 191 193 188
8.676 10.476 2.278 175 181 171
8.679 10.460 2.345 154 159 152
8.677 10.625 2.297 186 190 173
8.680 10.613 2.359 175 175 187
8.677 10.520 2.311 182 185 176
8.672 10.776 2.203 178 181 190
8.675 10.492 2.257 175 181 171
8.680 10.538 2.367 84 82 119
8.672 10.451 2.203 137 141 127
8.683 10.443 2.421 167 177 187
8.672 10.554 2.197 177 180 173
8.675 10.552 2.264 181 183 162
8.678 10.564 2.330 191 193 180
8.678 10.563 2.312 192 193 177
8.675 10.656 2.275 180 184 170
8.678 10.589 2.324 194 196 174
8.676 10.722 2.297 172 176 175
8.675 10.637 2.263 178 178 166
8.674 10.560 2.236 172 174 163
8.680 10.519 2.367 91 90 122
8.675 10.543 2.259 154 155 139
8.679 10.542 2.348 196 201 194
8.674 10.431 2.253 133 133 131
8.678 10.656 2.336 190 191 183
8.681 10.507 2.375 38 48 110
8.679 10.625 2.344 202 199 190
8.673 10.447 2.222 139 138 133
8.675 10.638 2.254 181 182 174
8.670 10.494 2.171 176 158 156
8.679 10.549 2.344 194 199 192
8.676 10.471 2.284 166 172 160
8.683 10.453 2.420 113 127 156
8.677 10.436 2.305 134 130 131
8.674 10.559 2.245 181 182 166
8.682 10.480 2.401 43 50 120
8.677 10.691 2.313 194 197 190
8.676 10.718 2.289 157 161 160
8.682 10.506 2.393 41 56 137
8.675 10.642 2.264 176 176 166
8.678 10.455 2.316 138 135 128
8.678 10.606 2.311 190 194 171
8.683 10.488 2.422 49 58 135
8.675 10.553 2.270 182 184 163
8.681 10.485 2.382 47 55 118
8.671 10.445 2.187 141 142 137
8.674 10.456 2.252 128 131 122
8.675 10.766 2.269 164 166 161
8.679 10.461 2.351 154 161 154
8.677 10.522 2.312 178 181 172
8.675 10.619 2.265 185 183 170
8.674 10.741 2.253 178 178 180
8.673 10.786 2.237 178 181 172
8.678 10.530 2.317 166 172 162
8.671 10.804 2.200 146 146 154
8.680 10.513 2.353 200 200 192
8.673 10.656 2.241 150 149 144
8.679 10.529 2.333 188 191 180
8.677 10.507 2.295 180 188 177
8.681 10.518 2.375 49 55 117
8.675 10.702 2.279 180 185 181
8.671 10.645 2.185 39 43 72
8.674 10.738 2.255 176 176 178
8.675 10.561 2.271 185 184 164
8.673 10.441 2.221 142 141 136
8.680 10.535 2.358 165 165 175
8.671 10.534 2.177 76 69 85
8.671 10.450 2.196 137 140 129
8.674 10.547 2.251 184 186 172
8.679 10.563 2.332 193 195 184
8.673 10.621 2.227 173 174 169
8.681 10.496 2.392 43 54 136
8.675 10.594 2.264 185 183 168
8.676 10.717 2.300 185 189 188
8.672 10.794 2.214 138 138 128
8.677 10.471 2.295 173 182 165
8.677 10.593 2.297 189 190 172
8.681 10.470 2.380 52 60 99
8.680 10.493 2.359 173 173 183
8.671 10.673 2.189 37 37 71
8.672 10.864 2.215 117 112 132
8.678 10.671 2.330 174 177 170
8.675 10.519 2.269 174 180 170
8.674 10.700 2.253 170 174 173
8.676 10.432 2.296 127 126 122
8.674 10.839 2.247 195 195 203
8.681 10.522 2.378 45 55 124
8.680 10.638 2.349 207 204 197
8.671 10.555 2.190 180 183 190
8.681 10.475 2.385 44 50 100
8.678 10.509 2.321 187 189 178
8.672 10.498 2.198 168 168 158
8.682 10.505 2.406 52 58 146
8.679 10.615 2.341 200 198 185
8.674 10.430 2.238 109 108 104
8.674 10.582 2.247 182 180 167
8.676 10.438 2.295 125 124 119
8.683 10.434 2.432 186 195 194
8.671 10.782 2.189 64 70 104
8.676 10.535 2.291 176 179 168
8.684 10.437 2.452 189 191 186
8.678 10.661 2.332 183 184 176
8.673 10.811 2.232 184 181 174
8.677 10.699 2.317 169 171 166
8.679 10.436 2.356 120 120 122
8.675 10.755 2.264 165 161 158
8.681 10.433 2.385 133 138 132
8.674 10.502 2.254 177 180 169
8.675 10.738 2.269 159 161 160
8.673 10.598 2.228 171 170 165
8.673 10.744 2.230 176 177 169
8.673 10.630 2.211 179 173 173
8.674 10.653 2.255 178 180 175
8.683 10.444 2.415 128 140 154
8.673 10.824 2.224 153 154 146
8.823 10.860 2.477 154 160 174
8.822 10.893 2.469 193 199 211
8.807 10.871 2.460 101 107 133
8.814 10.868 2.467 111 119 132
8.813 10.864 2.467 93 100 119
8.800 10.835 2.462 60 72 144
8.811 10.876 2.463 126 133 152
8.812 10.840 2.472 67 81 128
8.823 10.866 2.476 175 179 191
8.822 10.852 2.478 145 153 174
8.810 10.879 2.461 133 139 163
8.825 10.862 2.479 174 180 192
8.796 10.824 2.461 55 65 163
8.802 10.890 2.451 91 95 124
8.808 10.842 2.468 63 76 128
8.809 10.884 2.459 125 131 157
8.809 10.902 2.455 172 178 202
8.826 10.858 2.481 177 184 194
8.819 10.894 2.466 201 207 223
8.822 10.897 2.469 192 199 215
8.806 10.835 2.467 61 70 137
8.810 10.862 2.465 88 95 121
8.809 10.843 2.468 72 84 132
8.821 10.867 2.474 160 166 178
8.811 10.877 2.463 137 144 163
8.821 10.891 2.469 193 197 209
8.805 10.851 2.462 82 92 145
8.799 10.738 2.463 54 64 175
8.794 10.655 2.461 194 181 234
8.823 10.843 2.480 113 124 152
8.810 10.804 2.471 50 58 169
8.817 10.800 2.476 49 57 158
8.825 10.829 2.482 62 74 122
8.829 10.730 2.486 50 62 144
8.810 10.699 2.472 140 126 175
8.828 10.723 2.485 54 61 142
8.797 10.599 2.463 150 151 199
8.815 10.828 2.474 60 69 136
8.803 10.717 2.467 52 58 142
8.802 10.796 2.465 49 60 176
8.810 10.668 2.472 187 130 162
8.804 10.628 2.468 97 106 161
8.809 10.770 2.470 46 63 171
8.828 10.716 2.485 51 62 142
8.803 10.816 2.465 54 62 161
8.819 10.774 2.477 44 57 161
8.812 10.712 2.474 43 51 132
8.809 10.643 2.471 154 156 213
8.818 10.666 2.478 181 132 162
8.824 10.737 2.482 49 63 152
8.807 10.720 2.470 47 53 147
8.819 10.696 2.479 127 115 165
8.795 10.703 2.461 200 166 193
8.826 10.786 2.482 40 50 148
8.802 10.619 2.466 133 135 183
8.813 10.781 2.473 48 65 173
8.824 10.792 2.481 44 54 152
8.820 10.794 2.478 47 56 157
8.804 10.767 2.467 48 64 177
8.813 10.741 2.473 50 65 160
8.798 10.667 2.464 137 91 130
8.811 10.687 2.473 184 134 161
8.800 10.573 2.465 128 131 174
8.801 10.665 2.466 156 100 137
8.807 10.685 2.470 182 128 152
8.820 10.706 2.479 43 55 131
8.811 10.785 2.472 47 64 172
8.812 10.744 2.473 49 65 160
8.796 10.686 2.462 213 151 166
8.795 10.660 2.462 134 106 154
8.816 10.757 2.476 51 67 162
8.823 10.797 2.480 48 57 152
8.811 10.740 2.472 50 65 160
8.818 10.669 2.478 180 132 158
8.829 10.800 2.485 47 55 140
8.827 10.840 2.483 113 127 156
8.813 10.792 2.473 45 57 167
8.817 10.706 2.477 61 68 138
8.800 10.819 2.463 53 63 161
8.806 10.823 2.467 62 67 158
8.815 10.757 2.475 51 67 162
8.799 10.628 2.464 119 128 183
8.817 10.796 2.476 44 57 159
8.795 10.784 2.460 40 60 173
8.801 10.569 2.466 88 92 140
8.826 10.775 2.483 37 49 149
8.801 10.594 2.466 149 156 198
8.805 10.618 2.468 137 141 189
8.819 10.680 2.479 154 119 149
8.819 10.685 2.478 162 128 161
8.817 10.800 2.476 45 59 156
8.795 10.718 2.460 67 70 137
8.802 10.731 2.466 51 62 167
8.796 10.621 2.462 141 135 183
8.805 10.742 2.468 54 67 172
8.808 10.610 2.471 80 77 122
8.813 10.685 2.475 171 128 156
8.818 10.695 2.478 127 115 165
8.813 10.640 2.474 133 143 204
8.795 10.720 2.461 56 62 140
8.808 10.639 2.471 141 150 209
8.801 10.784 2.464 48 60 178
8.817 10.730 2.477 50 60 155
8.807 10.833 2.469 61 68 138
8.808 10.715 2.470 45 55 142
8.813 10.677 2.475 181 131 156
8.804 10.793 2.467 51 60 181
8.807 10.647 2.469 169 170 226
8.821 10.705 2.480 51 61 132
8.819 10.638 2.479 134 144 206
8.802 10.541 2.467 47 51 112
8.824 10.629 2.482 83 94 160
8.820 10.505 2.480 91 93 106
8.821 10.580 2.481 50 58 121
8.807 10.574 2.471 123 130 184
8.821 10.559 2.481 44 52 115
8.812 10.614 2.474 112 115 166
8.805 10.530 2.469 50 52 111
8.824 10.651 2.482 108 87 143
8.816 10.617 2.477 115 124 181
8.822 10.536 2.481 40 42 93
8.808 10.581 2.471 156 162 214
8.825 10.525 2.484 42 44 82
8.823 10.657 2.482 130 98 145
8.813 10.550 2.475 43 54 118
8.805 10.560 2.469 43 53 112
8.819 10.660 2.479 155 114 156
8.819 10.598 2.479 57 59 116
8.830 10.527 2.487 39 41 80
8.816 10.528 2.477 39 41 90
8.829 10.620 2.486 68 82 147
8.826 10.687 2.484 128 111 153
8.831 10.604 2.487 56 64 126
8.815 10.531 2.476 40 42 93
8.812 10.617 2.474 129 134 189
8.808 10.575 2.471 134 139 194
8.796 10.538 2.463 43 50 104
8.805 10.576 2.469 141 147 197
8.823 10.622 2.482 64 78 141
8.812 10.553 2.474 40 54 119
8.829 10.652 2.486 110 86 136
8.820 10.555 2.480 43 52 117
8.820 10.539 2.480 46 47 101
8.829 10.497 2.487 143 146 151
8.827 10.598 2.485 56 64 126
8.821 10.668 2.480 171 127 154
8.827 10.688 2.484 112 107 161
8.821 10.552 2.481 47 53 115
8.829 10.627 2.486 91 100 167
8.820 10.654 2.480 113 86 137
8.818 10.564 2.479 41 52 118
8.829 10.576 2.486 39 50 114
8.805 10.541 2.470 46 50 111
8.826 10.653 2.484 111 84 135
8.816 10.524 2.477 39 41 82
8.826 10.674 2.484 138 107 138
8.811 10.565 2.474 41 52 114
8.817 10.524 2.478 40 42 80
8.827 10.609 2.485 75 81 141
8.822 10.534 2.482 40 42 93
8.827 10.581 2.485 44 53 118
8.828 10.616 2.485 85 96 158
8.809 10.498 2.466 112 111 129
8.806 10.515 2.469 36 35 75
8.806 10.516 2.470 36 35 75
8.828 10.484 2.483 186 191 187
8.816 10.485 2.469 120 124 123
8.822 10.492 2.478 108 114 112
8.819 10.494 2.476 93 95 107
8.815 10.493 2.470 92 96 97
8.823 10.498 2.483 109 112 119
8.799 10.525 2.465 48 49 103
8.830 10.460 2.458 198 198 198
8.807 10.472 2.435 101 102 96
8.810 10.472 2.439 102 103 97
8.809 10.471 2.436 101 102 96
8.819 10.458 2.436 115 114 119
8.816 10.465 2.439 123 123 123
8.822 10.457 2.438 131 130 135
8.804 10.443 2.386 86 87 92
8.809 10.465 2.427 105 106 101
8.810 10.470 2.438 102 103 97
8.814 10.479 2.457 110 112 109
8.807 10.457 2.412 120 115 121
8.811 10.483 2.457 98 100 99
8.825 10.464 2.455 195 195 195
8.808 10.445 2.397 92 96 99
8.815 10.477 2.455 106 108 105
8.824 10.459 2.445 170 170 172
8.807 10.447 2.398 92 96 99
8.812 10.449 2.409 85 88 95
8.806 10.470 2.430 103 104 96
8.830 10.461 2.460 198 198 198
8.826 10.461 2.452 180 180 182
8.813 10.452 2.415 78 81 88
8.816 10.445 2.411 74 77 82
8.811 10.471 2.441 107 108 103
8.821 11.063 2.196 206 190 175
8.829 11.048 2.200 211 194 178
8.818 11.040 2.194 195 178 158
8.827 11.063 2.199 211 195 180
8.793 11.084 2.182 185 167 145
8.802 11.027 2.187 185 165 138
8.819 11.035 2.195 193 181 159
8.796 11.035 2.184 195 173 149
8.806 11.054 2.189 199 181 161
8.791 11.021 2.181 190 169 140
8.822 11.059 2.196 207 189 175
8.821 11.068 2.196 205 189 174
8.828 11.023 2.199 215 203 189
8.799 11.066 2.185 195 177 157
8.816 11.086 2.193 203 188 169
8.813 11.087 2.192 201 186 167
8.805 11.040 2.188 195 175 151
8.813 11.076 2.192 198 181 165
8.814 11.073 2.192 197 181 165
8.799 11.016 2.185 185 166 136
8.826 11.025 2.198 208 196 180
8.797 11.058 2.184 192 171 152
8.801 11.068 2.186 195 176 159
8.818 11.042 2.194 195 178 158
8.828 11.027 2.199 213 201 185
8.823 11.060 2.197 207 191 176
8.805 11.074 2.188 195 178 160
8.804 11.045 2.187 197 176 155
8.812 11.066 2.191 200 183 167
8.803 10.993 2.187 201 184 164
8.818 11.059 2.195 205 188 172
8.813 11.087 2.192 201 186 167
8.825 11.052 2.198 210 193 177
8.829 11.059 2.199 213 197 182
8.799 11.025 2.185 186 166 139
8.794 11.014 2.183 186 167 135
8.828 11.030 2.199 210 199 181
8.824 11.065 2.197 208 192 177
8.828 11.037 2.199 206 193 174
8.791 11.024 2.181 190 169 140
8.791 10.982 2.181 200 178 154
8.794 11.012 2.183 189 170 138
8.816 11.087 2.193 203 188 169
8.723 10.939 2.405 93 97 145
8.753 10.941 2.352 143 142 158
8.730 10.925 2.461 184 182 206
8.749 10.945 2.339 191 190 185
8.738 10.945 2.353 103 100 127
8.748 10.935 2.387 62 67 109
8.798 10.919 2.398 85 92 134
8.765 10.930 2.391 79 84 124
8.778 10.923 2.405 129 134 174
8.748 10.936 2.386 62 67 109
8.793 10.937 2.315 196 196 188
8.774 10.920 2.426 75 75 127
8.777 10.943 2.309 198 199 191
8.758 10.951 2.299 204 201 194
8.751 10.925 2.432 53 54 100
8.794 10.945 2.276 196 191 188
8.793 10.919 2.406 109 118 159
8.714 10.932 2.453 122 126 151
8.777 10.934 2.354 165 161 178
8.772 10.944 2.310 204 200 197
8.743 10.926 2.443 57 57 95
8.739 10.943 2.361 77 74 103
8.755 10.927 2.419 68 70 119
8.794 10.931 2.343 195 190 187
8.793 10.941 2.297 195 194 189
8.795 10.944 2.278 198 193 190
8.787 10.958 2.223 218 180 135
8.769 10.919 2.437 57 58 102
8.775 10.937 2.341 200 197 188
8.793 10.950 2.254 207 199 188
8.723 10.933 2.436 49 51 99
8.767 10.955 2.263 202 192 190
8.786 10.941 2.305 201 200 195
8.762 10.926 2.416 104 106 155
8.750 10.933 2.393 115 120 160
8.742 10.933 2.405 131 133 181
8.781 10.919 2.421 56 58 109
8.749 10.921 2.455 75 79 106
8.774 10.925 2.400 123 130 174
8.751 10.944 2.341 195 194 190
8.795 10.932 2.338 197 189 186
8.734 10.925 2.456 124 128 157
8.775 10.941 2.320 199 194 190
8.795 10.914 2.425 62 63 117
8.756 10.927 2.417 86 88 137
8.719 10.940 2.405 69 73 121
8.770 10.952 2.275 202 197 193
8.747 10.942 2.358 82 79 110
8.768 10.930 2.386 61 66 108
8.737 10.932 2.417 58 62 110
8.715 10.937 2.424 49 51 110
8.726 10.938 2.405 88 91 142
8.783 10.940 2.315 197 197 189
8.710 10.937 2.431 51 52 108
8.759 10.944 2.329 195 190 184
8.779 10.956 2.243 210 198 186
8.721 10.929 2.458 162 172 184
8.725 10.938 2.407 80 83 134
8.768 10.947 2.303 202 199 192
8.766 10.942 2.328 195 188 182
8.758 10.954 2.285 199 196 189
8.742 10.924 2.449 59 59 95
8.731 10.944 2.371 68 66 106
8.748 10.941 2.361 78 74 107
8.753 10.941 2.353 143 142 158
8.759 10.926 2.415 110 114 161
8.780 10.916 2.436 61 62 106
8.792 10.919 2.405 111 123 163
8.772 10.947 2.299 199 199 191
8.793 10.945 2.276 196 191 188
8.801 10.909 2.442 62 63 109
8.748 10.943 2.349 176 175 189
8.706 10.933 2.459 192 196 195
8.768 10.955 2.266 204 194 192
8.779 10.924 2.402 136 141 179
8.787 10.919 2.412 112 120 159
8.743 10.947 2.337 190 191 185
8.771 10.941 2.329 197 188 181
8.773 10.947 2.295 198 198 190
8.784 10.923 2.397 72 81 124
8.728 10.927 2.458 160 161 191
8.762 10.946 2.314 201 197 194
8.799 10.919 2.398 81 85 130
8.726 10.935 2.420 57 60 115
8.767 10.924 2.418 94 96 145
8.780 10.948 2.279 201 198 191
8.726 10.940 2.394 119 123 168
8.775 10.938 2.338 199 195 184
8.717 10.931 2.454 147 151 176
8.780 10.944 2.300 200 200 192
8.748 10.931 2.410 126 130 177
8.741 10.925 2.448 59 59 95
8.792 10.932 2.344 197 192 189
8.729 10.926 2.461 192 190 214
8.785 10.947 2.279 203 198 194
8.784 10.916 2.431 58 58 108
8.739 10.929 2.429 53 55 103
8.797 10.927 2.357 193 189 190
8.774 10.954 2.260 196 191 187
8.760 10.923 2.430 59 60 108
8.730 10.936 2.409 87 93 141
8.773 10.943 2.313 200 196 193
8.761 10.939 2.350 184 184 192
8.783 10.940 2.318 198 195 188
8.743 10.943 2.359 88 85 116
8.791 10.918 2.412 116 123 165
8.783 10.917 2.427 61 61 111
8.778 10.959 2.228 218 202 177
8.758 10.932 2.390 69 74 114
8.751 10.924 2.436 52 53 97
8.796 10.938 2.308 198 199 191
8.764 10.938 2.354 165 165 173
8.768 10.924 2.415 101 103 152
8.793 10.936 2.322 200 197 192
8.759 10.934 2.377 65 68 113
8.788 10.928 2.364 90 88 110
8.800 10.918 2.400 96 104 151
8.701 10.934 2.458 189 195 195
8.791 10.910 2.451 75 80 112
8.793 10.943 2.285 199 195 192
8.730 10.943 2.374 66 65 107
8.741 10.925 2.446 56 56 92
8.762 10.941 2.342 194 193 188
8.783 10.956 2.239 211 198 182
8.791 10.954 2.235 220 203 177
8.742 10.947 2.339 194 195 190
8.740 10.934 2.404 131 133 182
8.761 10.933 2.380 62 65 110
8.730 10.937 2.405 110 113 166
8.760 10.951 2.293 201 198 191
8.704 10.934 2.458 192 196 195
8.771 10.954 2.262 199 194 190
8.783 10.929 2.370 79 78 112
8.720 10.932 2.444 69 72 107
8.749 10.932 2.401 148 153 195
8.788 10.941 2.303 200 199 194
8.770 10.934 2.363 90 86 113
8.785 10.955 2.239 212 199 182
8.780 10.942 2.310 196 197 189
8.774 10.955 2.255 197 192 186
8.760 10.938 2.357 104 100 125
8.778 10.941 2.318 199 194 190
8.779 10.937 2.335 198 188 186
8.727 10.930 2.444 56 59 94
8.773 10.925 2.402 123 130 174
8.727 10.936 2.413 58 64 114
8.783 10.938 2.324 200 192 189
8.780 10.925 2.392 61 68 110
8.797 10.929 2.350 202 197 194
8.775 10.950 2.280 201 198 191
8.766 10.956 2.263 202 192 190
8.690 10.969 2.208 201 200 195
8.684 10.970 2.201 201 200 195
8.705 10.961 2.257 205 201 190
8.720 10.963 2.235 203 197 185
8.685 10.968 2.218 204 200 189
8.757 10.962 2.225 219 204 183
8.766 10.964 2.204 220 165 111
8.686 10.963 2.252 205 203 188
8.717 10.944 2.379 65 68 109
8.731 10.949 2.334 195 196 188
8.712 10.944 2.384 76 79 122
8.773 10.964 2.200 208 153 97
8.699 10.951 2.333 196 193 188
8.754 10.961 2.233 206 198 185
8.714 10.961 2.257 208 201 191
8.695 10.956 2.302 198 201 190
8.687 10.965 2.235 204 197 189
8.710 10.962 2.250 207 198 191
8.715 10.942 2.396 71 75 120
8.735 10.964 2.217 213 203 193
8.721 10.958 2.272 206 197 190
8.697 10.950 2.342 198 192 192
8.725 10.961 2.246 204 197 187
8.705 10.947 2.363 63 67 102
8.689 10.963 2.251 204 202 187
8.725 10.964 2.222 210 204 192
8.688 10.965 2.236 208 201 191
8.683 10.968 2.216 203 199 188
8.762 10.966 2.194 211 151 97
8.701 10.944 2.389 52 55 108
8.714 10.949 2.341 185 185 183
8.679 10.971 2.200 199 200 192
8.724 10.962 2.239 201 195 183
8.679 10.963 2.257 205 204 184
8.682 10.970 2.201 200 201 195
8.706 10.942 2.402 51 56 112
8.733 10.959 2.260 209 205 196
8.700 10.937 2.439 39 43 81
8.733 10.951 2.315 202 202 194
8.749 10.968 2.182 196 144 94
8.696 10.946 2.377 56 58 107
8.715 10.967 2.208 214 205 190
8.683 10.957 2.299 195 197 186
8.709 10.958 2.275 205 200 194
8.694 10.941 2.415 34 39 97
8.727 10.956 2.283 203 196 190
8.748 10.967 2.194 218 162 111
8.721 10.964 2.228 205 199 187
8.701 10.962 2.254 205 201 190
8.684 10.967 2.224 211 202 197
8.732 10.963 2.228 207 199 188
8.763 10.967 2.186 203 150 98
8.684 10.959 2.282 195 196 188
8.747 10.955 2.282 197 194 185
8.709 10.944 2.380 64 66 114
8.710 10.939 2.416 49 51 112
8.766 10.962 2.216 209 190 160
8.700 10.937 2.441 51 56 88
8.702 10.948 2.354 126 121 141
8.741 10.969 2.181 195 145 94
8.706 10.950 2.340 189 185 182
8.744 10.967 2.191 220 167 117
8.728 10.959 2.259 210 206 197
8.680 10.962 2.263 209 206 187
8.717 10.955 2.296 197 198 192
8.685 10.970 2.204 201 200 195
8.717 10.959 2.268 208 200 189
8.743 10.961 2.237 203 196 186
8.732 10.958 2.268 212 205 197
8.700 10.940 2.414 43 47 108
8.678 10.967 2.227 204 195 188
8.729 10.963 2.231 203 197 185
8.724 10.962 2.242 202 196 184
8.708 10.960 2.262 204 200 188
8.697 10.965 2.234 211 202 195
8.711 10.947 2.358 119 110 131
8.760 10.957 2.259 200 193 185
8.745 10.951 2.314 199 196 191
8.753 10.960 2.242 201 197 188
8.679 10.968 2.216 205 198 188
8.725 10.947 2.351 152 149 158
8.706 10.962 2.250 206 199 191
8.723 10.960 2.254 207 203 192
8.739 10.948 2.339 200 201 196
8.765 10.961 2.229 214 203 183
8.699 10.944 2.387 44 49 104
8.694 10.953 2.326 194 193 188
8.693 10.948 2.362 69 73 102
8.724 10.968 2.199 222 189 154
8.687 10.960 2.272 197 199 186
8.758 10.967 2.185 204 151 99
8.750 10.965 2.202 217 174 131
8.699 10.951 2.339 197 192 189
8.709 10.947 2.357 111 103 126
8.762 10.963 2.214 211 192 162
8.784 10.964 2.194 214 167 115
8.742 10.955 2.286 199 195 186
8.694 10.958 2.284 200 202 197
8.703 10.966 2.224 206 199 191
8.735 10.965 2.210 226 208 186
8.701 10.946 2.375 63 65 114
8.747 10.959 2.247 201 197 188
8.766 10.965 2.194 208 153 97
8.688 10.965 2.238 208 201 191
8.753 10.958 2.257 202 195 187
8.717 10.943 2.388 97 100 141
8.733 10.955 2.289 202 197 193
8.691 10.966 2.228 213 204 199
8.752 10.960 2.243 201 197 188
8.692 10.964 2.244 206 202 191
8.706 10.943 2.389 59 62 115
8.735 10.954 2.295 200 197 192
8.760 10.956 2.267 206 199 193
8.699 10.950 2.340 197 192 189
8.707 10.953 2.313 198 199 193
8.739 10.956 2.281 198 194 185
8.754 10.963 2.218 221 205 182
8.707 10.951 2.330 193 192 187
8.761 10.961 2.228 215 202 183
8.747 10.965 2.206 220 186 151
8.726 10.953 2.306 202 199 194
8.685 10.957 2.296 194 196 185
8.720 10.943 2.381 65 67 108
8.715 10.965 2.221 204 202 190
8.698 10.951 2.334 196 191 187
8.679 10.967 2.230 201 194 186
8.734 10.957 2.274 206 199 191
8.719 10.960 2.257 211 203 192
8.732 10.960 2.249 205 198 188
8.737 10.948 2.342 203 204 206
8.708 10.945 2.375 62 65 110
8.710 10.967 2.210 210 202 191
8.721 10.950 2.335 183 188 182
8.693 10.949 2.354 145 147 162
8.755 10.955 2.276 205 202 193
8.756 10.958 2.254 199 192 184
8.741 10.956 2.279 198 194 185
8.687 10.955 2.312 198 198 196
8.739 10.964 2.221 215 205 195
8.730 10.968 2.195 214 172 130
8.725 10.954 2.300 197 198 192
8.706 10.963 2.241 207 198 193
8.685 10.952 2.334 197 192 189
8.712 10.948 2.355 149 142 158
8.712 10.958 2.274 206 201 195
8.739 10.963 2.226 210 200 190
8.722 10.945 2.369 69 70 101
8.720 10.944 2.378 64 66 107
8.734 10.960 2.251 204 200 189
8.759 10.961 2.226 215 202 183
8.719 10.951 2.325 195 198 189
8.693 10.949 2.356 115 117 138
8.688 10.950 2.348 193 192 198
8.710 10.946 2.367 59 64 96
8.700 10.950 2.346 190 185 189
8.735 10.959 2.258 207 203 192
8.732 10.946 2.355 94 91 120
8.690 10.948 2.364 54 54 92
8.734 10.951 2.316 201 200 195
8.702 10.949 2.349 188 183 190
8.699 10.941 2.408 38 48 107
8.754 10.967 2.186 203 150 98
8.758 10.965 2.197 216 163 111
8.734 10.967 2.196 217 178 137
8.713 10.968 2.205 218 207 189
8.705 10.940 2.417 45 47 108
8.736 10.959 2.254 205 201 190
8.730 10.964 2.221 210 204 192
8.820 10.949 2.388 185 184 202
8.828 10.939 2.409 173 165 188
8.819 10.928 2.423 95 100 119
8.828 10.952 2.388 180 183 200
8.820 10.949 2.388 185 184 202
8.829 10.953 2.386 180 183 200
8.824 10.950 2.389 182 183 201
8.818 10.936 2.408 143 135 156
8.808 10.915 2.438 88 100 124
8.822 10.922 2.435 102 108 130
8.809 10.908 2.451 190 195 224
8.817 10.937 2.407 143 135 156
8.824 10.915 2.448 152 158 182
8.812 10.919 2.434 103 107 134
8.827 10.962 2.370 178 184 200
8.820 10.944 2.397 173 169 184
8.814 10.913 2.445 145 151 175
8.819 10.918 2.440 113 119 145
8.825 10.924 2.433 106 114 133
8.820 10.912 2.449 160 166 190
8.828 10.973 2.353 182 185 200
8.821 10.995 2.241 185 180 177
8.804 10.972 2.225 47 46 60
8.797 10.946 2.281 92 100 147
8.801 10.934 2.343 159 164 167
8.814 10.981 2.251 60 56 71
8.828 11.011 2.220 207 209 221
8.799 10.954 2.263 104 95 122
8.800 10.962 2.241 60 50 61
8.818 10.973 2.297 63 71 107
8.795 10.961 2.215 59 58 89
8.800 10.947 2.294 87 101 162
8.809 10.956 2.313 81 88 143
8.796 10.941 2.293 97 112 177
8.826 10.976 2.334 67 67 93
8.807 10.966 2.265 98 92 118
8.801 10.939 2.324 169 169 179
8.823 10.991 2.262 130 132 144
8.805 10.982 2.198 113 102 116
8.806 10.944 2.335 167 167 169
8.798 10.963 2.230 44 40 55
8.802 10.970 2.224 48 47 63
8.821 10.970 2.324 81 82 128
8.817 10.988 2.242 107 101 105
8.825 10.967 2.359 179 185 199
8.803 10.969 2.234 42 39 50
8.823 10.976 2.314 71 75 120
8.812 10.967 2.291 69 78 117
8.810 10.974 2.255 63 58 80
8.829 11.014 2.217 211 213 225
8.822 10.980 2.293 64 70 96
8.809 10.947 2.340 164 165 170
8.820 10.959 2.360 177 183 195
8.813 10.959 2.323 80 84 121
8.814 10.973 2.278 68 73 103
8.814 10.951 2.358 174 178 187
8.814 10.985 2.237 79 74 78
8.818 10.974 2.299 64 72 111
8.805 10.958 2.281 71 76 116
8.826 11.008 2.224 214 217 224
8.806 10.966 2.259 84 76 97
8.805 10.964 2.262 103 95 118
8.807 10.974 2.235 46 43 52
8.812 10.945 2.362 161 165 177
8.812 10.969 2.281 70 75 107
8.819 10.985 2.263 99 98 116
8.813 10.956 2.334 177 180 185
8.820 10.999 2.221 155 156 174
8.803 10.913 2.430 94 99 129
8.809 10.985 2.207 81 83 104
8.798 10.965 2.219 55 55 79
8.810 10.964 2.290 71 80 119
8.798 10.942 2.298 91 100 165
8.798 10.947 2.284 92 104 154
8.823 10.994 2.252 148 144 145
8.794 10.961 2.211 59 58 90
8.816 10.982 2.261 91 90 108
8.803 10.931 2.368 80 82 107
8.800 10.957 2.256 140 128 142
8.825 10.985 2.299 70 76 98
8.824 11.001 2.232 213 212 210
8.804 10.973 2.222 49 50 68
8.817 10.950 2.373 176 182 198
8.811 10.980 2.236 59 52 59
8.803 10.973 2.218 55 55 79
8.809 10.961 2.292 74 84 133
8.825 10.992 2.275 139 141 154
8.800 10.977 2.187 191 176 155
8.802 10.914 2.420 93 90 121
8.802 10.927 2.377 97 95 117
8.810 10.979 2.233 55 50 56
8.805 10.929 2.382 119 115 132
8.826 11.011 2.211 216 211 217
8.807 10.930 2.394 145 140 160
8.798 10.968 2.212 54 54 88
8.808 10.943 2.353 140 143 150
8.805 10.961 2.271 87 83 116
8.805 10.959 2.279 68 70 109
8.803 10.916 2.419 93 90 121
8.819 10.987 2.255 97 94 105
8.796 10.957 2.237 59 49 60
8.819 10.994 2.229 173 171 176
8.823 11.008 2.203 218 207 215
8.817 10.983 2.261 91 90 108
8.827 10.985 2.307 77 81 106
8.807 10.927 2.404 134 133 147
8.800 10.949 2.287 84 97 150
8.824 10.996 2.253 166 162 161
8.813 10.965 2.300 64 74 123
8.803 10.911 2.434 86 93 121
8.801 10.973 2.211 53 54 84
8.796 10.946 2.272 96 99 140
8.820 10.983 2.277 82 84 107
8.816 10.948 2.373 176 182 198
8.823 10.971 2.333 70 72 95
8.802 10.960 2.256 121 110 126
8.808 10.925 2.414 100 102 117
8.812 10.980 2.241 68 63 70
8.797 10.959 2.235 53 45 58
8.814 10.995 2.201 164 153 169
8.814 10.959 2.326 83 87 116
8.827 10.980 2.321 69 72 115
8.801 10.924 2.380 101 98 119
8.826 11.009 2.219 203 207 219
8.804 10.975 2.217 53 55 80
8.800 10.935 2.335 173 174 176
8.826 10.990 2.284 106 109 124
8.828 10.997 2.271 187 191 194
8.821 10.969 2.333 70 72 95
8.815 10.942 2.393 168 161 177
8.825 10.975 2.334 68 70 95
8.808 10.973 2.248 55 48 66
8.806 10.955 2.297 71 82 138
8.794 10.964 2.201 69 67 89
8.802 10.914 2.420 93 90 121
8.810 10.934 2.393 150 138 152
8.821 10.972 2.317 79 82 135
8.827 10.989 2.292 103 107 118
8.813 10.939 2.390 152 144 159
8.815 10.952 2.357 175 179 188
8.809 10.981 2.224 69 68 82
8.816 10.982 2.257 78 74 91
8.810 10.975 2.251 59 54 76
8.803 10.925 2.387 122 115 133
8.819 10.999 2.214 172 174 195
8.824 10.998 2.243 208 203 197
8.814 10.947 2.369 166 172 188
