7.502 7.615 0.738 149 125 91
7.515 7.598 0.760 152 123 89
7.496 7.606 0.747 145 118 89
7.509 7.604 0.752 145 116 86
7.505 7.607 0.748 144 115 85
7.503 7.613 0.740 149 125 91
7.502 7.605 0.750 146 117 87
7.572 7.988 0.735 186 159 106
7.556 7.903 0.735 183 153 101
7.585 8.037 0.734 202 170 111
7.537 7.806 0.735 177 144 101
7.571 7.996 0.735 193 166 113
7.557 7.895 0.735 180 152 102
7.547 7.865 0.735 182 150 101
7.552 7.868 0.735 178 148 98
7.516 7.685 0.736 161 135 98
7.573 8.002 0.735 192 165 110
7.541 7.815 0.735 174 141 96
7.517 7.659 0.736 152 130 93
7.581 8.059 0.734 203 180 130
7.536 7.770 0.735 163 133 99
7.521 7.733 0.735 164 139 98
7.568 7.948 0.735 185 154 100
7.518 7.711 0.736 155 132 91
7.558 7.923 0.735 185 154 107
7.563 7.938 0.735 186 156 106
7.529 7.768 0.735 173 141 103
7.555 7.877 0.735 179 148 101
7.518 7.712 0.736 155 132 91
7.532 7.760 0.735 161 135 98
7.561 7.931 0.735 186 158 110
7.514 7.655 0.736 153 130 96
7.546 7.843 0.735 178 146 99
7.533 7.789 0.735 172 139 98
7.590 8.066 0.734 207 180 133
7.538 7.819 0.735 177 145 98
7.550 7.853 0.735 177 145 98
7.505 7.639 0.736 157 134 103
7.564 7.918 0.735 182 151 104
7.535 7.766 0.735 169 136 101
7.566 7.947 0.735 183 152 98
7.523 7.735 0.735 162 137 96
7.542 7.835 0.735 177 145 98
7.528 7.756 0.735 162 137 97
7.577 7.996 0.735 190 163 108
7.558 7.888 0.735 179 151 101
7.562 7.928 0.735 186 155 108
7.530 7.776 0.735 170 136 99
7.537 7.821 0.735 178 146 99
7.579 8.001 0.735 191 158 104
7.516 7.707 0.736 158 135 93
7.583 8.071 0.734 210 187 146
7.523 7.736 0.735 162 137 96
7.504 7.618 0.736 152 126 93
7.580 8.025 0.824 182 180 168
7.536 7.819 0.812 170 172 161
7.579 8.023 0.830 179 180 166
7.550 7.883 0.806 177 177 169
7.543 7.852 0.802 171 172 164
7.547 7.872 0.815 174 175 167
7.580 8.024 0.823 182 180 168
7.578 8.010 0.777 71 62 45
7.593 8.082 0.803 189 193 179
7.576 8.008 0.857 177 178 164
7.556 7.911 0.789 181 178 163
7.596 8.096 0.805 186 189 180
7.531 7.800 0.823 170 172 161
7.540 7.844 0.842 169 169 157
7.539 7.838 0.842 168 168 158
7.585 8.040 0.757 74 59 28
7.552 7.893 0.810 175 176 168
7.573 7.989 0.816 179 179 169
7.554 7.905 0.843 169 173 158
7.540 7.840 0.825 169 173 159
7.547 7.870 0.812 172 173 167
7.590 8.074 0.855 180 180 168
7.562 7.941 0.826 173 176 165
7.538 7.830 0.833 168 170 157
7.544 7.862 0.833 164 166 152
7.584 8.046 0.831 175 176 162
7.529 7.787 0.812 172 172 162
7.550 7.888 0.826 173 170 155
7.598 8.102 0.777 55 51 42
7.583 8.036 0.785 75 70 50
7.569 7.975 0.850 177 178 164
7.559 7.925 0.812 175 179 165
7.556 7.909 0.776 65 60 41
7.561 7.934 0.795 184 182 167
7.562 7.936 0.792 194 192 177
7.592 8.086 0.878 182 184 173
7.558 7.924 0.830 174 174 164
7.595 8.090 0.789 77 73 62
7.567 7.964 0.817 178 178 168
7.535 7.815 0.817 171 173 162
7.544 7.856 0.787 156 148 135
7.574 8.002 0.859 176 177 163
7.524 7.762 0.811 172 172 162
7.594 8.088 0.793 198 198 186
7.536 7.821 0.826 169 171 160
7.536 7.819 0.806 172 174 161
7.576 8.004 0.802 182 180 168
7.596 8.098 0.800 186 188 177
7.593 8.088 0.867 179 180 166
7.582 8.029 0.787 85 80 60
7.522 7.758 0.831 169 169 157
7.543 7.852 0.788 189 183 169
7.515 7.725 0.827 166 167 153
7.575 7.997 0.804 181 181 169
7.575 8.003 0.847 177 177 165
7.594 8.090 0.835 182 183 175
7.597 8.100 0.776 59 55 46
7.582 8.032 0.828 180 180 168
7.567 7.965 0.824 178 178 168
7.585 8.048 0.851 176 177 163
7.570 7.978 0.839 175 175 163
7.537 7.829 0.834 168 170 157
7.590 8.071 0.806 85 87 74
7.598 8.104 0.784 31 28 21
7.579 8.020 0.845 179 180 166
7.569 7.970 0.770 73 64 49
7.556 7.917 0.854 175 173 161
7.559 7.926 0.805 173 181 168
7.574 7.993 0.773 68 62 46
7.589 8.062 0.759 61 49 25
7.563 7.944 0.818 176 178 167
7.560 7.933 0.843 169 175 163
7.580 8.027 0.842 177 178 164
7.570 7.977 0.802 181 179 167
7.551 7.892 0.826 174 171 156
7.556 7.911 0.808 174 177 166
7.533 7.806 0.800 174 176 163
7.558 7.923 0.827 174 174 164
7.578 8.013 0.812 184 182 170
7.580 8.026 0.826 182 180 168
7.590 8.071 0.801 175 176 162
7.562 7.939 0.807 178 180 169
7.555 7.908 0.803 176 179 170
7.562 7.942 0.842 172 175 164
7.586 8.048 0.784 65 58 40
7.526 7.776 0.824 169 171 158
7.584 8.037 0.770 70 65 46
7.569 7.976 0.852 176 177 163
7.570 7.975 0.781 69 62 44
7.582 8.029 0.767 71 64 45
7.582 8.030 0.799 188 187 169
7.558 7.922 0.839 171 177 165
7.591 8.077 0.851 181 181 173
7.553 7.896 0.793 180 178 166
7.583 8.038 0.828 176 177 163
7.554 7.900 0.778 69 64 45
7.590 8.069 0.798 194 195 179
7.572 7.986 0.793 197 194 179
7.583 8.043 0.870 167 168 152
7.514 7.722 0.824 165 166 150
7.575 7.996 0.777 68 61 45
7.592 8.080 0.809 175 178 167
7.579 8.012 0.765 71 64 45
7.578 8.011 0.767 71 66 47
7.568 7.973 0.837 174 176 163
7.586 8.054 0.845 182 183 169
7.534 7.812 0.836 166 166 156
7.591 8.070 0.772 71 63 44
7.589 8.065 0.785 70 64 48
7.531 7.798 0.821 170 172 161
7.557 7.918 0.824 175 176 162
7.545 7.862 0.807 174 175 169
7.553 7.896 0.810 175 176 168
7.529 7.790 0.832 167 169 156
7.587 8.058 0.850 179 179 167
7.521 7.751 0.814 173 173 161
7.529 7.790 0.825 170 172 161
7.569 7.973 0.803 180 180 168
7.539 7.832 0.794 177 175 162
7.578 8.011 0.807 184 182 170
7.566 7.955 0.792 190 187 172
7.556 7.916 0.849 170 172 159
7.565 7.953 0.819 176 178 167
7.513 7.717 0.824 165 166 150
7.535 7.815 0.819 169 171 160
7.589 8.059 0.757 59 47 23
7.564 7.950 0.838 174 176 165
7.594 8.085 0.787 97 93 81
7.593 8.080 0.789 106 103 88
7.567 7.967 0.856 175 176 162
7.586 8.051 0.807 191 192 178
7.529 7.787 0.806 173 173 163
7.568 7.971 0.845 176 176 164
7.583 8.042 0.870 171 172 156
7.555 7.907 0.823 175 175 163
7.577 8.008 0.787 100 93 75
7.584 8.044 0.845 172 173 159
7.586 8.053 0.820 185 187 176
7.585 8.047 0.831 175 176 162
7.579 8.022 0.845 178 179 165
7.533 7.804 0.807 172 174 161
7.580 8.028 0.852 178 179 163
7.545 7.863 0.843 170 171 157
7.576 8.011 0.853 177 178 164
7.584 8.038 0.795 186 183 166
7.567 7.968 0.839 174 176 163
7.566 7.961 0.815 178 178 168
7.534 7.809 0.814 171 173 162
7.536 7.818 0.805 173 175 162
7.592 8.077 0.787 69 61 48
7.571 7.987 0.861 176 177 163
7.579 8.024 0.865 177 178 162
7.572 7.992 0.851 178 178 166
7.560 7.930 0.800 173 179 167
7.590 8.068 0.784 72 66 50
7.591 8.074 0.782 61 54 36
7.581 8.028 0.821 181 178 169
7.593 8.086 0.815 185 186 178
7.591 8.080 0.875 180 181 167
7.578 8.017 0.832 178 179 165
7.586 8.048 0.781 62 55 37
7.574 7.999 0.840 177 177 165
7.560 7.928 0.789 180 177 162
7.578 8.018 0.845 179 180 166
7.589 8.070 0.841 188 189 175
7.590 8.074 0.836 178 179 165
7.578 8.018 0.858 177 178 162
7.532 7.804 0.826 170 172 161
7.575 7.997 0.800 179 177 165
7.575 7.998 0.781 69 62 44
7.565 7.949 0.770 74 62 48
7.589 8.071 0.848 182 182 170
7.587 8.052 0.763 65 60 41
7.574 7.990 0.783 59 52 34
7.592 8.076 0.756 89 73 39
7.536 7.819 0.811 170 172 161
7.591 8.078 0.860 180 180 168
7.571 7.988 0.861 176 177 163
7.591 8.082 0.858 181 181 171
7.569 7.973 0.820 179 179 169
7.524 7.766 0.814 173 173 161
7.594 8.090 0.842 182 183 175
7.560 7.932 0.807 173 181 168
7.576 8.011 0.855 177 178 164
7.587 8.058 0.853 179 179 167
7.521 7.751 0.812 172 172 160
7.544 7.855 0.795 178 176 161
7.578 8.011 0.807 184 182 170
7.587 8.052 0.776 72 66 44
7.597 8.102 0.808 185 188 179
7.529 7.787 0.817 171 173 162
7.590 8.069 0.803 90 92 78
7.586 8.048 0.794 195 194 176
7.527 7.780 0.832 169 169 157
7.546 7.869 0.845 171 172 158
7.566 7.957 0.809 176 178 167
7.578 8.011 0.776 71 62 45
7.576 8.008 0.865 178 179 163
7.549 7.878 0.800 179 177 165
7.584 8.042 0.791 173 170 151
7.563 7.939 0.772 71 64 46
7.550 7.884 0.814 174 174 166
7.577 8.009 0.792 190 184 168
7.597 8.100 0.770 67 59 48
7.547 7.871 0.832 157 158 142
7.597 8.101 0.809 185 188 179
7.543 7.851 0.802 174 174 164
7.582 8.030 0.779 66 59 40
7.577 8.014 0.865 178 179 163
7.552 7.900 0.851 171 171 159
7.581 8.024 0.791 195 189 173
7.547 7.872 0.829 168 169 153
7.545 7.858 0.800 176 176 164
7.539 7.833 0.808 171 173 160
7.564 7.945 0.790 193 190 175
7.540 7.841 0.833 170 172 161
7.586 8.054 0.820 185 187 176
7.552 7.897 0.827 175 172 157
7.595 8.092 0.789 77 73 62
7.595 8.094 0.836 181 182 174
7.576 8.002 0.776 69 62 44
7.545 7.862 0.803 177 177 169
7.596 8.096 0.807 186 189 180
7.571 7.977 0.780 69 60 43
7.530 7.792 0.800 178 175 166
7.573 7.990 0.788 171 165 149
7.594 8.092 0.832 182 183 175
7.581 8.033 0.839 177 178 164
7.569 7.977 0.848 178 179 165
7.577 8.010 0.813 181 181 171
7.584 8.038 0.779 63 56 37
7.549 7.882 0.837 157 158 142
7.540 7.839 0.818 169 171 160
7.592 8.080 0.829 183 185 174
7.524 7.766 0.816 172 174 161
7.585 8.040 0.750 171 148 107
7.594 8.089 0.809 186 189 180
7.573 7.986 0.763 67 60 41
7.568 7.965 0.799 183 181 168
7.559 7.923 0.789 179 176 161
7.566 7.963 0.834 175 177 164
7.587 8.053 0.769 69 64 45
7.579 8.019 0.832 178 179 165
7.583 8.040 0.833 171 172 158
7.558 7.924 0.842 170 176 164
7.541 7.840 0.803 173 174 166
7.569 7.970 0.770 73 64 49
7.596 8.099 0.821 183 186 177
7.592 8.072 0.757 56 41 18
7.588 8.061 0.812 114 116 105
7.591 8.071 0.781 63 56 38
7.589 8.067 0.815 137 140 129
7.567 7.969 0.858 175 176 162
7.522 7.757 0.823 171 173 159
7.588 8.057 0.769 69 64 45
7.579 8.024 0.864 176 177 161
7.580 8.021 0.790 195 189 173
7.569 7.971 0.787 109 102 84
7.586 8.050 0.814 186 188 175
7.584 8.038 0.763 71 65 43
7.573 7.998 0.864 175 176 162
7.589 8.069 0.861 179 179 167
7.580 8.021 0.812 182 180 168
7.568 7.963 0.774 75 63 49
7.524 7.765 0.811 172 172 162
7.533 7.808 0.839 168 165 156
7.545 7.857 0.791 183 180 165
7.569 7.977 0.851 176 177 163
7.573 7.996 0.847 177 177 165
7.575 8.003 0.857 177 178 164
7.585 8.051 0.853 179 180 166
7.564 7.950 0.797 184 185 171
7.550 7.883 0.798 180 177 162
7.542 7.849 0.825 169 173 159
7.566 7.957 0.801 183 183 171
7.573 7.986 0.765 73 68 49
7.593 8.079 0.773 74 62 48
7.510 7.700 0.823 163 161 146
7.558 7.926 0.846 171 174 163
7.563 7.947 0.844 173 175 164
7.596 8.098 0.829 181 184 175
7.576 8.002 0.807 181 181 171
7.563 7.940 0.777 72 61 41
7.572 7.981 0.776 70 64 48
7.588 8.058 0.790 189 186 169
7.590 8.063 0.754 150 131 89
7.594 8.090 0.818 184 185 177
7.585 8.042 0.792 173 170 151
7.574 7.989 0.770 70 64 48
7.548 7.876 0.826 170 171 155
7.574 7.996 0.830 178 178 166
7.551 7.887 0.803 174 174 166
7.536 7.818 0.803 173 175 162
7.563 7.950 0.859 172 174 161
7.590 8.071 0.818 123 126 117
7.513 7.717 0.826 165 166 150
7.547 7.871 0.829 167 168 152
7.529 7.786 0.809 172 172 162
7.560 7.928 0.788 180 177 162
7.589 8.069 0.867 179 179 169
7.576 8.011 0.861 177 178 162
7.565 7.956 0.851 174 176 163
7.550 7.886 0.831 160 161 143
7.573 7.990 0.802 181 181 169
7.525 7.727 0.756 62 58 46
7.517 7.699 0.775 46 43 38
7.545 7.833 0.757 65 57 36
7.570 7.953 0.742 176 146 96
7.541 7.809 0.756 64 55 38
7.524 7.728 0.765 63 56 46
7.514 7.706 0.800 171 168 153
7.531 7.778 0.778 62 55 45
7.556 7.884 0.749 79 66 34
7.567 7.956 0.764 73 64 49
7.541 7.809 0.753 56 44 28
7.537 7.781 0.748 63 51 29
7.535 7.806 0.788 180 176 164
7.572 7.978 0.758 58 48 23
7.514 7.685 0.778 77 69 56
7.512 7.703 0.810 167 165 150
7.525 7.724 0.757 60 56 44
7.519 7.716 0.783 172 169 154
7.532 7.786 0.780 97 91 77
7.544 7.838 0.770 70 61 52
7.527 7.718 0.737 138 119 87
7.577 7.986 0.739 179 151 103
7.520 7.735 0.795 173 171 158
7.535 7.790 0.771 69 61 48
7.509 7.673 0.790 152 145 119
7.526 7.726 0.753 52 49 34
7.522 7.723 0.772 50 46 37
7.558 7.916 0.774 69 64 45
7.510 7.687 0.804 163 162 142
7.532 7.766 0.759 74 65 50
7.514 7.673 0.766 83 72 54
7.553 7.866 0.745 150 130 95
7.529 7.761 0.770 62 55 45
7.530 7.775 0.781 97 91 77
7.536 7.802 0.776 62 56 40
7.545 7.815 0.737 161 136 96
7.527 7.775 0.801 176 173 164
7.511 7.631 0.741 147 121 86
7.527 7.717 0.738 138 119 87
7.532 7.747 0.740 133 114 84
7.538 7.806 0.769 71 64 48
7.560 7.896 0.736 178 150 102
7.512 7.664 0.772 124 104 77
7.562 7.926 0.760 72 63 46
7.514 7.652 0.749 138 115 83
7.554 7.892 0.771 71 66 47
7.557 7.886 0.742 162 140 103
7.562 7.926 0.761 72 63 46
7.588 8.046 0.735 196 169 116
7.533 7.754 0.741 137 118 88
7.537 7.791 0.761 74 65 50
7.519 7.684 0.748 105 89 63
7.517 7.673 0.744 136 113 82
7.563 7.919 0.745 162 138 102
7.515 7.654 0.741 145 122 90
7.565 7.929 0.748 157 137 104
7.518 7.684 0.754 100 87 68
7.585 8.029 0.735 198 167 110
7.523 7.727 0.770 56 49 41
7.573 7.969 0.744 169 145 99
7.518 7.682 0.751 105 90 67
7.526 7.715 0.736 155 132 98
7.557 7.892 0.753 60 45 22
7.517 7.712 0.788 177 174 159
7.547 7.830 0.744 139 123 90
7.576 7.992 0.752 114 98 64
7.539 7.815 0.774 64 58 44
7.510 7.650 0.769 136 112 78
7.545 7.833 0.758 72 64 45
7.517 7.703 0.775 44 41 36
7.517 7.727 0.805 168 166 153
7.543 7.840 0.780 63 55 44
7.550 7.876 0.772 69 62 46
7.535 7.791 0.770 69 61 48
7.520 7.731 0.791 176 174 161
7.526 7.773 0.799 175 172 163
7.535 7.809 0.790 180 176 164
7.554 7.870 0.745 156 136 101
7.523 7.720 0.761 61 55 43
7.595 8.082 0.736 216 192 148
7.511 7.634 0.746 142 116 79
7.534 7.774 0.755 71 62 47
7.513 7.676 0.773 54 43 25
7.545 7.819 0.742 158 135 101
7.560 7.914 0.760 73 64 47
7.541 7.803 0.745 118 101 75
7.536 7.776 0.744 96 80 55
7.569 7.942 0.737 181 150 103
7.546 7.851 0.768 71 63 50
7.518 7.730 0.800 172 170 157
7.525 7.759 0.792 179 175 164
7.517 7.723 0.801 168 166 153
7.513 7.682 0.778 85 78 62
7.558 7.907 0.760 63 55 36
7.528 7.743 0.760 66 62 51
7.542 7.835 0.777 61 54 46
7.557 7.876 0.737 168 141 96
7.569 7.962 0.756 62 48 19
7.509 7.671 0.793 131 124 98
7.533 7.791 0.784 145 139 125
7.555 7.866 0.736 176 147 103
7.526 7.758 0.788 184 177 167
7.533 7.792 0.783 145 139 125
7.555 7.896 0.769 68 63 44
7.517 7.660 0.738 152 128 92
7.512 7.667 0.774 116 100 75
7.581 8.008 0.737 183 153 99
7.525 7.733 0.765 64 57 47
7.541 7.834 0.780 69 63 51
7.512 7.634 0.736 151 127 93
7.532 7.796 0.794 174 172 159
7.513 7.703 0.805 170 168 153
7.568 7.939 0.736 184 152 105
7.530 7.748 0.750 47 38 21
7.524 7.733 0.773 57 50 42
7.572 7.968 0.744 169 145 99
7.542 7.803 0.744 118 101 75
7.535 7.762 0.735 166 138 101
7.540 7.789 0.736 163 133 99
7.511 7.646 0.757 138 114 78
7.513 7.660 0.762 133 112 83
7.520 7.736 0.800 170 171 157
7.529 7.772 0.783 152 146 132
7.555 7.886 0.757 66 58 39
7.514 7.663 0.757 133 112 83
7.522 7.715 0.765 57 51 39
7.542 7.835 0.774 63 56 46
7.562 7.908 0.740 166 138 98
7.518 7.675 0.743 141 118 84
7.563 7.921 0.747 152 132 99
7.555 7.865 0.736 176 147 103
7.546 7.821 0.741 161 138 104
7.569 7.954 0.749 132 110 73
7.513 7.710 0.808 169 167 152
7.513 7.674 0.771 54 43 25
7.547 7.827 0.737 166 141 100
7.525 7.761 0.799 174 170 161
7.544 7.823 0.754 51 40 20
7.510 7.692 0.810 161 160 140
7.548 7.846 0.753 53 43 18
7.539 7.787 0.743 108 90 66
7.532 7.773 0.767 68 60 47
7.543 7.819 0.753 54 43 25
7.587 8.037 0.735 193 164 108
7.595 8.081 0.737 216 192 148
7.515 7.716 0.805 170 168 153
7.514 7.696 0.789 174 168 152
7.509 7.686 0.807 154 151 132
7.555 7.901 0.775 69 64 45
7.519 7.684 0.744 101 84 56
7.515 7.703 0.788 177 174 159
7.587 8.041 0.737 192 162 108
7.534 7.801 0.787 172 166 154
7.546 7.837 0.757 66 58 37
7.546 7.835 0.752 56 45 23
7.509 7.666 0.790 127 115 89
7.581 8.008 0.737 184 155 99
7.568 7.955 0.754 87 71 38
7.536 7.769 0.741 140 121 91
7.556 7.885 0.747 129 110 77
7.546 7.834 0.752 55 44 22
7.507 7.655 0.789 128 111 81
7.537 7.795 0.760 74 65 50
7.537 7.778 0.743 96 80 55
7.552 7.854 0.739 162 137 96
7.549 7.835 0.736 171 143 96
7.543 7.805 0.740 152 129 98
7.556 7.907 0.776 65 60 41
7.505 7.674 0.816 115 103 87
7.509 7.691 0.813 163 160 143
7.541 7.814 0.760 70 61 44
7.538 7.807 0.772 70 63 47
7.535 7.806 0.785 170 164 152
7.514 7.700 0.792 174 171 156
7.553 7.870 0.750 74 60 33
7.535 7.794 0.772 64 59 40
7.520 7.720 0.780 127 124 109
7.514 7.656 0.751 136 113 81
7.525 7.746 0.782 164 157 147
7.570 7.961 0.749 136 114 75
7.510 7.685 0.798 168 166 145
7.536 7.782 0.751 49 38 20
7.549 7.840 0.744 136 118 82
7.535 7.791 0.771 69 61 48
7.523 7.734 0.776 57 50 42
7.550 7.877 0.775 69 62 46
7.537 7.810 0.778 62 56 42
7.579 7.996 0.736 181 151 101
7.513 7.709 0.808 169 167 152
7.510 7.627 0.744 143 117 82
7.511 7.679 0.787 173 165 144
7.541 7.825 0.773 64 57 47
7.509 7.655 0.781 135 115 82
7.547 7.863 0.777 66 56 46
7.542 7.798 0.737 166 137 97
7.531 7.745 0.743 84 70 44
7.512 7.703 0.810 167 165 150
7.573 7.965 0.739 178 152 103
7.522 7.706 0.754 65 58 42
7.539 7.806 0.764 73 64 49
7.586 8.034 0.737 195 164 109
7.551 7.849 0.740 158 136 97
7.515 7.669 0.759 130 114 89
7.544 7.817 0.744 130 113 83
7.548 7.871 0.781 67 57 45
7.523 7.721 0.766 62 55 45
7.540 7.835 0.788 188 184 172
7.541 7.834 0.782 107 101 89
7.517 7.673 0.745 136 113 82
7.567 7.947 0.751 116 96 63
7.510 7.641 0.759 138 114 78
7.580 8.004 0.737 181 151 97
7.542 7.845 0.786 153 147 133
7.531 7.754 0.751 47 39 20
7.587 8.045 0.740 181 154 101
7.574 7.977 0.744 169 145 101
7.538 7.819 0.785 172 166 154
7.515 7.702 0.789 177 174 159
7.552 7.886 0.771 71 66 47
7.559 7.896 0.742 166 141 100
7.539 7.836 0.847 167 167 155
7.519 7.729 0.858 163 164 150
7.524 7.760 0.850 168 164 152
7.557 7.909 0.882 109 117 106
7.515 7.712 0.857 162 160 148
7.543 7.856 0.850 168 168 156
7.579 8.025 0.871 175 176 160
7.539 7.825 0.874 167 168 160
7.525 7.767 0.841 171 167 155
7.558 7.925 0.864 175 173 161
7.545 7.854 0.877 178 179 171
7.516 7.723 0.844 166 164 149
7.509 7.695 0.830 164 161 146
7.533 7.798 0.868 163 163 151
7.529 7.776 0.871 168 166 153
7.522 7.754 0.840 168 169 155
7.519 7.731 0.855 163 164 150
7.546 7.856 0.876 175 178 169
7.518 7.730 0.848 164 162 147
7.539 7.828 0.866 163 165 152
7.521 7.753 0.837 168 169 155
7.534 7.804 0.862 163 161 146
7.522 7.754 0.838 168 169 155
7.521 7.737 0.867 162 166 152
7.543 7.847 0.863 166 168 155
7.531 7.798 0.842 167 164 155
7.517 7.730 0.840 165 166 150
7.519 7.741 0.835 167 168 154
7.574 7.998 0.869 176 177 163
7.530 7.773 0.881 42 46 47
7.574 7.998 0.874 174 175 161
7.530 7.788 0.855 168 165 150
7.532 7.790 0.865 166 164 149
7.553 7.894 0.870 164 167 156
7.510 7.698 0.835 164 161 146
7.571 7.980 0.876 177 181 167
7.585 8.052 0.879 187 189 175
7.546 7.863 0.858 169 171 158
7.554 7.907 0.856 172 170 158
7.515 7.718 0.847 164 162 147
7.539 7.835 0.851 166 167 151
7.514 7.707 0.852 164 160 148
7.533 7.788 0.880 94 98 97
7.515 7.714 0.854 163 161 148
7.564 7.948 0.877 175 180 173
7.513 7.700 0.855 160 158 145
7.515 7.710 0.860 162 162 150
7.541 7.826 0.884 55 54 52
7.520 7.747 0.836 168 169 155
7.534 7.815 0.841 167 167 157
7.510 7.693 0.840 166 160 144
7.546 7.857 0.875 176 179 168
7.508 7.691 0.825 164 156 143
7.556 7.908 0.868 169 171 160
7.534 7.809 0.853 167 165 150
7.533 7.788 0.885 77 76 72
7.553 7.898 0.865 171 171 161
7.541 7.835 0.872 167 168 160
7.526 7.757 0.879 58 62 63
7.531 7.790 0.862 167 164 149
7.555 7.899 0.876 178 179 174
7.554 7.902 0.866 168 170 159
7.568 7.972 0.869 174 172 159
7.549 7.877 0.861 167 169 156
7.559 7.921 0.873 168 171 160
7.574 7.998 0.868 176 177 163
7.553 7.890 0.882 88 96 85
7.518 7.731 0.851 164 165 149
7.521 7.733 0.870 164 167 156
7.560 7.928 0.874 171 173 160
7.528 7.773 0.861 164 160 148
7.562 7.942 0.863 173 175 162
7.513 7.711 0.840 164 162 147
7.518 7.734 0.845 166 164 149
7.555 7.902 0.879 161 168 160
7.564 7.950 0.867 173 173 161
7.536 7.807 0.881 51 54 47
7.544 7.859 0.855 170 170 158
7.535 7.811 0.851 167 165 150
7.521 7.726 0.884 90 91 86
7.522 7.750 0.852 163 164 150
7.557 7.918 0.862 172 172 162
7.532 7.791 0.863 166 164 149
7.520 7.738 0.853 164 165 149
7.589 8.071 0.878 180 177 168
7.521 7.746 0.850 163 164 150
7.519 7.731 0.855 163 164 150
7.570 7.979 0.869 175 173 160
7.582 8.034 0.877 182 186 171
7.546 7.869 0.850 169 170 156
7.561 7.933 0.870 169 171 158
7.533 7.788 0.878 94 98 97
7.545 7.850 0.882 70 76 74
7.527 7.765 0.875 155 154 150
7.534 7.801 0.864 164 162 149
7.556 7.912 0.868 169 171 160
7.537 7.819 0.856 165 166 150
7.536 7.816 0.860 165 166 150
7.543 7.857 0.848 168 168 156
7.553 7.893 0.869 164 167 156
7.528 7.782 0.839 170 168 155
7.534 7.798 0.869 168 168 158
7.531 7.780 0.882 48 52 53
7.541 7.846 0.849 168 168 156
7.521 7.753 0.837 168 169 155
7.533 7.799 0.857 164 162 147
7.538 7.816 0.883 60 63 56
7.542 7.847 0.849 168 168 156
7.551 7.879 0.882 81 88 81
7.521 7.737 0.871 166 170 156
7.561 7.938 0.860 173 175 162
7.522 7.743 0.860 162 164 150
7.525 7.765 0.850 168 164 152
7.546 7.857 0.871 168 172 158
7.525 7.752 0.873 166 169 160
7.567 7.966 0.865 175 176 162
7.561 7.933 0.874 177 178 173
7.548 7.875 0.858 168 170 157
7.523 7.758 0.838 170 168 155
7.533 7.795 0.869 167 167 157
7.512 7.708 0.831 164 162 147
7.526 7.773 0.841 171 167 155
7.522 7.736 0.879 71 76 70
7.807 7.946 0.876 184 194 195
7.787 7.963 0.876 187 195 197
7.633 8.051 0.880 205 206 200
7.700 8.048 0.873 81 81 73
7.812 8.013 0.865 160 161 147
7.702 8.017 0.877 197 199 198
7.675 8.039 0.877 210 212 207
7.688 8.015 0.879 196 200 199
7.643 8.046 0.880 205 206 201
7.835 7.998 0.865 146 146 136
7.849 8.003 0.862 177 171 157
7.872 7.991 0.861 159 161 148
7.778 7.928 0.883 186 195 194
7.771 7.958 0.879 190 195 198
7.806 8.033 0.863 158 156 141
7.815 7.935 0.877 184 194 196
7.746 8.037 0.869 148 146 134
7.750 7.941 0.884 189 197 199
7.739 7.953 0.883 189 197 199
7.774 7.955 0.879 190 195 198
7.877 7.993 0.861 169 171 157
7.805 8.015 0.866 140 141 127
7.733 8.007 0.875 197 198 200
7.811 7.988 0.869 192 194 191
7.731 8.044 0.870 152 150 138
7.816 7.996 0.867 110 111 103
7.781 7.972 0.875 189 194 197
7.758 7.948 0.882 189 197 199
7.827 7.992 0.867 94 94 84
7.736 7.950 0.884 188 197 196
7.772 7.977 0.876 190 196 196
7.764 7.928 0.884 188 197 196
7.762 8.020 0.870 74 74 64
7.782 7.914 0.885 187 196 193
7.759 7.925 0.886 187 196 195
7.711 8.045 0.872 73 72 67
7.738 8.045 0.869 167 165 152
7.835 8.008 0.863 166 164 151
7.712 8.007 0.878 195 199 200
7.827 8.011 0.864 172 170 157
7.684 8.029 0.877 197 199 198
7.789 8.006 0.869 116 117 109
7.688 8.013 0.880 195 199 198
7.805 7.935 0.878 185 195 197
7.798 7.950 0.877 184 194 195
7.709 8.003 0.879 193 199 199
7.657 8.042 0.879 204 206 205
7.732 8.034 0.871 86 83 76
7.651 8.059 0.877 122 123 118
7.844 8.001 0.863 164 162 150
7.757 7.924 0.886 188 197 196
7.683 8.002 0.882 194 198 197
7.704 8.039 0.874 147 146 141
7.773 7.960 0.878 187 195 197
7.802 7.931 0.879 185 195 196
7.749 7.931 0.886 188 197 196
7.653 8.044 0.879 201 203 200
7.883 7.997 0.859 160 160 150
7.817 7.940 0.876 185 195 197
7.617 8.075 0.878 161 160 155
7.848 8.004 0.862 177 171 157
7.794 7.966 0.875 187 195 198
7.643 8.064 0.877 87 88 83
7.759 8.042 0.867 160 158 143
7.736 8.007 0.875 198 197 202
7.767 7.974 0.877 187 195 197
7.771 7.954 0.879 189 194 197
7.856 7.968 0.867 195 196 191
7.853 8.005 0.862 167 164 145
7.743 8.032 0.870 77 74 65
7.681 8.063 0.872 124 124 114
7.863 8.001 0.861 165 163 150
7.673 8.038 0.877 203 205 202
7.769 7.948 0.881 188 196 198
7.656 8.036 0.880 194 196 195
7.811 7.950 0.875 184 194 196
7.731 8.042 0.870 117 114 105
7.721 8.017 0.875 198 202 201
7.747 7.940 0.884 188 196 198
7.803 8.034 0.863 158 156 141
7.809 8.028 0.863 160 158 143
7.794 7.985 0.872 195 197 194
7.712 8.054 0.870 183 180 171
7.709 8.035 0.874 156 156 154
7.791 7.965 0.875 188 196 199
7.868 7.999 0.861 162 163 149
7.684 8.033 0.877 203 205 202
7.824 8.006 0.865 145 145 133
7.758 8.043 0.867 160 158 143
7.836 7.965 0.870 190 192 189
7.730 8.047 0.869 168 168 156
7.852 8.004 0.862 167 164 145
7.810 7.928 0.879 185 195 196
7.692 7.997 0.882 194 198 197
7.722 8.028 0.873 194 194 192
7.646 8.044 0.880 205 206 201
7.828 8.000 0.865 136 136 126
7.722 8.023 0.874 202 204 203
7.667 8.054 0.875 145 146 138
7.809 7.935 0.878 184 194 196
7.733 8.015 0.874 200 202 199
7.811 7.940 0.877 183 193 194
7.795 7.909 0.884 186 195 192
7.814 8.030 0.862 162 160 145
7.717 8.040 0.872 73 73 65
7.845 7.936 0.874 185 193 195
7.811 7.991 0.869 187 188 182
7.741 8.010 0.874 198 200 197
7.759 7.939 0.883 188 196 198
7.821 7.976 0.870 193 195 192
7.741 8.004 0.875 199 198 203
7.626 8.066 0.878 133 132 127
7.757 7.930 0.885 188 197 196
7.689 8.043 0.875 176 177 171
7.827 7.920 0.878 186 195 194
7.686 8.018 0.879 196 200 199
7.846 8.009 0.862 164 160 148
7.822 7.984 0.869 187 189 184
7.825 7.968 0.871 187 191 190
7.778 8.022 0.868 144 145 131
7.670 8.064 0.873 71 73 62
7.707 8.010 0.878 195 199 198
7.733 8.025 0.872 164 163 159
7.798 7.892 0.886 184 194 195
7.771 8.004 0.871 203 204 199
7.773 7.989 0.874 192 194 193
7.829 7.992 0.867 94 94 84
7.792 8.005 0.869 115 116 108
7.828 8.005 0.864 163 163 151
7.779 7.902 0.887 189 195 195
7.642 8.055 0.878 170 171 166
7.807 7.888 0.886 184 194 195
7.752 7.937 0.884 188 197 196
7.848 7.953 0.870 186 190 189
7.723 7.994 0.879 192 198 198
7.801 7.977 0.872 187 191 192
7.834 7.961 0.871 186 190 191
7.766 8.004 0.872 203 202 198
7.769 7.967 0.877 188 196 198
7.845 7.950 0.871 187 191 190
7.768 7.923 0.885 186 195 194
7.811 8.027 0.863 160 158 143
7.754 8.044 0.867 160 158 143
7.864 7.987 0.863 114 114 104
7.729 8.047 0.869 173 173 161
7.707 8.034 0.874 175 176 171
7.795 8.002 0.869 155 158 151
7.793 7.905 0.885 187 196 195
7.715 8.053 0.870 175 175 165
7.702 8.001 0.880 194 200 198
7.854 8.018 0.859 161 159 138
7.879 7.988 0.861 175 177 163
7.654 8.033 0.880 197 199 198
7.744 7.942 0.884 188 196 198
7.802 7.943 0.878 184 194 195
7.797 8.019 0.866 163 164 150
7.820 7.926 0.878 186 194 196
7.860 7.978 0.865 108 108 96
7.792 7.984 0.872 195 197 194
7.765 7.914 0.886 188 194 194
7.841 7.962 0.870 192 194 189
7.814 7.902 0.883 185 195 194
7.636 8.060 0.878 142 143 138
7.763 7.965 0.879 187 195 197
7.761 7.955 0.880 191 196 199
7.878 7.991 0.861 169 171 157
7.728 7.994 0.878 192 198 198
7.881 8.003 0.859 166 166 156
7.778 7.930 0.883 186 195 194
7.724 7.969 0.882 191 197 197
7.777 8.004 0.870 186 187 181
7.838 8.013 0.862 158 155 140
7.787 8.001 0.870 152 155 148
7.788 7.968 0.875 189 197 199
7.796 7.996 0.870 187 190 183
7.792 7.967 0.875 188 196 199
7.774 7.954 0.879 190 195 198
7.777 7.923 0.884 186 195 194
7.707 8.036 0.874 134 133 128
7.786 8.035 0.865 160 161 145
7.760 7.929 0.885 188 197 196
7.762 7.997 0.873 194 196 193
7.823 7.913 0.880 186 195 192
7.811 7.937 0.877 184 194 196
7.756 7.925 0.886 188 197 196
7.805 7.955 0.875 183 193 195
7.787 8.039 0.864 159 157 142
7.766 7.984 0.875 188 192 193
7.699 8.000 0.880 193 199 197
7.614 8.081 0.877 192 192 184
7.772 7.964 0.878 186 194 196
7.853 7.989 0.864 94 94 86
7.739 8.009 0.874 199 201 198
7.707 8.055 0.871 183 180 171
7.688 8.040 0.875 199 200 195
7.823 7.927 0.878 186 194 196
7.877 8.004 0.859 160 160 150
7.672 8.058 0.874 77 79 68
7.722 7.959 0.884 190 196 196
7.846 7.974 0.867 196 197 189
7.776 7.964 0.877 184 192 194
7.710 7.989 0.881 189 198 197
7.854 7.979 0.866 104 104 92
7.842 7.963 0.870 191 194 187
7.771 8.011 0.870 160 161 155
7.823 7.972 0.870 191 193 190
7.825 8.029 0.861 161 158 141
7.652 8.057 0.877 124 126 121
7.765 7.996 0.873 192 194 191
7.801 7.890 0.886 184 194 195
7.805 8.026 0.864 159 157 142
7.693 8.040 0.875 168 169 163
7.749 8.022 0.871 134 133 128
7.712 8.000 0.879 193 199 199
7.731 8.015 0.874 203 205 202
7.799 8.032 0.864 158 156 141
7.761 7.950 0.881 189 197 199
7.778 7.905 0.886 189 195 195
7.721 8.022 0.874 202 204 203
7.675 8.052 0.875 138 139 131
7.732 8.018 0.874 205 205 203
7.819 7.941 0.876 185 195 197
7.878 7.995 0.860 160 162 149
7.763 8.045 0.866 162 163 149
7.777 7.950 0.879 188 193 196
7.650 8.070 0.875 84 85 80
7.810 7.927 0.879 186 196 195
7.715 7.970 0.883 191 197 197
7.744 8.036 0.869 108 106 94
7.783 8.021 0.867 135 136 122
7.885 8.000 0.859 170 167 158
7.820 7.903 0.882 185 196 192
7.731 8.051 0.868 173 173 161
7.769 8.039 0.866 166 167 153
7.790 7.904 0.885 189 195 195
7.797 8.009 0.867 65 67 56
7.786 7.925 0.882 185 195 194
7.737 8.010 0.874 199 201 198
7.684 8.048 0.874 160 161 155
7.702 8.007 0.879 194 200 198
7.872 8.012 0.858 162 163 149
7.763 8.014 0.871 134 133 128
7.798 7.895 0.886 186 195 194
7.838 8.002 0.864 174 172 160
7.782 7.903 0.886 189 195 195
7.721 7.980 0.881 192 198 198
7.612 8.074 0.879 154 155 150
7.880 7.992 0.860 168 170 156
7.740 8.024 0.872 169 168 163
7.657 7.773 0.877 187 192 198
7.577 7.954 0.881 43 48 42
7.598 7.966 0.879 120 115 112
7.653 7.711 0.878 176 181 184
7.622 7.825 0.879 183 191 194
7.632 7.762 0.879 179 184 188
7.587 7.997 0.880 78 83 76
7.589 7.968 0.880 48 49 44
7.682 7.694 0.877 178 183 186
7.558 7.775 0.884 187 193 191
7.552 7.749 0.884 192 192 192
7.607 7.987 0.879 126 129 122
7.583 7.922 0.881 89 85 82
7.560 7.768 0.884 188 194 194
7.638 7.861 0.878 192 198 196
7.619 7.875 0.879 188 192 191
7.592 7.778 0.882 178 180 179
7.558 7.913 0.882 87 93 89
7.590 7.796 0.882 178 182 181
7.605 8.027 0.878 65 65 57
7.656 7.805 0.877 188 193 196
7.645 7.856 0.877 192 198 196
7.630 7.903 0.878 188 199 193
7.604 7.914 0.880 205 205 203
7.670 7.736 0.877 184 189 195
7.616 7.777 0.880 174 182 184
7.594 7.854 0.881 191 192 194
7.608 7.914 0.879 202 204 201
7.656 7.781 0.877 185 192 198
7.577 7.995 0.880 160 166 156
7.546 7.833 0.884 36 38 37
7.594 7.997 0.879 46 49 42
7.523 7.733 0.886 134 134 132
7.662 7.737 0.878 183 188 194
7.588 8.032 0.879 147 153 141
7.627 7.915 0.878 187 198 194
7.554 7.849 0.883 71 72 67
7.599 8.035 0.879 138 140 129
7.607 7.956 0.879 179 173 173
7.632 7.765 0.879 180 185 189
7.563 7.743 0.884 181 185 186
7.548 7.765 0.884 184 188 189
7.623 7.877 0.879 189 194 190
7.650 7.824 0.878 189 194 197
7.621 7.903 0.879 188 197 194
7.652 7.781 0.878 186 191 197
7.580 7.889 0.881 157 159 156
7.634 7.868 0.878 191 197 195
7.551 7.754 0.884 193 193 193
7.586 7.755 0.882 175 185 186
7.557 7.817 0.883 162 163 158
7.629 7.884 0.878 192 197 193
7.595 7.983 0.879 53 54 48
7.624 7.712 0.880 175 176 178
7.647 7.841 0.878 191 195 194
7.584 7.938 0.881 57 59 54
7.631 7.877 0.878 191 196 192
7.578 7.729 0.883 178 186 189
7.550 7.716 0.885 182 182 182
7.604 7.744 0.881 175 179 178
7.571 7.824 0.882 188 190 187
7.643 7.694 0.879 168 174 174
7.632 7.868 0.878 189 195 193
7.605 7.936 0.879 187 189 186
7.548 7.812 0.884 123 125 122
7.540 7.777 0.885 138 140 139
7.588 7.854 0.881 192 192 194
7.590 7.785 0.882 177 181 180
7.591 7.733 0.882 172 180 183
7.585 7.851 0.881 191 191 193
7.593 7.872 0.881 192 192 192
7.625 7.754 0.880 174 179 182
7.613 7.780 0.880 175 183 185
7.602 7.813 0.881 176 186 185
7.540 7.795 0.885 120 122 121
7.629 7.714 0.880 167 173 173
7.593 7.927 0.880 164 163 159
7.624 7.802 0.879 180 188 191
7.617 7.976 0.878 189 191 186
7.611 7.738 0.881 172 176 177
7.635 7.792 0.879 185 190 194
7.613 7.749 0.880 171 177 177
7.580 8.008 0.880 167 175 164
7.601 7.879 0.880 193 193 193
7.555 7.748 0.884 189 191 190
7.622 7.718 0.880 171 175 176
7.558 7.839 0.883 132 132 130
7.615 7.782 0.880 176 184 186
7.629 7.794 0.879 183 188 192
7.602 7.736 0.881 177 181 182
7.615 7.961 0.878 195 191 188
7.617 7.854 0.879 184 192 195
7.614 7.994 0.878 135 138 131
7.660 7.747 0.878 184 189 195
7.586 7.891 0.881 182 182 180
7.584 7.873 0.881 188 188 186
7.604 7.754 0.881 173 177 178
7.605 7.839 0.880 184 189 192
7.583 7.820 0.882 181 187 185
7.584 7.890 0.881 173 173 171
7.580 7.864 0.881 187 187 187
7.593 7.803 0.881 176 182 180
7.601 7.801 0.881 175 183 185
7.670 7.732 0.877 184 189 195
7.620 7.708 0.880 171 175 176
7.572 7.896 0.882 83 87 86
7.569 7.898 0.882 55 59 58
7.610 7.847 0.880 183 192 191
7.666 7.703 0.878 175 180 183
7.544 7.752 0.885 190 189 187
7.609 7.977 0.879 166 165 161
7.566 7.872 0.882 95 97 94
7.620 7.720 0.880 171 175 176
7.573 7.804 0.882 187 189 186
7.590 7.980 0.880 58 59 53
7.632 7.848 0.878 188 193 196
7.636 7.726 0.879 173 178 181
7.635 7.750 0.879 175 183 186
7.660 7.766 0.877 186 191 197
7.587 7.774 0.882 176 177 179
7.645 7.810 0.878 187 192 196
7.590 7.904 0.881 179 174 171
7.630 7.815 0.879 183 191 194
7.642 7.802 0.878 187 192 196
7.566 7.761 0.883 184 189 192
7.591 7.898 0.880 193 189 188
7.608 8.009 0.878 71 74 67
7.575 7.748 0.883 175 183 186
7.623 7.953 0.878 198 200 197
7.541 7.815 0.884 65 67 64
7.577 7.950 0.881 41 46 40
7.593 7.957 0.880 85 81 78
7.589 7.842 0.881 187 191 192
7.565 7.780 0.883 184 188 187
7.636 7.857 0.878 191 197 197
7.563 7.905 0.882 38 43 39
7.633 7.774 0.879 181 186 190
7.576 7.741 0.883 173 183 185
7.612 7.987 0.878 135 138 131
7.632 7.843 0.878 187 192 195
7.643 7.789 0.878 186 191 197
7.632 7.832 0.879 185 193 196
7.603 7.868 0.880 193 195 194
7.620 7.715 0.880 171 175 176
7.632 7.914 0.878 187 196 193
7.548 7.840 0.884 43 45 42
7.584 8.002 0.880 130 138 127
7.552 7.718 0.885 178 180 179
7.610 7.890 0.879 195 195 195
7.600 7.824 0.881 176 186 185
7.547 7.826 0.884 65 67 66
7.655 7.714 0.878 175 180 184
7.589 7.964 0.880 59 60 55
7.555 7.745 0.884 187 189 188
7.610 7.706 0.881 169 177 180
7.539 7.722 0.885 191 187 184
7.553 7.749 0.884 192 192 192
7.588 7.999 0.880 64 69 62
7.583 7.824 0.882 181 187 185
7.610 7.844 0.880 183 192 191
7.582 7.954 0.881 36 38 33
7.551 7.795 0.884 163 163 161
7.612 7.951 0.879 201 197 196
7.557 7.824 0.883 157 159 154
7.562 7.785 0.883 190 192 189
7.603 7.713 0.881 170 178 181
7.534 7.783 0.885 99 103 102
7.589 8.027 0.879 135 141 129
7.574 7.793 0.882 181 183 180
7.673 7.722 0.877 183 188 194
7.565 7.776 0.883 187 191 190
7.593 7.933 0.880 155 157 152
7.606 7.946 0.879 191 187 186
7.649 7.693 0.879 170 176 176
7.606 8.012 0.879 60 63 56
7.596 7.977 0.879 75 70 66
7.594 7.920 0.880 176 172 169
7.623 7.825 0.879 183 191 194
7.651 7.780 0.878 186 191 197
7.605 7.974 0.879 125 121 118
7.645 7.839 0.878 190 194 195
7.638 7.759 0.879 180 185 189
7.548 7.779 0.884 171 177 175
7.642 7.837 0.878 188 194 194
7.610 7.916 0.879 200 202 199
7.643 7.857 0.878 192 198 196
7.602 7.920 0.880 198 197 195
7.628 7.707 0.880 170 176 176
7.589 7.822 0.881 176 185 182
7.599 8.000 0.879 48 51 44
7.645 7.808 0.878 187 192 196
7.658 7.800 0.877 189 194 197
7.577 7.983 0.881 128 133 126
7.587 7.781 0.882 176 178 177
7.593 8.041 0.879 156 159 148
7.562 7.869 0.883 67 69 64
7.605 7.813 0.880 177 185 187
7.553 7.741 0.884 188 190 189
7.653 7.747 0.878 183 188 194
7.616 7.904 0.879 191 196 192
7.605 7.905 0.880 197 197 195
7.601 7.743 0.881 177 178 180
7.647 7.734 0.878 178 183 189
7.532 7.737 0.886 181 180 178
7.592 8.004 0.879 58 63 56
7.562 7.710 0.884 175 179 180
7.620 7.887 0.879 193 195 194
7.607 7.787 0.881 172 182 181
7.623 7.814 0.879 182 190 193
7.559 7.831 0.883 150 152 147
7.546 7.819 0.884 84 86 83
7.611 7.896 0.879 195 195 193
7.649 7.779 0.878 185 190 196
7.603 7.985 0.879 101 102 96
7.598 7.736 0.882 178 182 185
7.567 7.746 0.883 181 186 189
7.584 8.008 0.880 156 164 153
7.549 7.762 0.884 183 187 188
7.595 7.968 0.880 78 73 70
7.593 7.714 0.882 173 182 187
7.613 7.706 0.881 172 177 181
7.562 7.853 0.883 110 111 106
7.566 7.936 0.882 98 103 97
7.565 7.867 0.882 103 104 99
7.577 8.007 0.880 171 181 170
7.628 7.925 0.878 191 197 195
7.652 7.803 0.878 188 193 196
7.607 7.776 0.881 170 179 178
7.547 7.767 0.884 179 183 184
7.616 7.889 0.879 190 194 193
7.653 7.707 0.878 177 182 185
7.586 7.902 0.881 165 161 158
7.571 7.769 0.883 182 188 188
7.583 7.776 0.882 177 178 180
7.605 7.893 0.880 198 197 195
7.586 7.816 0.882 176 182 180
7.566 7.769 0.883 185 191 191
7.597 8.038 0.879 157 160 149
7.623 7.775 0.880 176 184 187
7.570 7.893 0.882 53 55 54
7.621 7.917 0.878 188 197 192
7.555 7.839 0.883 108 108 106
7.584 8.013 0.880 169 177 166
7.576 7.812 0.882 184 189 185
7.620 7.943 0.878 201 201 201
7.616 7.700 0.881 174 179 183
7.626 7.729 0.880 167 177 179
7.612 7.728 0.881 173 177 178
7.579 7.717 0.883 173 181 184
7.574 7.794 0.883 183 183 181
7.579 7.869 0.882 181 181 181
7.564 7.921 0.882 61 63 60
7.581 7.838 0.882 190 192 191
7.612 7.787 0.880 176 186 187
7.610 7.903 0.879 196 196 194
7.598 7.706 0.882 172 181 186
7.636 7.720 0.879 171 176 179
7.630 7.896 0.878 189 198 193
7.605 7.726 0.881 176 181 184
7.589 7.977 0.880 60 61 55
7.668 7.707 0.877 178 183 187
7.581 7.751 0.882 175 185 186
7.650 7.702 0.879 174 179 182
7.561 7.907 0.882 55 61 57
7.613 7.800 0.880 179 187 189
7.650 7.730 0.878 177 182 186
7.615 7.748 0.880 171 176 179
7.629 7.827 0.879 184 192 195
7.632 7.883 0.878 192 197 193
7.595 7.854 0.881 189 190 192
7.540 7.728 0.885 195 194 192
7.657 7.734 0.878 180 185 191
7.649 7.831 0.877 189 194 197
7.579 7.811 0.882 179 184 180
7.627 7.939 0.878 192 196 195
7.635 7.823 0.878 184 192 194
7.583 7.947 0.881 47 49 44
7.588 8.065 0.879 181 183 172
7.565 7.797 0.883 188 188 186
7.606 7.829 0.880 179 188 187
7.634 7.811 0.879 186 191 195
7.603 8.014 0.879 56 57 49
7.575 7.793 0.882 181 183 180
7.592 7.712 0.882 172 181 186
7.580 7.967 0.881 59 64 58
7.660 7.768 0.877 186 191 197
7.644 7.788 0.878 186 191 197
7.659 7.739 0.878 182 187 193
7.619 7.927 0.878 192 197 193
7.588 7.800 0.882 176 182 180
7.554 7.827 0.883 110 110 110
7.572 7.910 0.882 70 72 69
7.648 7.723 0.879 176 181 185
7.552 7.825 0.884 112 114 113
7.570 7.789 0.883 185 187 184
7.602 7.943 0.879 178 177 175
7.657 7.708 0.878 176 181 184
7.652 7.809 0.877 190 194 195
7.608 7.934 0.879 193 195 192
7.556 7.806 0.884 181 180 176
7.577 7.747 0.883 175 183 186
7.597 7.821 0.881 176 186 185
7.575 7.836 0.882 188 190 187
7.632 7.713 0.880 168 174 174
7.648 7.791 0.878 184 192 195
7.591 8.012 0.879 66 69 60
7.613 7.902 0.879 190 195 191
7.625 7.797 0.879 180 188 191
7.597 7.892 0.880 200 199 197
7.564 7.925 0.882 67 69 66
7.624 7.901 0.878 190 196 194
7.618 7.972 0.878 198 199 194
7.560 7.811 0.883 183 184 179
7.609 7.911 0.879 197 199 196
7.613 7.842 0.880 183 191 194
7.633 7.705 0.880 169 175 175
7.622 7.818 0.879 182 190 193
7.627 7.865 0.879 187 193 191
7.618 7.976 0.878 189 191 186
7.584 7.802 0.882 178 182 181
7.554 7.753 0.884 195 197 196
7.560 7.793 0.883 191 191 189
7.723 7.823 0.882 197 203 201
7.714 7.763 0.880 186 193 199
7.733 7.768 0.881 196 201 204
7.763 7.864 0.885 187 193 193
7.696 7.971 0.883 195 197 196
7.649 7.930 0.879 190 194 193
7.751 7.890 0.885 188 194 194
7.772 7.820 0.885 183 191 194
7.680 7.894 0.880 190 199 198
7.645 7.926 0.879 191 195 194
7.704 7.869 0.882 193 199 197
7.612 8.049 0.879 60 62 57
7.698 7.907 0.882 190 199 198
7.705 7.800 0.880 185 192 202
7.693 7.844 0.880 190 200 201
7.662 7.829 0.878 194 196 193
7.731 7.825 0.882 186 192 192
7.714 7.818 0.881 182 188 186
7.745 7.785 0.883 194 200 200
7.644 7.953 0.879 191 196 192
7.641 7.917 0.878 190 196 194
7.683 7.915 0.881 189 198 195
7.685 7.702 0.877 180 185 188
7.698 7.955 0.883 193 197 196
7.656 7.829 0.877 190 195 198
7.676 7.810 0.878 191 196 199
7.686 7.821 0.879 192 200 203
7.671 7.820 0.878 191 197 197
7.685 7.791 0.879 190 198 201
7.601 8.072 0.879 167 168 163
7.742 7.787 0.882 190 197 190
7.690 7.791 0.879 190 198 201
7.633 8.011 0.880 202 204 199
7.665 7.969 0.881 193 199 197
7.639 8.003 0.880 194 196 191
7.643 8.006 0.880 196 198 193
7.682 7.774 0.878 190 195 201
7.602 8.071 0.879 164 165 160
7.795 7.875 0.888 184 194 196
7.736 7.776 0.882 179 185 181
7.679 7.798 0.878 190 198 201
7.691 7.850 0.880 190 198 200
7.776 7.894 0.887 186 194 196
7.650 7.848 0.878 192 198 196
7.652 7.838 0.877 191 195 194
7.683 7.952 0.882 190 199 198
7.704 7.820 0.881 189 195 191
7.706 7.868 0.882 193 199 197
7.687 7.765 0.878 190 195 201
7.745 7.802 0.883 188 193 197
7.651 7.902 0.879 188 199 195
7.737 7.860 0.884 192 193 195
7.752 7.835 0.884 187 192 195
7.746 7.827 0.883 187 192 195
7.738 7.933 0.885 188 197 196
7.716 7.925 0.883 190 196 196
7.663 7.842 0.878 192 197 193
7.766 7.812 0.885 186 191 195
7.650 7.876 0.878 192 198 194
7.680 7.813 0.879 188 196 198
7.666 7.921 0.880 192 196 197
7.712 7.848 0.882 191 197 197
7.673 7.859 0.879 189 198 195
7.644 7.907 0.878 187 198 194
7.754 7.879 0.885 188 194 194
7.706 7.832 0.881 194 199 202
7.705 7.928 0.883 188 197 196
7.659 7.837 0.878 195 197 194
7.717 7.759 0.880 186 193 199
7.604 8.071 0.879 147 147 145
7.716 7.736 0.880 185 193 196
7.690 7.705 0.877 181 186 189
7.664 7.858 0.879 192 198 196
7.797 7.866 0.888 183 193 195
7.727 7.871 0.883 188 194 194
7.652 7.894 0.879 190 199 196
7.610 8.039 0.879 48 50 39
7.700 7.936 0.883 189 198 195
7.630 8.013 0.880 205 207 202
7.711 7.757 0.880 186 193 199
7.650 7.982 0.880 193 200 193
7.684 7.832 0.879 188 200 200
7.688 7.838 0.880 189 199 200
7.724 7.928 0.884 190 196 196
7.646 7.904 0.878 188 199 195
7.647 7.959 0.880 191 196 192
7.675 7.763 0.877 188 193 199
7.690 7.881 0.881 192 198 198
7.693 7.968 0.883 193 197 196
7.770 7.842 0.885 186 191 194
7.690 7.746 0.878 185 193 196
7.719 7.843 0.882 191 197 197
7.677 7.877 0.880 193 198 201
7.700 7.782 0.879 188 195 201
7.696 7.738 0.878 186 194 197
7.732 7.825 0.883 186 192 192
7.718 7.897 0.883 188 196 198
7.654 7.989 0.881 193 199 195
7.714 7.901 0.883 188 196 198
7.650 7.924 0.879 191 195 194
7.648 7.865 0.878 193 199 197
7.670 7.895 0.880 188 199 195
7.705 7.740 0.879 186 194 197
7.617 8.062 0.880 74 73 68
7.644 7.924 0.879 190 196 194
7.743 7.881 0.884 189 193 194
7.623 8.054 0.880 115 114 110
7.786 7.864 0.887 184 192 195
7.662 7.932 0.880 191 197 195
7.693 7.744 0.878 186 194 197
7.664 7.848 0.878 192 198 194
7.667 8.011 0.882 194 198 197
7.719 7.743 0.880 184 191 197
7.780 7.864 0.887 184 192 194
7.715 7.735 0.879 185 193 196
7.700 7.845 0.881 191 200 199
7.707 7.892 0.882 189 198 197
7.788 7.849 0.887 183 193 195
7.726 7.926 0.884 190 196 196
7.654 7.835 0.878 191 195 194
7.650 7.931 0.879 190 196 194
7.651 7.999 0.881 194 199 195
7.716 7.929 0.884 190 196 196
7.677 7.871 0.880 188 198 197
7.714 7.828 0.881 195 201 199
7.685 7.748 0.878 188 193 199
7.656 7.990 0.881 193 199 195
7.722 7.905 0.884 187 195 197
7.773 7.874 0.886 184 192 194
7.717 7.745 0.880 185 192 198
7.673 8.000 0.882 194 198 197
7.676 7.963 0.882 192 198 196
7.750 7.880 0.885 188 194 194
7.610 8.024 0.879 63 64 58
7.695 7.869 0.881 192 198 198
7.653 7.996 0.881 193 199 195
7.687 7.848 0.880 189 199 200
7.724 7.776 0.881 184 189 193
7.795 7.861 0.887 182 191 196
7.701 7.854 0.881 191 200 199
7.720 7.907 0.883 187 195 197
7.701 7.951 0.883 191 197 195
7.773 7.881 0.886 185 193 195
7.654 7.930 0.879 191 197 195
7.750 7.792 0.883 187 192 195
7.747 7.801 0.883 185 190 194
7.772 7.863 0.886 184 192 194
7.714 7.829 0.881 195 201 199
7.674 7.973 0.882 193 199 197
7.677 7.898 0.880 189 198 197
7.764 7.873 0.886 185 194 193
7.704 7.728 0.879 185 193 196
7.658 7.806 0.877 190 195 198
7.710 7.904 0.883 188 196 198
7.735 7.879 0.884 189 193 194
7.664 7.942 0.880 192 198 196
7.725 7.913 0.884 190 196 196
7.700 7.814 0.880 192 201 206
7.777 7.873 0.887 184 192 194
7.683 7.808 0.879 189 197 200
7.641 8.019 0.880 196 197 192
7.710 7.733 0.879 186 194 197
7.670 7.830 0.878 188 197 194
7.746 7.921 0.885 190 196 196
7.649 7.937 0.879 190 196 194
7.747 7.801 0.883 185 190 194
7.685 7.692 0.877 178 183 186
7.669 7.885 0.880 188 197 194
7.690 7.869 0.881 189 197 199
7.642 8.034 0.881 206 207 202
7.701 7.935 0.883 189 198 195
7.660 7.816 0.878 192 196 197
7.711 7.909 0.883 187 195 197
7.733 7.763 0.881 194 199 202
7.730 7.819 0.882 176 182 182
7.696 7.950 0.883 192 198 196
7.746 7.807 0.883 186 191 195
7.707 7.864 0.882 192 198 196
7.672 7.816 0.878 191 196 199
7.643 8.020 0.881 197 198 193
7.676 7.768 0.878 189 194 200
7.749 7.911 0.885 190 196 194
7.697 7.979 0.883 193 197 196
7.768 7.904 0.887 189 195 193
7.732 7.909 0.884 188 197 196
7.724 7.924 0.884 190 196 196
7.692 7.737 0.878 186 194 197
7.713 7.754 0.880 186 193 199
7.738 7.894 0.884 189 195 195
7.745 7.865 0.884 190 194 195
7.713 7.774 0.880 188 195 205
7.680 7.870 0.880 188 198 197
7.737 7.773 0.882 192 198 194
7.746 7.888 0.885 189 193 194
7.780 7.848 0.886 184 192 194
7.688 7.774 0.878 192 197 201
7.659 7.945 0.880 191 197 195
7.680 7.923 0.881 189 198 197
7.658 7.822 0.878 192 196 195
7.647 7.993 0.880 195 197 192
7.659 7.963 0.881 192 198 196
7.628 7.976 0.879 196 201 195
7.682 7.822 0.879 189 197 199
7.644 8.016 0.881 197 198 193
7.662 7.945 0.880 192 198 196
7.696 7.710 0.878 182 187 190
7.718 7.907 0.883 187 195 197
7.718 7.769 0.880 187 194 204
7.629 8.018 0.880 201 202 197
7.748 7.881 0.885 189 193 194
7.701 7.930 0.883 189 198 197
7.739 7.832 0.883 188 194 194
7.620 8.048 0.880 118 117 113
7.686 7.839 0.880 184 196 196
7.685 7.860 0.880 189 197 199
7.744 7.810 0.883 186 191 195
7.609 8.024 0.878 48 49 43
7.664 7.964 0.881 192 198 196
7.737 7.821 0.883 186 191 194
7.710 7.919 0.883 188 197 196
7.687 7.916 0.881 188 197 194
7.784 7.852 0.887 185 193 196
7.695 7.783 0.879 189 196 202
7.738 7.932 0.885 187 196 195
7.678 7.947 0.881 190 199 198
7.736 7.772 0.882 195 201 199
7.699 7.911 0.882 189 198 197
7.687 7.734 0.878 184 192 195
7.740 7.845 0.883 189 195 195
7.763 7.822 0.884 186 191 195
7.674 7.820 0.879 191 197 197
7.684 7.777 0.878 192 197 201
7.697 7.721 0.878 184 192 195
7.693 7.853 0.880 190 198 200
7.754 7.866 0.885 188 194 194
7.665 7.966 0.881 193 199 197
7.666 7.863 0.879 188 199 195
7.671 7.954 0.881 192 198 196
7.712 7.858 0.882 188 194 192
7.682 7.810 0.879 189 197 200
7.718 7.748 0.880 184 191 197
7.634 7.992 0.879 198 200 195
7.624 7.983 0.879 195 200 194
7.655 7.993 0.881 193 199 195
7.710 7.802 0.881 164 171 177
7.633 7.925 0.878 192 198 196
7.802 7.869 0.888 185 195 197
7.676 7.982 0.882 193 199 197
7.696 7.850 0.881 191 199 201
7.625 7.992 0.879 200 202 197
7.750 7.815 0.884 188 193 197
7.768 7.829 0.885 185 190 193
7.777 7.857 0.886 184 192 194
7.668 7.947 0.881 192 198 196
7.671 7.845 0.879 188 197 194
7.706 7.774 0.880 188 195 201
7.657 7.960 0.880 192 198 196
7.699 7.791 0.880 189 196 206
7.690 7.793 0.879 190 198 201
7.705 7.940 0.883 192 198 198
7.658 7.937 0.880 191 197 195
7.785 7.844 0.886 185 193 195
7.722 7.864 0.883 192 198 198
7.669 7.929 0.880 191 197 195
7.749 7.880 0.885 189 193 194
7.699 7.942 0.883 191 197 195
7.671 7.815 0.878 191 197 197
7.684 7.993 0.883 194 198 199
7.705 7.792 0.880 187 194 204
7.798 7.875 0.888 184 194 195
7.755 7.895 0.885 189 195 195
7.664 7.885 0.879 188 197 194
7.656 7.889 0.879 190 199 196
7.668 7.781 0.877 187 192 196
7.759 7.817 0.884 186 191 195
7.687 7.729 0.877 183 191 194
7.691 7.757 0.878 187 194 200
7.674 7.946 0.881 190 199 198
7.700 7.883 0.882 191 197 197
7.700 7.710 0.878 182 187 190
7.697 7.793 0.879 189 197 200
7.702 7.916 0.882 189 198 197
7.669 7.942 0.881 192 198 196
7.639 8.005 0.880 194 196 191
7.663 7.951 0.880 193 199 197
7.670 7.985 0.882 193 199 197
7.656 7.922 0.879 191 197 197
7.738 7.798 0.882 173 179 177
7.666 7.934 0.880 191 197 195
7.783 7.880 0.887 185 193 195
7.664 7.886 0.879 188 197 194
7.670 7.918 0.880 191 197 197
7.727 7.896 0.884 187 196 195
7.653 7.947 0.880 191 197 195
7.776 7.854 0.886 184 192 194
7.729 7.908 0.884 188 197 196
7.688 7.913 0.881 189 198 195
7.683 7.718 0.877 184 189 193
7.660 8.005 0.881 194 199 195
7.693 7.827 0.880 192 200 202
7.679 7.818 0.879 188 196 198
7.662 8.012 0.882 194 198 197
7.733 7.809 0.882 159 165 163
7.649 7.861 0.878 194 200 198
7.703 7.724 0.878 184 192 195
7.619 8.038 0.879 126 125 123
7.715 7.937 0.884 191 197 197
7.729 7.780 0.881 173 179 179
7.715 7.781 0.880 184 191 199
7.699 7.769 0.879 188 195 201
7.765 7.808 0.884 184 189 193
7.690 7.763 0.878 188 195 201
7.698 7.792 0.880 189 195 207
7.720 7.852 0.882 191 197 197
7.669 7.879 0.879 188 197 194
7.636 7.976 0.879 194 199 193
7.773 7.861 0.886 184 192 194
7.678 7.913 0.881 189 198 195
7.696 7.752 0.879 187 194 200
7.717 7.868 0.882 192 198 198
7.755 7.804 0.884 187 192 196
7.658 7.952 0.880 191 197 195
7.664 7.892 0.879 188 197 194
7.756 7.881 0.885 188 194 194
7.683 7.796 0.879 190 198 201
7.671 7.842 0.879 191 197 195
7.704 7.797 0.880 184 191 201
7.640 7.947 0.879 191 196 192
7.698 7.925 0.882 188 197 194
7.748 7.866 0.884 190 194 195
7.731 7.761 0.881 189 196 202
7.701 7.795 0.880 188 194 206
7.596 7.681 0.868 166 170 156
7.641 7.691 0.879 168 174 172
7.543 7.696 0.874 156 157 143
7.570 7.658 0.853 116 109 93
7.602 7.673 0.864 167 171 156
7.600 7.687 0.872 156 164 153
7.600 7.682 0.869 167 173 161
7.551 7.705 0.880 171 175 161
7.598 7.663 0.858 148 147 127
7.651 7.688 0.878 169 175 175
7.593 7.660 0.855 140 137 118
7.585 7.640 0.843 104 97 78
7.591 7.643 0.845 110 105 85
7.554 7.678 0.863 134 129 110
7.601 7.684 0.871 167 173 163
7.565 7.691 0.872 168 172 158
7.663 7.684 0.877 171 177 177
7.600 7.671 0.863 162 165 148
7.616 7.678 0.869 168 174 162
7.640 7.685 0.875 75 84 79
7.574 7.683 0.869 163 165 151
7.660 7.674 0.870 67 77 68
7.633 7.680 0.871 125 132 125
7.625 7.683 0.873 109 116 108
7.592 7.699 0.879 168 177 182
7.572 7.683 0.869 161 163 149
7.580 7.697 0.878 140 146 136
7.572 7.672 0.862 141 140 122
7.631 7.688 0.876 168 174 172
7.649 7.690 0.879 170 176 176
7.664 7.685 0.877 173 179 179
7.543 7.712 0.883 184 183 181
7.622 7.693 0.878 172 176 179
7.656 7.684 0.876 168 174 174
7.578 7.653 0.850 114 107 89
7.589 7.683 0.869 167 171 157
7.585 7.641 0.843 104 97 78
7.585 7.699 0.879 172 180 183
7.653 7.682 0.874 169 175 175
7.628 7.669 0.864 164 170 158
7.565 7.698 0.877 170 176 164
7.540 7.695 0.873 150 148 133
7.617 7.695 0.879 172 175 180
7.538 7.708 0.880 176 178 165
7.638 7.673 0.868 145 152 145
7.664 7.678 0.873 87 97 86
7.580 7.683 0.869 166 168 154
7.580 7.654 0.851 124 119 100
7.575 7.678 0.866 148 149 133
7.647 7.666 0.864 173 180 172
7.643 7.688 0.877 168 174 172
7.583 7.658 0.854 131 126 107
7.576 7.694 0.875 171 177 165
7.565 7.667 0.858 131 124 105
7.627 7.688 0.876 82 92 83
7.608 7.662 0.858 151 150 130
7.549 7.687 0.869 144 143 125
7.630 7.657 0.857 162 165 148
7.640 7.689 0.878 166 172 170
7.547 7.708 0.882 182 182 180
7.594 7.647 0.847 121 118 99
7.666 7.674 0.870 68 78 67
7.582 7.687 0.872 171 174 163
7.596 7.660 0.855 146 143 124
7.550 7.696 0.874 159 161 147
7.796 8.045 0.827 171 172 158
7.690 8.080 0.798 183 184 168
7.625 8.090 0.833 179 182 173
7.597 8.093 0.853 179 180 174
7.612 8.086 0.863 175 177 163
7.598 8.098 0.825 183 186 179
7.659 8.080 0.833 169 171 157
7.622 8.099 0.791 172 171 166
7.791 8.047 0.821 176 175 157
7.691 8.065 0.863 164 162 150
7.766 8.056 0.814 177 180 163
7.663 8.084 0.812 175 177 163
7.670 8.077 0.836 168 169 153
7.619 8.083 0.872 179 179 169
7.624 8.092 0.823 176 182 172
7.604 8.094 0.838 179 181 176
7.622 8.100 0.786 111 111 103
7.771 8.051 0.829 172 173 159
7.686 8.081 0.798 175 173 160
7.868 8.019 0.856 161 163 152
7.795 8.047 0.821 176 173 156
7.641 8.087 0.826 173 175 162
7.630 8.093 0.810 179 182 173
7.684 8.071 0.848 167 169 148
7.725 8.069 0.801 182 180 168
7.648 8.092 0.793 184 182 170
7.669 8.082 0.814 173 176 159
7.622 8.095 0.809 178 183 176
7.649 8.091 0.796 171 169 157
7.739 8.063 0.813 176 176 164
7.641 8.091 0.805 177 177 165
7.792 8.048 0.817 177 176 158
7.720 8.064 0.835 175 172 155
7.755 8.062 0.798 190 187 168
7.732 8.061 0.831 174 175 157
7.696 8.064 0.863 161 161 149
7.713 8.060 0.859 162 163 147
7.615 8.100 0.794 192 193 187
7.658 8.079 0.842 168 170 156
7.640 8.087 0.826 174 176 163
7.736 8.053 0.864 161 162 148
7.756 8.048 0.862 160 161 143
7.671 8.089 0.779 42 33 24
7.781 8.042 0.861 158 159 145
7.851 8.027 0.844 165 164 144
7.790 8.043 0.844 165 167 146
7.620 8.098 0.800 184 187 180
7.744 8.063 0.808 178 179 165
7.721 8.069 0.808 180 177 168
7.728 8.071 0.792 195 190 171
7.687 8.082 0.789 172 168 156
7.777 8.043 0.859 160 161 145
7.704 8.068 0.833 175 174 156
7.761 8.056 0.819 176 179 162
7.827 8.034 0.839 167 165 150
7.663 8.082 0.818 173 176 159
7.633 8.090 0.820 177 180 169
7.616 8.092 0.833 179 182 175
7.755 8.049 0.861 160 161 143
7.645 8.087 0.818 174 174 162
7.649 8.093 0.787 175 171 160
7.775 8.053 0.814 176 178 164
7.867 8.020 0.856 166 166 154
7.722 8.070 0.802 181 179 167
7.755 8.055 0.832 172 173 157
7.625 8.082 0.867 171 173 162
7.764 8.057 0.811 179 180 164
7.621 8.099 0.791 172 171 166
7.640 8.081 0.852 171 173 162
7.636 8.088 0.827 174 177 166
7.705 8.073 0.807 180 178 165
7.660 8.075 0.854 163 165 151
7.744 8.055 0.843 168 169 151
7.762 8.055 0.821 174 177 158
7.668 8.070 0.867 167 168 154
7.630 8.096 0.798 186 186 178
7.640 8.089 0.816 177 177 165
7.719 8.073 0.794 190 184 170
7.712 8.066 0.836 174 173 155
7.820 8.037 0.836 168 166 154
7.674 8.074 0.842 167 168 152
7.667 8.090 0.777 61 49 33
7.639 8.087 0.828 174 176 163
7.688 8.075 0.821 173 176 159
7.665 8.075 0.851 167 168 154
7.740 8.063 0.811 176 176 164
7.647 8.092 0.795 184 182 170
7.635 8.090 0.815 178 181 170
7.762 8.056 0.816 178 179 163
7.808 8.042 0.827 170 171 157
7.645 8.079 0.854 168 170 159
7.791 8.042 0.846 165 167 146
7.731 8.062 0.828 174 175 157
7.728 8.055 0.864 160 161 147
7.743 8.067 0.793 197 190 174
7.734 8.064 0.818 178 176 164
7.836 8.027 0.859 162 159 144
7.772 8.056 0.806 183 181 166
7.725 8.056 0.862 163 165 151
7.747 8.055 0.841 168 169 151
7.604 8.107 0.776 38 34 23
7.659 8.072 0.870 183 185 172
7.732 8.056 0.854 165 166 148
7.634 8.087 0.832 175 178 167
7.834 8.030 0.849 166 163 148
7.692 8.075 0.815 175 178 161
7.633 8.086 0.839 175 179 165
7.639 8.090 0.812 178 178 166
7.600 8.092 0.853 179 180 172
7.689 8.070 0.845 168 170 148
7.819 8.032 0.859 162 159 144
7.749 8.053 0.849 165 166 148
7.606 8.103 0.792 175 174 169
7.605 8.096 0.829 181 184 177
7.750 8.055 0.837 170 171 153
7.788 8.039 0.862 158 156 141
7.624 8.087 0.847 176 178 165
7.648 8.082 0.839 171 173 160
7.676 8.069 0.866 168 169 155
7.612 8.103 0.787 48 47 42
7.665 8.070 0.873 158 161 154
7.672 8.087 0.788 162 155 145
7.595 8.089 0.873 181 181 171
7.828 8.031 0.851 164 162 147
7.700 8.069 0.836 174 173 155
7.743 8.064 0.803 181 182 168
7.691 8.075 0.820 174 175 159
7.649 8.075 0.868 164 166 155
7.632 8.099 0.778 24 22 10
7.734 8.070 0.789 164 155 140
7.802 8.042 0.831 170 171 157
7.671 8.071 0.863 161 162 148
7.615 8.091 0.837 178 181 174
7.689 8.064 0.870 180 177 168
7.786 8.050 0.817 177 178 162
7.657 8.093 0.776 55 46 31
7.672 8.076 0.835 171 172 156
7.601 8.094 0.844 180 183 176
7.849 8.027 0.843 165 164 144
7.712 8.075 0.793 193 187 173
7.723 8.059 0.852 168 170 149
7.770 8.045 0.859 160 161 143
7.660 8.083 0.820 172 173 159
7.651 8.078 0.853 167 169 156
7.614 8.087 0.857 176 178 165
7.647 8.080 0.849 169 171 158
7.619 8.086 0.854 175 177 164
7.607 8.092 0.842 179 182 175
7.596 8.091 0.862 177 179 166
7.610 8.088 0.856 178 180 167
7.610 8.099 0.806 186 189 180
7.677 8.072 0.849 166 167 151
7.660 8.072 0.873 134 135 130
7.810 8.041 0.828 169 170 156
7.836 8.031 0.840 167 165 153
7.780 8.043 0.854 162 164 143
7.689 8.066 0.862 164 162 149
7.655 8.082 0.829 169 171 157
7.638 8.083 0.848 170 172 161
7.676 8.071 0.857 164 165 149
7.715 8.072 0.802 182 178 167
7.598 8.106 0.791 55 52 47
7.650 8.081 0.842 169 171 158
7.698 8.081 0.782 45 37 24
7.768 8.050 0.836 170 171 155
7.631 8.088 0.832 177 180 169
7.833 8.030 0.849 166 163 148
7.750 8.052 0.850 165 166 148
7.636 8.083 0.847 176 178 164
7.692 8.070 0.839 170 172 151
7.796 8.042 0.839 166 167 149
7.800 8.040 0.844 166 167 151
7.688 8.082 0.788 172 168 156
7.873 8.018 0.857 149 151 140
7.677 8.074 0.838 170 171 155
7.608 8.101 0.799 188 189 183
7.691 8.064 0.867 170 168 156
7.603 8.090 0.859 179 181 170
7.777 8.044 0.856 162 163 145
7.783 8.048 0.829 170 173 156
7.751 8.063 0.799 183 182 164
7.791 8.041 0.854 160 161 143
7.612 8.101 0.793 186 187 181
7.734 8.068 0.798 189 185 173
7.785 8.043 0.852 164 166 145
7.614 8.093 0.828 179 181 176
7.699 8.078 0.796 181 178 163
7.878 8.017 0.853 72 70 57
7.666 8.081 0.821 171 174 157
7.807 8.035 0.858 162 160 145
7.800 8.040 0.844 164 165 149
7.620 8.088 0.845 176 179 168
7.749 8.056 0.833 171 172 156
7.722 8.057 0.861 163 165 151
7.696 8.071 0.831 174 173 155
7.676 8.068 0.870 182 183 169
7.614 8.105 0.776 30 25 19
7.678 8.069 0.864 164 165 151
7.746 8.063 0.806 179 180 166
7.741 8.061 0.821 178 176 163
7.626 8.100 0.782 27 24 15
7.717 8.058 0.864 160 162 149
7.736 8.065 0.810 178 178 166
7.669 8.071 0.864 164 165 151
7.661 8.083 0.820 172 173 159
7.685 8.082 0.792 194 187 177
7.761 8.052 0.837 170 171 155
7.751 8.059 0.817 179 180 164
7.664 8.090 0.782 50 41 32
7.609 8.089 0.857 178 180 167
7.831 8.036 0.818 171 171 161
7.864 8.027 0.803 190 181 166
7.879 8.022 0.810 73 64 49
7.892 8.016 0.822 126 102 74
7.872 8.026 0.787 185 164 119
7.817 8.042 0.807 175 177 163
7.880 8.020 0.819 58 49 34
7.896 8.012 0.851 83 71 47
7.880 8.020 0.822 58 49 34
7.851 8.033 0.787 188 179 148
7.826 8.040 0.790 195 189 167
7.855 8.029 0.814 169 165 154
7.852 8.030 0.810 175 171 159
7.851 8.030 0.817 173 169 158
7.823 8.039 0.810 173 175 162
7.750 8.065 0.790 203 196 178
7.897 8.016 0.807 156 136 99
7.822 8.038 0.824 170 170 160
7.800 8.047 0.810 179 177 162
7.849 8.030 0.827 169 167 154
7.877 8.021 0.823 73 65 52
7.822 8.041 0.796 190 189 169
7.867 8.027 0.792 194 181 149
7.882 8.020 0.810 70 58 42
7.845 8.030 0.831 169 165 154
7.858 8.030 0.794 185 175 150
7.876 8.021 0.825 70 62 49
7.868 8.023 0.836 145 147 136
7.859 8.026 0.829 172 173 159
7.876 8.022 0.814 75 67 56
7.772 8.058 0.783 88 82 60
7.836 8.034 0.827 170 167 158
7.823 8.040 0.809 173 175 162
7.790 8.050 0.803 180 181 165
7.901 8.014 0.820 187 161 126
7.893 8.015 0.834 92 72 45
7.818 8.040 0.819 172 172 160
7.849 8.033 0.790 194 187 159
7.897 8.016 0.804 170 150 113
7.854 8.028 0.829 169 167 152
7.897 8.014 0.826 144 119 88
7.847 8.034 0.788 189 183 157
7.840 8.032 0.831 169 166 157
7.805 8.047 0.790 189 182 164
7.886 8.017 0.838 57 46 26
7.825 8.038 0.814 173 175 164
7.896 8.013 0.840 117 100 70
7.788 8.052 0.794 189 188 168
7.777 8.055 0.797 184 181 164
7.807 8.044 0.815 176 174 161
7.833 8.038 0.790 189 183 161
7.887 8.020 0.801 164 147 117
7.818 8.041 0.806 175 177 163
7.891 8.016 0.832 73 56 30
7.878 8.024 0.786 185 163 116
7.888 8.018 0.816 76 60 37
7.858 8.029 0.798 190 182 161
7.836 8.037 0.791 191 186 166
7.798 8.048 0.807 180 181 165
7.822 8.039 0.819 171 171 161
7.886 8.017 0.842 49 41 22
7.850 8.029 0.827 167 165 150
7.828 8.038 0.807 174 176 165
7.851 8.032 0.791 196 189 163
7.857 8.028 0.810 179 173 161
7.865 8.024 0.829 160 162 151
7.889 8.018 0.812 72 56 33
7.837 8.037 0.791 190 185 165
7.771 8.057 0.795 189 184 165
7.752 8.064 0.790 174 166 147
7.855 8.029 0.811 169 165 154
7.746 8.066 0.792 201 194 176
7.833 8.036 0.811 172 174 163
7.845 8.030 0.831 169 165 154
7.868 8.027 0.790 195 181 144
7.809 8.045 0.794 183 180 163
7.854 8.031 0.796 189 181 160
7.832 8.036 0.818 172 170 158
