4.194 7.520 1.474 71 64 56
4.138 7.530 1.558 136 138 133
4.164 7.525 1.519 174 186 186
4.111 7.535 1.597 168 170 167
4.119 7.521 1.616 149 150 144
4.157 7.525 1.533 182 194 192
4.149 7.521 1.559 121 123 118
4.092 7.544 1.613 156 158 153
4.163 7.520 1.532 181 193 193
4.118 7.515 1.634 132 134 123
4.170 7.515 1.534 187 196 201
4.199 7.515 1.475 72 63 58
4.136 7.520 1.584 168 169 163
4.078 7.546 1.635 170 173 162
4.131 7.526 1.581 126 129 122
4.091 7.544 1.614 156 158 153
4.102 7.539 1.604 163 163 161
4.138 7.527 1.565 101 106 100
4.126 7.520 1.605 153 154 148
4.137 7.518 1.587 173 174 169
4.118 7.518 1.625 137 138 130
4.143 7.531 1.546 184 186 183
4.164 7.516 1.543 181 190 187
4.143 7.530 1.549 179 181 178
4.096 7.539 1.617 157 159 154
4.129 7.517 1.608 159 160 152
4.097 7.537 1.618 156 158 153
4.131 7.516 1.605 157 158 152
4.162 7.524 1.527 184 196 196
4.101 7.533 1.624 152 155 148
4.101 7.533 1.623 152 155 148
4.171 7.523 1.510 114 113 111
4.151 7.529 1.535 184 186 185
4.088 7.544 1.618 156 159 152
4.191 7.516 1.487 70 70 58
4.088 7.542 1.625 158 161 154
4.090 7.540 1.624 157 160 153
4.123 7.518 1.615 148 149 141
4.122 7.520 1.614 148 149 141
4.092 7.540 1.622 157 160 153
4.115 7.516 1.637 133 135 124
4.109 7.540 1.590 164 166 165
4.185 7.516 1.501 100 97 90
4.106 7.532 1.614 160 161 156
4.125 7.527 1.589 161 163 160
4.123 7.537 1.568 75 80 73
4.123 7.530 1.588 161 163 160
4.150 7.522 1.554 137 139 134
4.123 7.536 1.572 84 89 82
4.184 7.520 1.492 83 81 69
4.072 7.549 1.638 172 175 164
4.167 7.522 1.519 175 187 185
4.194 7.521 1.472 72 63 56
4.121 7.532 1.584 167 169 166
4.124 7.537 1.569 75 80 73
4.104 7.541 1.595 158 158 158
4.093 7.543 1.613 158 160 155
4.117 7.519 1.626 133 134 126
4.107 7.538 1.598 165 167 164
4.176 7.524 1.499 95 90 84
3.864 7.727 1.587 148 151 144
3.859 7.754 1.588 149 149 139
3.858 7.710 1.596 143 145 142
3.855 7.654 1.611 159 160 152
3.859 7.678 1.601 162 161 159
3.861 7.671 1.599 160 159 157
3.861 7.713 1.592 142 144 141
3.867 7.771 1.575 140 140 128
3.863 7.672 1.597 161 160 158
3.860 7.733 1.591 154 157 150
3.866 7.758 1.579 138 139 125
3.870 7.777 1.570 153 154 146
3.881 7.757 1.560 158 159 153
3.870 7.764 1.573 135 136 122
3.861 7.673 1.599 162 161 159
3.866 7.690 1.590 157 157 159
3.865 7.773 1.578 143 143 131
3.854 7.819 1.584 154 154 144
3.854 7.669 1.608 162 163 157
3.856 7.642 1.612 156 157 149
3.856 7.662 1.608 160 161 155
3.883 7.750 1.560 156 159 152
3.855 7.688 1.603 158 158 158
3.858 7.668 1.605 162 161 157
3.862 7.701 1.593 145 147 144
3.861 7.716 1.592 142 144 141
3.874 7.774 1.567 148 149 141
3.860 7.754 1.587 149 149 139
3.878 7.762 1.563 146 147 139
3.856 7.646 1.611 154 155 147
3.855 7.819 1.583 156 155 150
3.860 7.744 1.588 156 157 149
3.854 7.703 1.603 149 151 148
3.862 7.806 1.576 151 148 139
3.865 7.689 1.592 158 158 160
3.863 7.746 1.584 153 155 144
3.870 7.748 1.575 138 142 127
3.866 7.734 1.582 146 149 140
3.882 7.755 1.560 162 163 157
3.864 7.798 1.575 140 141 135
3.866 7.771 1.576 143 141 128
3.859 7.761 1.587 146 142 133
3.871 7.732 1.578 143 146 135
3.862 7.666 1.600 159 158 154
3.859 7.705 1.596 145 147 144
3.868 7.703 1.586 145 147 142
3.864 7.787 1.577 147 150 143
3.860 7.792 1.431 155 155 147
3.855 7.808 1.461 148 153 146
3.864 7.781 1.439 150 152 149
3.857 7.806 1.486 147 150 143
3.856 7.807 1.486 147 150 143
3.864 7.782 1.450 151 157 155
3.871 7.764 1.450 59 60 62
3.859 7.797 1.457 148 154 144
3.855 7.806 1.463 149 152 145
3.860 7.795 1.472 147 152 146
3.858 7.800 1.468 149 150 142
3.863 7.784 1.451 148 154 150
3.856 7.804 1.459 150 153 144
3.865 7.780 1.454 124 130 128
3.855 7.804 1.435 152 152 144
3.856 7.807 1.480 148 151 144
3.859 7.795 1.447 146 148 143
3.856 7.809 1.490 147 150 143
3.859 7.795 1.450 149 152 145
3.864 7.782 1.454 151 157 155
3.865 7.779 1.431 158 158 148
3.857 7.801 1.447 149 152 145
3.858 7.796 1.431 154 154 146
3.855 7.809 1.481 149 152 145
3.862 7.789 1.446 146 148 145
3.858 7.796 1.432 153 153 145
3.868 7.787 1.528 135 137 132
3.858 7.820 1.577 153 154 149
3.877 7.757 1.484 27 27 29
3.873 7.770 1.505 27 30 35
3.871 7.764 1.457 57 58 60
3.869 7.782 1.512 83 87 90
3.859 7.802 1.502 144 149 145
3.866 7.788 1.511 155 159 160
3.875 7.772 1.539 129 130 114
3.874 7.766 1.498 24 25 29
3.863 7.806 1.561 156 158 145
3.863 7.789 1.480 146 150 149
3.878 7.765 1.534 107 109 98
3.867 7.780 1.484 103 108 112
3.858 7.804 1.500 147 152 148
3.865 7.802 1.562 147 149 136
3.871 7.785 1.551 140 141 127
3.874 7.773 1.528 25 26 18
3.863 7.803 1.557 154 156 145
3.859 7.805 1.518 149 151 148
3.881 7.747 1.479 25 25 25
3.873 7.768 1.490 21 24 29
3.878 7.756 1.493 29 29 31
3.875 7.763 1.490 28 29 33
3.871 7.766 1.465 39 40 44
3.864 7.790 1.498 147 151 152
3.881 7.761 1.552 153 155 144
3.868 7.790 1.551 142 143 129
3.878 7.754 1.478 25 23 24
3.867 7.776 1.470 51 55 58
3.870 7.781 1.521 63 65 64
3.872 7.770 1.494 27 30 37
3.877 7.767 1.536 108 108 96
3.857 7.815 1.546 150 156 152
3.860 7.806 1.537 157 158 150
3.865 7.800 1.555 152 153 145
3.868 7.786 1.518 120 124 125
3.865 7.802 1.567 149 149 137
3.859 7.814 1.561 155 158 149
3.876 7.764 1.505 28 29 33
3.854 7.820 1.526 151 152 147
3.876 7.753 1.453 49 48 46
3.871 7.781 1.529 68 69 61
3.882 7.739 1.447 29 25 24
3.854 7.817 1.513 150 149 144
3.870 7.775 1.497 26 29 36
3.867 7.794 1.557 141 144 135
3.875 7.761 1.478 28 28 30
3.878 7.756 1.493 29 29 31
3.875 7.766 1.509 31 32 36
3.861 7.810 1.565 156 156 144
3.873 7.765 1.473 27 28 32
3.864 7.805 1.572 154 151 142
3.879 7.754 1.489 32 30 31
3.863 7.798 1.532 155 158 151
3.858 7.813 1.540 153 158 152
3.881 7.755 1.519 32 32 34
3.881 7.743 1.459 59 61 60
3.866 7.794 1.540 152 155 144
3.876 7.757 1.469 54 54 54
3.880 7.744 1.457 43 45 44
3.881 7.751 1.496 30 28 29
3.880 7.755 1.506 29 27 30
3.875 7.769 1.519 28 29 31
3.875 7.755 1.445 24 24 22
3.873 7.766 1.485 25 26 31
3.857 7.816 1.547 150 156 152
3.876 7.774 1.555 140 142 128
3.859 7.801 1.501 145 151 149
3.862 7.807 1.559 156 158 145
3.867 7.784 1.499 99 104 107
3.881 7.748 1.487 28 28 28
3.855 7.823 1.561 149 154 147
3.862 7.800 1.524 145 150 146
3.867 7.795 1.561 138 141 130
3.865 7.787 1.495 153 157 160
3.876 7.774 1.558 135 136 128
3.866 7.787 1.512 155 159 160
3.866 7.790 1.514 147 151 152
3.865 7.782 1.473 132 138 138
3.869 7.776 1.483 28 31 36
3.872 7.776 1.515 27 31 34
3.871 7.775 1.507 25 30 34
3.866 7.781 1.477 115 120 123
4.700 7.731 1.426 129 140 136
4.696 7.727 1.428 129 140 136
4.702 7.683 1.426 62 76 79
4.680 7.700 1.436 102 117 122
4.678 7.677 1.437 81 98 108
4.692 7.679 1.430 66 81 86
4.693 7.688 1.430 70 83 91
4.669 7.717 1.441 164 178 178
4.695 7.720 1.428 100 110 109
4.700 7.638 1.427 85 100 95
4.672 7.694 1.440 122 137 142
4.703 7.645 1.426 79 94 89
4.690 7.702 1.431 75 89 92
4.680 7.725 1.436 164 173 170
4.695 7.728 1.428 141 152 148
4.672 7.730 1.440 172 181 176
4.677 7.729 1.437 171 180 177
4.682 7.722 1.435 159 169 168
4.701 7.663 1.427 63 77 78
4.703 7.625 1.426 97 109 99
4.687 7.668 1.433 65 82 89
4.700 7.610 1.427 100 112 100
4.702 7.658 1.426 65 80 77
4.672 7.721 1.440 166 178 176
4.692 7.685 1.430 68 83 90
4.681 7.702 1.436 87 102 107
4.669 7.715 1.441 164 178 178
4.701 7.608 1.427 92 102 91
4.701 7.630 1.427 94 107 98
4.671 7.696 1.440 122 137 142
4.697 7.693 1.428 69 80 86
4.690 7.696 1.431 75 88 94
4.660 7.742 1.429 183 186 177
4.673 7.735 1.434 170 179 174
4.619 7.750 1.434 188 189 184
4.605 7.753 1.430 181 191 183
4.636 7.739 1.440 175 180 173
4.612 7.742 1.434 173 180 172
4.588 7.751 1.428 164 181 171
4.594 7.750 1.429 162 184 172
4.654 7.733 1.443 175 176 168
4.639 7.743 1.435 170 176 166
4.623 7.755 1.427 198 195 188
4.647 7.741 1.436 172 178 168
4.645 7.742 1.435 172 178 168
4.657 7.731 1.445 171 172 164
4.658 7.733 1.441 177 180 171
4.628 7.751 1.430 186 187 181
4.629 7.751 1.429 188 189 181
4.656 7.734 1.441 178 181 172
4.630 7.752 1.427 193 193 183
4.558 7.740 1.446 153 162 143
4.606 7.737 1.443 171 180 163
4.548 7.747 1.436 160 164 150
4.554 7.723 1.480 126 110 74
4.586 7.746 1.430 167 180 171
4.564 7.729 1.466 169 170 152
4.570 7.726 1.470 173 172 151
4.557 7.721 1.482 137 124 80
4.583 7.737 1.448 145 149 132
4.595 7.730 1.458 196 204 183
4.565 7.747 1.432 154 166 156
4.548 7.727 1.474 146 132 105
4.558 7.740 1.447 153 162 143
4.585 7.736 1.448 145 149 132
4.591 7.720 1.477 169 168 148
4.585 7.740 1.442 177 179 166
4.572 7.720 1.480 135 127 91
4.586 7.746 1.429 167 180 171
4.548 7.728 1.471 156 144 120
4.572 7.720 1.480 135 127 91
4.551 7.720 1.485 107 93 54
4.606 7.738 1.441 177 185 170
4.592 7.731 1.456 194 201 183
4.578 7.742 1.438 183 180 173
4.625 7.736 1.442 173 179 169
4.556 7.730 1.467 173 168 149
4.587 7.729 1.460 185 192 176
4.560 7.744 1.438 166 169 160
4.615 7.725 1.464 184 185 177
4.549 7.746 1.437 160 164 150
4.589 7.732 1.455 169 176 158
4.621 7.736 1.441 175 181 169
4.603 7.732 1.452 159 167 144
4.551 7.748 1.434 160 164 150
4.616 7.730 1.454 172 179 163
4.562 7.732 1.461 172 176 161
4.607 7.726 1.464 187 189 175
4.551 7.730 1.467 175 168 150
4.653 7.730 1.447 158 158 148
4.552 7.739 1.450 131 140 121
4.557 7.749 1.430 157 167 159
4.552 7.748 1.432 145 156 140
4.557 7.748 1.432 156 163 156
4.612 7.727 1.460 196 200 186
4.600 7.739 1.439 170 176 166
4.591 7.729 1.460 194 201 183
4.580 7.739 1.444 178 180 166
4.495 7.520 1.527 165 168 151
4.487 7.566 1.476 159 165 153
4.523 7.688 1.434 150 161 144
4.541 7.728 1.431 143 154 138
4.498 7.592 1.473 158 164 154
4.509 7.657 1.436 148 156 145
4.487 7.560 1.481 161 167 155
4.523 7.666 1.451 150 158 134
4.501 7.636 1.440 148 158 147
4.513 7.642 1.455 134 139 117
4.510 7.607 1.480 135 133 110
4.497 7.586 1.476 157 163 149
4.495 7.636 1.432 150 156 146
4.521 7.636 1.474 149 143 119
4.489 7.585 1.464 161 165 151
4.495 7.576 1.482 161 165 150
4.533 7.707 1.436 148 159 142
4.536 7.714 1.434 147 160 142
4.521 7.638 1.472 145 143 122
4.508 7.603 1.479 147 146 125
4.525 7.697 1.431 145 161 148
4.518 7.624 1.478 149 144 124
4.490 7.595 1.457 158 162 148
4.500 7.578 1.488 169 171 150
4.491 7.600 1.455 157 161 147
4.499 7.647 1.428 147 155 144
4.509 7.657 1.437 150 156 144
4.490 7.555 1.490 163 166 155
4.482 7.596 1.442 161 163 150
4.509 7.615 1.472 161 165 148
4.538 7.727 1.426 129 146 128
4.486 7.586 1.457 159 163 149
4.529 7.681 1.451 154 162 141
4.498 7.553 1.504 155 154 136
4.518 7.665 1.444 157 165 144
4.503 7.615 1.462 152 160 147
4.509 7.577 1.502 151 145 119
4.518 7.626 1.477 149 143 121
4.497 7.642 1.428 147 153 143
4.505 7.598 1.478 162 165 146
4.498 7.631 1.439 148 158 149
4.521 7.656 1.456 131 137 109
4.488 7.548 1.493 167 169 158
4.499 7.570 1.492 164 163 143
4.495 7.607 1.455 153 159 145
4.499 7.581 1.483 167 170 153
4.490 7.555 1.490 167 169 156
4.496 7.635 1.433 150 156 146
4.489 7.606 1.446 151 154 143
4.512 7.651 1.447 153 158 138
4.486 7.568 1.474 157 165 152
4.498 7.635 1.436 151 157 147
4.507 7.569 1.506 155 153 128
4.505 7.632 1.450 151 158 140
4.487 7.601 1.446 153 157 143
4.512 7.668 1.434 149 157 144
4.506 7.593 1.484 148 151 130
4.507 7.655 1.435 149 154 147
4.510 7.589 1.495 135 131 102
4.498 7.637 1.435 150 156 146
4.512 7.647 1.450 152 157 135
4.526 7.662 1.460 134 138 113
4.492 7.534 1.511 166 166 154
4.513 7.652 1.447 153 158 138
4.499 7.593 1.473 158 164 154
4.493 7.558 1.492 168 169 155
4.494 7.524 1.523 166 168 154
4.516 7.657 1.448 157 161 136
4.514 7.675 1.430 147 159 145
4.489 7.585 1.463 161 165 151
4.501 7.586 1.482 166 170 153
4.498 7.576 1.486 163 166 149
4.508 7.669 1.427 138 151 141
4.513 7.652 1.447 153 157 140
4.525 7.693 1.434 150 161 144
4.517 7.613 1.487 118 109 78
4.524 7.649 1.467 144 146 125
4.523 7.693 1.432 147 161 146
4.517 7.630 1.471 146 145 125
4.533 7.707 1.436 148 159 142
4.499 7.620 1.451 152 156 141
4.527 7.653 1.469 147 146 125
4.498 7.601 1.466 159 165 151
4.489 7.557 1.487 162 165 154
4.491 7.623 1.435 150 160 151
4.526 7.687 1.442 158 161 140
4.488 7.617 1.435 148 158 149
4.517 7.677 1.435 152 161 144
4.518 7.676 1.437 161 165 148
4.545 7.742 1.427 143 160 142
4.536 7.679 1.495 144 135 104
4.534 7.688 1.459 145 153 132
4.544 7.708 1.493 157 151 117
4.546 7.728 1.470 156 144 120
4.538 7.707 1.445 156 159 142
4.542 7.724 1.444 154 161 143
4.525 7.638 1.486 114 105 72
4.508 7.560 1.520 164 163 143
4.522 7.626 1.486 121 111 76
4.528 7.649 1.488 86 77 48
4.519 7.607 1.513 154 148 122
4.528 7.659 1.467 150 149 128
4.540 7.716 1.446 154 158 141
4.514 7.590 1.500 133 126 97
4.526 7.632 1.509 151 146 117
4.524 7.625 1.512 143 139 112
4.517 7.599 1.513 163 157 131
4.543 7.715 1.468 161 156 127
4.506 7.555 1.516 150 149 129
4.518 7.598 1.521 154 152 131
4.528 7.652 1.479 137 124 92
4.526 7.638 1.494 98 89 56
4.525 7.629 1.508 153 148 118
4.536 7.677 1.500 159 156 125
4.512 7.577 1.520 162 160 139
4.530 7.654 1.490 102 95 66
4.523 7.633 1.479 140 130 105
4.513 7.584 1.509 169 163 137
4.546 7.729 1.465 162 155 136
4.526 7.648 1.472 147 142 120
4.525 7.644 1.475 145 132 100
4.542 7.702 1.493 147 139 103
4.545 7.728 1.458 158 152 136
4.535 7.685 1.472 154 140 111
4.518 7.609 1.493 118 109 78
4.513 7.585 1.504 156 151 122
4.521 7.619 1.496 86 77 44
4.532 7.656 1.505 156 151 122
4.543 7.712 1.476 103 88 55
4.525 7.637 1.486 123 114 81
4.532 7.666 1.479 130 115 86
4.513 7.585 1.505 156 151 122
4.530 7.650 1.498 123 116 87
4.533 7.659 1.507 162 157 128
4.503 7.536 1.534 169 170 156
4.511 7.576 1.511 167 162 140
4.541 7.701 1.485 102 86 50
4.533 7.683 1.459 157 162 140
4.533 7.686 1.456 145 153 132
4.542 7.713 1.466 161 156 127
4.499 7.523 1.532 168 169 153
4.532 7.680 1.460 146 151 129
4.538 7.692 1.481 131 108 74
4.523 7.625 1.496 88 79 46
4.507 7.561 1.513 154 152 129
4.542 7.713 1.470 159 150 121
4.526 7.649 1.473 145 138 110
4.537 7.698 1.456 158 157 139
4.546 7.730 1.464 167 158 141
4.533 7.669 1.489 97 82 51
4.513 7.583 1.516 165 160 138
4.514 7.585 1.515 165 160 138
4.544 7.726 1.456 158 152 136
4.536 7.692 1.459 159 166 148
4.532 7.660 1.494 116 109 80
4.535 7.678 1.487 105 90 59
4.522 7.617 1.509 154 149 120
4.528 7.655 1.473 143 137 113
4.521 7.610 1.517 149 145 120
4.535 7.689 1.462 163 166 145
4.536 7.687 1.477 145 126 94
4.522 7.619 1.508 156 149 120
4.528 7.655 1.473 143 137 113
4.516 7.601 1.494 115 108 79
4.520 7.575 1.535 166 166 154
4.528 7.607 1.528 164 165 151
4.518 7.596 1.523 156 154 133
4.535 7.655 1.513 164 162 137
4.519 7.574 1.534 165 166 152
4.546 7.671 1.519 164 163 145
4.550 7.627 1.543 164 167 156
4.508 7.546 1.536 168 168 156
4.501 7.529 1.536 169 170 154
4.523 7.598 1.527 159 157 144
4.537 7.646 1.519 159 161 139
4.548 7.618 1.545 162 168 158
4.519 7.575 1.534 166 166 154
4.533 7.589 1.542 165 168 159
4.518 7.596 1.522 156 154 133
4.519 7.590 1.527 160 158 145
4.516 7.548 1.543 165 167 156
4.506 7.525 1.543 168 168 158
4.553 7.630 1.545 164 167 158
4.530 7.611 1.528 165 165 153
4.538 7.636 1.526 167 168 152
4.528 7.622 1.521 148 147 127
4.549 7.642 1.535 163 166 157
4.541 7.600 1.546 161 167 157
4.552 7.647 1.536 164 167 158
4.545 7.617 1.543 164 167 158
4.524 7.614 1.520 146 144 123
4.538 7.596 1.545 162 168 158
4.530 7.611 1.528 166 167 153
4.545 7.606 1.548 162 168 158
4.545 7.670 1.518 166 165 145
4.537 7.644 1.520 159 161 139
4.543 7.652 1.523 164 165 147
4.517 7.576 1.531 164 165 151
4.528 7.582 1.540 164 167 156
4.537 7.587 1.548 162 168 158
4.530 7.600 1.534 166 168 155
4.555 7.631 1.547 164 167 158
4.538 7.674 1.508 166 162 135
4.543 7.686 1.508 169 168 140
4.542 7.629 1.533 167 169 158
4.541 7.693 1.502 161 160 129
4.538 7.639 1.524 164 167 150
4.531 7.645 1.513 160 159 131
4.535 7.584 1.548 162 168 158
4.549 7.611 1.550 162 168 158
4.535 7.631 1.524 164 165 149
4.539 7.614 1.538 166 168 157
4.517 7.565 1.536 165 167 156
4.538 7.656 1.515 164 164 140
4.550 7.638 1.538 164 167 158
4.537 7.591 1.546 162 168 158
4.518 7.583 1.529 162 163 147
4.476 7.549 1.486 159 167 154
4.389 7.560 1.440 165 169 152
4.473 7.562 1.472 162 167 147
4.459 7.589 1.438 82 79 60
4.465 7.587 1.443 171 170 152
4.411 7.571 1.437 149 133 118
4.450 7.589 1.435 89 83 59
4.453 7.597 1.428 87 82 60
4.395 7.516 1.487 165 169 155
4.351 7.534 1.451 163 172 155
4.341 7.524 1.457 163 169 157
4.459 7.566 1.462 161 164 153
4.386 7.519 1.481 163 170 154
4.433 7.552 1.466 163 165 151
4.382 7.570 1.427 168 172 157
4.438 7.520 1.501 164 167 158
4.366 7.522 1.469 160 172 152
4.461 7.595 1.433 56 53 34
4.464 7.545 1.485 161 167 155
4.423 7.555 1.459 164 166 152
4.389 7.518 1.483 165 169 155
4.450 7.584 1.440 89 84 62
4.317 7.539 1.432 166 168 154
4.462 7.551 1.479 159 167 152
4.289 7.527 1.433 163 167 153
4.438 7.580 1.439 63 53 28
4.435 7.522 1.498 162 168 156
4.391 7.519 1.482 164 168 153
4.383 7.566 1.431 165 172 156
4.458 7.546 1.483 163 167 153
4.454 7.582 1.444 102 97 75
4.461 7.515 1.515 166 168 155
4.469 7.515 1.518 161 167 153
4.358 7.546 1.442 166 170 156
4.441 7.595 1.426 98 91 65
4.298 7.521 1.443 163 166 155
4.312 7.532 1.437 166 168 155
4.436 7.560 1.459 165 166 150
4.326 7.546 1.429 166 168 154
4.330 7.515 1.463 165 169 155
4.324 7.543 1.431 165 167 153
4.405 7.535 1.472 164 168 153
4.250 7.518 1.427 160 167 151
4.443 7.594 1.427 101 94 68
4.326 7.547 1.428 167 169 155
4.457 7.515 1.514 166 168 155
4.383 7.519 1.480 163 170 154
4.378 7.565 1.430 164 172 157
4.420 7.561 1.451 165 166 152
4.436 7.528 1.492 162 168 154
4.419 7.519 1.495 166 170 156
4.347 7.522 1.462 162 170 157
4.386 7.522 1.478 164 171 155
4.397 7.564 1.439 180 174 158
4.343 7.547 1.434 165 168 157
4.309 7.525 1.443 164 167 156
4.321 7.536 1.437 165 168 157
4.372 7.550 1.443 166 168 157
4.459 7.529 1.500 164 167 158
4.406 7.563 1.443 172 169 154
4.424 7.553 1.461 162 164 150
4.340 7.519 1.462 163 169 159
4.459 7.546 1.482 163 167 153
4.323 7.516 1.458 166 170 155
4.458 7.584 1.444 174 172 151
4.403 7.550 1.456 165 167 154
4.451 7.569 1.456 163 164 150
4.407 7.574 1.433 115 98 78
4.469 7.553 1.480 157 168 152
4.428 7.589 1.426 105 91 65
4.354 7.526 1.460 162 171 154
4.375 7.536 1.459 163 170 152
4.433 7.547 1.471 164 166 152
4.325 7.517 1.458 166 170 156
4.464 7.530 1.501 164 167 158
4.446 7.590 1.433 108 100 77
4.425 7.540 1.475 164 166 152
4.396 7.522 1.481 164 168 153
4.471 7.581 1.452 163 164 148
4.295 7.530 1.432 163 167 153
4.403 7.527 1.479 164 168 153
4.387 7.537 1.463 163 170 154
4.403 7.520 1.487 166 168 155
4.453 7.556 1.470 162 166 152
4.455 7.533 1.495 164 167 156
4.410 7.546 1.463 164 166 153
4.305 7.536 1.430 164 168 154
4.447 7.577 1.446 167 167 143
4.453 7.587 1.438 73 67 45
4.417 7.573 1.438 127 114 98
4.469 7.605 1.426 160 162 148
4.430 7.515 1.503 164 167 158
4.450 7.591 1.433 95 89 65
4.481 7.580 1.457 159 163 148
4.316 7.525 1.446 165 168 157
4.409 7.540 1.469 164 168 153
4.359 7.525 1.464 160 172 152
4.391 7.570 1.430 161 159 134
4.343 7.555 1.427 164 173 154
4.378 7.555 1.440 160 168 153
4.424 7.555 1.459 164 165 151
4.369 7.523 1.470 160 172 152
4.474 7.549 1.486 160 168 155
4.332 7.542 1.436 165 168 157
4.311 7.536 1.433 166 168 155
4.368 7.566 1.426 161 171 160
4.416 7.541 1.470 164 166 152
4.456 7.564 1.463 161 165 151
4.388 7.562 1.438 164 168 151
4.450 7.523 1.503 165 166 158
4.451 7.559 1.466 161 165 151
4.463 7.528 1.502 164 167 158
4.306 7.524 1.443 164 167 156
4.432 7.583 1.434 82 67 46
4.360 7.543 1.445 164 170 156
4.408 7.528 1.480 164 168 153
4.326 7.517 1.459 166 170 156
4.333 7.541 1.437 165 168 157
4.354 7.531 1.455 162 171 154
4.440 7.548 1.473 163 167 152
4.381 7.538 1.460 162 171 154
4.375 7.542 1.452 166 168 154
4.348 7.551 1.432 164 171 153
4.471 7.579 1.454 165 166 150
4.458 7.564 1.464 161 164 153
4.457 7.544 1.484 163 167 153
4.387 7.540 1.459 163 170 154
4.382 7.544 1.454 165 169 154
4.435 7.583 1.435 71 59 37
4.481 7.565 1.473 157 165 150
4.433 7.552 1.466 163 165 151
4.439 7.566 1.454 173 174 156
4.436 7.524 1.496 162 168 156
4.332 7.542 1.435 165 168 157
4.314 7.537 1.433 166 168 155
4.486 7.530 1.510 165 169 155
4.477 7.525 1.511 161 167 153
4.348 7.529 1.456 162 170 155
4.291 7.525 1.436 163 165 154
4.452 7.548 1.478 162 169 153
4.435 7.517 1.503 164 167 158
4.453 7.523 1.504 165 166 158
4.472 7.525 1.509 162 168 154
4.373 7.553 1.441 165 169 155
4.420 7.578 1.435 89 76 57
4.366 7.550 1.441 167 169 158
4.344 7.540 1.442 164 167 156
4.463 7.585 1.445 175 174 154
4.372 7.535 1.458 162 171 152
4.411 7.579 1.429 99 81 57
4.447 7.584 1.439 88 80 57
4.366 7.539 1.452 163 170 154
4.479 7.547 1.490 160 168 157
4.432 7.564 1.453 176 177 159
4.487 7.521 1.520 167 171 157
4.418 7.576 1.435 97 82 63
4.378 7.519 1.477 164 171 155
4.446 7.557 1.466 163 165 152
4.481 7.566 1.471 160 164 147
4.438 7.565 1.455 171 172 154
4.444 7.559 1.464 163 165 152
4.382 7.546 1.451 163 170 154
4.422 7.560 1.453 165 166 152
4.476 7.554 1.482 157 168 154
4.458 7.529 1.500 164 167 158
4.460 7.531 1.498 164 167 158
4.266 7.524 1.427 155 161 147
4.399 7.572 1.432 160 152 131
4.486 7.516 1.525 165 169 155
4.440 7.579 1.442 75 65 38
4.458 7.541 1.487 163 166 155
4.477 7.581 1.454 159 161 147
4.427 7.557 1.458 163 164 150
4.074 7.524 1.647 180 183 172
4.092 7.517 1.646 177 180 173
4.077 7.525 1.646 179 182 171
4.062 7.524 1.649 184 187 176
4.064 7.526 1.649 183 186 175
4.086 7.527 1.644 178 181 170
4.075 7.520 1.648 180 183 172
4.071 7.546 1.642 174 177 166
4.068 7.521 1.649 182 185 174
4.071 7.545 1.642 174 177 166
4.086 7.520 1.646 175 178 171
4.064 7.528 1.648 183 186 175
4.081 7.537 1.642 176 179 168
3.874 7.516 1.678 182 184 179
3.953 7.517 1.673 183 188 184
3.902 7.527 1.680 180 182 177
3.893 7.526 1.680 182 183 177
3.893 7.525 1.680 181 184 177
3.867 7.518 1.679 183 185 180
3.891 7.523 1.679 182 185 178
3.913 7.523 1.678 183 185 180
3.920 7.518 1.676 182 187 183
3.885 7.526 1.681 182 185 178
3.972 7.516 1.672 181 186 180
3.883 7.522 1.679 181 184 177
3.891 7.532 1.683 182 183 177
3.912 7.519 1.676 182 187 183
3.956 7.527 1.674 184 189 183
3.920 7.532 1.681 184 185 180
3.991 7.521 1.667 183 186 179
4.011 7.518 1.663 182 185 176
3.962 7.522 1.674 184 189 183
3.980 7.520 1.671 182 187 180
3.998 7.519 1.666 184 187 180
4.240 7.742 1.480 172 176 177
4.189 7.636 1.548 168 170 169
4.245 7.727 1.471 59 56 51
4.188 7.705 1.557 172 181 176
4.177 7.702 1.572 132 142 134
4.221 7.713 1.507 174 182 184
4.249 7.772 1.470 172 175 180
4.206 7.683 1.526 176 186 185
4.172 7.678 1.578 167 175 164
4.191 7.626 1.544 185 189 190
4.172 7.702 1.580 158 167 162
4.228 7.716 1.496 176 181 184
4.245 7.712 1.469 114 112 117
4.206 7.718 1.530 179 184 187
4.170 7.695 1.583 158 167 162
4.194 7.631 1.539 189 193 192
4.243 7.723 1.472 181 180 185
4.237 7.752 1.486 178 187 186
4.250 7.714 1.461 81 76 80
4.245 7.735 1.471 80 79 75
4.177 7.718 1.575 161 167 163
4.225 7.714 1.499 176 181 184
4.222 7.747 1.509 188 193 197
4.265 7.742 1.441 180 184 187
4.254 7.776 1.462 175 178 183
4.205 7.693 1.529 184 190 190
4.188 7.671 1.553 123 128 122
4.206 7.649 1.523 175 181 177
4.230 7.741 1.495 176 181 185
4.250 7.723 1.462 161 157 156
4.189 7.661 1.550 139 141 136
4.163 7.721 1.596 171 176 170
4.172 7.732 1.584 173 179 175
4.252 7.729 1.459 55 51 52
4.188 7.720 1.558 162 171 168
4.224 7.732 1.503 178 183 189
4.198 7.726 1.544 173 179 179
4.271 7.782 1.436 192 193 197
4.264 7.741 1.443 180 184 187
4.196 7.638 1.538 184 188 187
4.246 7.734 1.470 65 64 59
4.274 7.782 1.432 184 187 192
4.169 7.704 1.585 164 173 168
4.209 7.682 1.521 169 178 177
4.193 7.707 1.548 170 176 176
4.249 7.718 1.464 123 121 126
4.274 7.788 1.433 184 185 190
4.236 7.727 1.485 174 182 184
4.197 7.620 1.533 191 197 195
4.191 7.712 1.552 177 183 183
4.203 7.725 1.535 177 182 185
4.192 7.674 1.545 150 156 152
4.226 7.761 1.504 184 189 192
4.240 7.736 1.479 173 177 176
4.261 7.764 1.450 181 179 184
4.190 7.733 1.556 155 164 159
4.196 7.686 1.542 168 174 170
4.246 7.708 1.467 62 57 61
4.221 7.674 1.501 88 87 83
4.232 7.695 1.486 74 72 77
4.246 7.741 1.470 100 101 96
4.259 7.732 1.449 181 180 185
4.175 7.697 1.575 149 158 153
4.195 7.667 1.542 173 179 175
4.185 7.711 1.561 154 163 160
4.209 7.706 1.523 175 184 183
4.207 7.694 1.525 178 187 186
4.231 7.697 1.488 103 100 107
4.205 7.741 1.534 177 186 185
4.227 7.743 1.501 181 186 192
4.223 7.749 1.508 188 193 197
4.211 7.646 1.515 180 182 177
4.206 7.707 1.529 180 186 186
4.260 7.749 1.450 63 62 60
4.213 7.697 1.516 167 177 176
4.231 7.724 1.492 175 184 183
4.239 7.697 1.476 63 59 60
4.225 7.728 1.502 176 182 182
4.264 7.739 1.442 177 181 184
4.242 7.725 1.475 177 178 173
4.220 7.679 1.504 101 101 99
4.193 7.722 1.550 171 177 177
4.253 7.770 1.463 175 178 185
4.195 7.732 1.549 167 173 171
4.223 7.757 1.508 188 193 196
4.227 7.717 1.497 175 180 183
4.215 7.722 1.516 179 184 188
4.265 7.754 1.443 60 60 60
4.185 7.661 1.557 102 105 98
4.227 7.697 1.495 127 128 133
4.272 7.766 1.433 130 134 137
4.191 7.736 1.555 154 163 158
4.257 7.736 1.454 46 44 45
4.214 7.689 1.514 166 176 175
4.247 7.726 1.467 58 55 50
4.206 7.647 1.523 174 180 176
4.266 7.760 1.442 94 94 92
4.208 7.701 1.525 177 186 185
4.168 7.731 1.590 170 175 171
4.218 7.750 1.515 189 194 197
4.217 7.709 1.512 173 181 183
4.221 7.690 1.503 111 115 118
4.267 7.773 1.442 179 180 182
4.271 7.768 1.436 144 145 147
4.236 7.690 1.480 67 62 59
4.210 7.651 1.518 180 185 181
4.204 7.725 1.534 177 182 185
4.182 7.714 1.567 132 141 138
4.253 7.727 1.458 178 176 179
4.210 7.665 1.519 170 176 174
4.261 7.741 1.447 180 184 187
4.269 7.763 1.437 90 92 87
4.175 7.723 1.578 167 173 169
4.223 7.741 1.506 184 189 195
4.224 7.666 1.497 87 84 79
4.195 7.663 1.541 174 179 175
4.191 7.672 1.548 152 157 153
4.242 7.750 1.478 181 187 187
4.216 7.686 1.510 142 152 151
4.242 7.754 1.479 178 184 184
4.267 7.774 1.442 191 191 191
4.183 7.660 1.560 107 110 103
4.189 7.712 1.556 171 180 177
4.252 7.761 1.464 179 180 184
4.263 7.777 1.448 183 186 191
4.240 7.752 1.481 180 186 186
4.216 7.681 1.511 143 147 146
4.225 7.750 1.504 185 190 196
4.198 7.621 1.532 191 197 195
4.168 7.720 1.589 171 177 173
4.240 7.699 1.474 66 61 65
4.213 7.661 1.514 160 164 163
4.254 7.757 1.460 169 169 171
4.251 7.753 1.465 178 180 179
4.197 7.681 1.540 172 178 174
4.207 7.746 1.531 182 190 192
4.177 7.695 1.572 152 162 153
4.172 7.720 1.582 171 177 173
4.206 7.651 1.523 175 181 179
4.236 7.743 1.486 174 182 184
4.264 7.754 1.445 65 65 65
4.196 7.626 1.536 192 198 196
4.250 7.737 1.463 56 52 49
4.182 7.648 1.560 111 112 106
4.174 7.713 1.578 166 172 168
4.187 7.741 1.562 158 165 158
4.269 7.769 1.438 170 171 173
4.196 7.643 1.538 190 192 191
4.184 7.641 1.556 118 119 114
4.199 7.685 1.537 174 183 178
4.238 7.762 1.485 172 178 176
4.222 7.746 1.508 188 193 197
4.189 7.740 1.558 158 165 158
4.254 7.761 1.460 180 179 184
4.191 7.636 1.544 178 180 179
4.242 7.731 1.476 176 177 172
4.180 7.704 1.569 135 145 137
4.214 7.657 1.511 164 166 161
4.258 7.758 1.454 164 164 166
4.187 7.672 1.554 123 128 122
4.196 7.720 1.546 172 178 178
4.208 7.715 1.527 179 185 185
4.218 7.683 1.507 117 126 125
4.263 7.751 1.445 62 63 65
4.278 7.789 1.427 191 194 201
4.247 7.731 1.468 52 49 44
4.170 7.706 1.585 164 173 168
4.173 7.695 1.577 155 164 159
4.179 7.731 1.574 166 172 168
4.223 7.739 1.507 182 187 193
4.205 7.739 1.534 178 186 188
4.229 7.720 1.495 174 183 182
4.226 7.760 1.504 186 191 194
4.232 7.557 1.436 65 61 52
4.265 7.737 1.439 170 174 177
4.221 7.571 1.464 70 66 54
4.243 7.619 1.438 69 63 51
4.196 7.601 1.528 177 185 187
4.236 7.633 1.459 70 66 54
4.228 7.622 1.470 74 68 56
4.198 7.614 1.529 181 187 187
4.196 7.610 1.532 181 187 187
4.207 7.628 1.518 191 193 188
4.206 7.629 1.519 189 194 188
4.237 7.605 1.444 71 65 53
4.258 7.697 1.438 61 52 43
4.227 7.635 1.480 73 69 58
4.237 7.619 1.452 73 65 52
4.245 7.626 1.438 67 63 51
4.243 7.600 1.432 67 65 53
4.228 7.634 1.477 74 70 59
4.260 7.708 1.437 56 51 47
4.250 7.646 1.436 64 60 49
4.241 7.679 1.466 67 59 46
4.228 7.672 1.489 84 77 69
4.213 7.571 1.481 71 69 57
4.212 7.595 1.494 92 88 77
4.236 7.594 1.443 70 64 52
4.253 7.651 1.431 62 58 49
4.254 7.660 1.433 62 57 51
4.216 7.588 1.483 75 68 58
4.198 7.599 1.523 189 195 195
4.212 7.575 1.484 72 69 60
4.239 7.671 1.467 66 60 46
4.233 7.596 1.449 70 64 52
4.243 7.594 1.429 65 63 51
4.216 7.604 1.488 83 76 66
4.257 7.694 1.440 63 54 45
4.212 7.639 1.512 155 156 148
4.245 7.628 1.438 66 62 50
4.245 7.654 1.449 65 61 50
4.236 7.598 1.444 70 64 52
4.245 7.677 1.457 68 58 46
4.225 7.636 1.482 74 70 58
4.245 7.609 1.431 66 62 51
4.200 7.608 1.523 188 194 194
4.210 7.611 1.503 116 113 104
4.221 7.653 1.498 94 90 81
4.202 7.621 1.524 181 185 184
4.213 7.561 1.476 70 68 56
4.264 7.728 1.439 96 97 101
4.270 7.739 1.430 147 150 155
4.206 7.599 1.506 120 120 112
4.250 7.649 1.436 64 60 49
4.230 7.531 1.430 60 57 52
4.199 7.600 1.521 197 203 203
4.237 7.655 1.467 69 63 51
4.206 7.592 1.503 102 99 92
4.240 7.691 1.473 65 60 57
4.249 7.620 1.428 64 60 51
4.236 7.638 1.462 69 65 54
4.249 7.705 1.459 54 48 48
4.254 7.647 1.429 62 58 49
4.249 7.680 1.450 67 58 49
4.257 7.709 1.445 56 50 50
4.248 7.661 1.446 64 60 48
4.234 7.556 1.431 63 59 50
4.232 7.550 1.433 65 60 54
4.212 7.640 1.510 154 155 147
4.257 7.712 1.447 54 50 51
4.239 7.660 1.464 68 62 50
4.230 7.554 1.438 65 61 52
4.226 7.547 1.444 66 62 53
4.252 7.708 1.455 53 47 47
4.264 7.715 1.434 53 49 46
4.220 7.576 1.468 69 67 54
4.245 7.681 1.458 67 57 45
4.210 7.565 1.485 71 69 57
4.217 7.628 1.496 97 93 82
4.226 7.539 1.441 65 60 54
4.267 7.728 1.432 71 70 75
4.230 7.560 1.441 66 62 51
4.242 7.661 1.457 68 62 50
4.239 7.687 1.472 66 59 51
4.229 7.672 1.488 80 73 65
4.228 7.574 1.451 68 64 52
4.203 7.601 1.514 164 166 161
4.240 7.592 1.435 69 65 54
4.225 7.554 1.450 65 61 50
4.233 7.637 1.467 69 65 54
4.236 7.650 1.466 67 63 51
4.238 7.674 1.471 69 63 49
4.255 7.655 1.428 63 59 50
4.267 7.717 1.428 55 50 56
4.218 7.636 1.498 100 94 82
4.229 7.615 1.467 73 65 54
4.253 7.665 1.437 62 58 49
4.215 7.634 1.503 111 107 96
4.252 7.691 1.448 64 55 48
4.216 7.591 1.482 75 68 58
4.229 7.618 1.467 72 66 54
4.240 7.635 1.452 69 65 54
4.241 7.688 1.469 67 60 54
4.226 7.615 1.472 74 67 57
4.225 7.606 1.471 71 65 53
4.271 7.737 1.428 104 107 114
4.269 7.741 1.433 176 181 184
4.204 7.609 1.515 181 183 178
4.237 7.620 1.452 74 66 53
4.207 7.595 1.504 110 110 102
4.217 7.640 1.501 101 97 86
4.270 7.739 1.430 147 150 155
4.236 7.673 1.473 69 63 49
4.203 7.606 1.516 182 184 181
4.212 7.588 1.490 87 80 70
4.270 7.732 1.427 69 68 74
4.234 7.630 1.461 70 66 55
4.235 7.570 1.435 66 62 51
4.249 7.629 1.430 66 62 50
4.236 7.660 1.470 70 64 52
4.257 7.679 1.433 60 53 43
4.219 7.543 1.456 69 60 51
4.240 7.618 1.445 71 63 50
4.222 7.640 1.491 89 86 71
4.215 7.588 1.484 75 68 58
4.222 7.584 1.468 73 67 55
4.221 7.562 1.461 68 64 52
4.233 7.633 1.464 69 65 54
4.237 7.591 1.440 67 63 52
4.233 7.643 1.469 69 65 54
4.203 7.626 1.524 184 189 185
4.214 7.647 1.511 150 151 145
4.247 7.625 1.433 66 63 48
4.232 7.640 1.471 70 66 55
4.234 7.610 1.454 72 64 53
4.230 7.645 1.476 70 66 55
4.233 7.617 1.458 73 65 54
4.204 7.595 1.510 139 140 135
4.198 7.597 1.523 189 195 195
4.240 7.615 1.444 71 63 50
4.229 7.524 1.429 54 53 51
4.240 7.588 1.432 67 65 53
4.209 7.584 1.496 95 88 82
4.252 7.634 1.427 64 62 49
4.223 7.578 1.464 70 66 54
4.247 7.687 1.457 66 58 47
4.220 7.566 1.465 69 65 53
4.252 7.644 1.432 63 59 48
4.262 7.706 1.433 58 53 49
4.229 7.532 1.432 61 58 53
4.213 7.613 1.498 104 100 89
4.231 7.610 1.460 73 65 54
4.253 7.676 1.440 65 57 46
4.240 7.644 1.455 67 63 51
4.238 7.653 1.463 66 62 50
4.216 7.610 1.492 92 88 77
4.255 7.685 1.439 62 54 43
4.224 7.528 1.440 68 63 59
4.241 7.606 1.437 66 62 51
4.245 7.635 1.441 66 62 50
4.235 7.643 1.465 68 64 53
4.237 7.583 1.438 67 63 52
4.249 7.622 1.427 64 60 51
4.250 7.644 1.436 64 60 49
4.256 7.686 1.437 62 54 43
4.152 7.718 1.606 163 168 162
4.164 7.645 1.570 161 168 160
4.128 7.690 1.609 162 167 160
4.168 7.660 1.574 159 167 154
4.153 7.711 1.603 166 173 166
4.143 7.679 1.596 168 176 163
4.125 7.718 1.623 163 168 161
4.188 7.623 1.548 155 157 156
4.139 7.701 1.607 160 167 160
4.160 7.671 1.583 161 167 163
4.137 7.691 1.605 161 168 161
4.112 7.713 1.628 176 178 173
4.150 7.673 1.589 160 167 160
4.147 7.693 1.599 169 177 166
4.164 7.678 1.583 165 171 167
4.148 7.673 1.591 163 171 160
4.167 7.645 1.569 156 164 153
4.178 7.644 1.561 110 111 105
4.184 7.633 1.554 144 145 140
4.132 7.712 1.616 163 170 162
4.155 7.700 1.597 161 168 161
4.185 7.626 1.551 145 147 144
4.179 7.638 1.559 98 99 93
4.119 7.716 1.625 166 171 165
4.153 7.703 1.600 166 173 166
4.153 7.663 1.585 163 169 167
4.142 7.715 1.611 163 168 164
4.156 7.689 1.592 158 166 155
4.153 7.671 1.587 160 166 162
4.159 7.652 1.577 153 160 153
4.152 7.671 1.588 160 166 162
4.172 7.653 1.569 135 141 131
4.177 7.658 1.568 115 121 111
4.118 7.708 1.623 160 166 162
4.166 7.677 1.581 167 174 167
4.151 7.672 1.588 160 167 160
4.158 7.692 1.592 159 167 156
4.160 7.681 1.586 161 167 163
4.123 7.717 1.623 162 167 160
4.136 7.710 1.613 161 166 160
4.181 7.575 1.527 185 193 196
4.127 7.546 1.569 64 69 62
4.173 7.578 1.539 186 191 195
4.156 7.535 1.526 186 200 200
4.088 7.555 1.621 156 157 149
4.152 7.560 1.550 175 178 183
4.210 7.530 1.459 69 60 53
4.167 7.533 1.511 135 131 128
4.176 7.557 1.520 193 198 201
4.199 7.540 1.480 68 68 56
4.167 7.575 1.544 186 191 195
4.176 7.546 1.511 137 135 136
4.144 7.564 1.562 83 85 84
4.189 7.530 1.483 70 68 56
4.151 7.554 1.547 186 191 197
4.181 7.524 1.489 73 73 63
4.091 7.554 1.617 160 160 152
4.171 7.549 1.519 187 192 195
4.110 7.547 1.589 156 162 150
4.151 7.575 1.562 63 68 64
4.195 7.571 1.508 120 119 115
4.218 7.536 1.455 65 61 52
4.184 7.581 1.528 182 190 193
4.096 7.551 1.609 162 162 154
4.158 7.533 1.523 183 193 192
4.179 7.551 1.512 144 142 143
4.148 7.537 1.537 187 198 200
4.094 7.556 1.614 161 161 151
4.209 7.546 1.473 69 67 55
4.190 7.571 1.514 158 160 157
4.129 7.575 1.588 166 172 162
4.168 7.592 1.554 144 145 147
4.166 7.586 1.553 153 154 156
4.168 7.567 1.536 180 187 193
4.182 7.590 1.536 183 188 192
4.073 7.553 1.637 142 142 130
4.138 7.540 1.552 179 184 188
4.198 7.522 1.468 67 63 54
4.084 7.558 1.628 152 153 145
4.180 7.569 1.524 188 196 199
4.173 7.562 1.527 189 198 203
4.153 7.548 1.539 186 195 202
4.147 7.573 1.566 54 59 55
4.172 7.549 1.518 176 180 183
4.083 7.550 1.623 155 156 150
4.216 7.534 1.455 65 60 54
4.198 7.556 1.493 83 81 69
4.131 7.576 1.586 165 171 161
4.157 7.533 1.523 187 199 199
4.175 7.553 1.518 180 184 185
4.197 7.542 1.484 69 69 57
4.203 7.558 1.489 77 75 63
4.170 7.593 1.553 139 140 142
4.177 7.563 1.523 192 200 203
4.132 7.570 1.581 147 155 144
4.113 7.547 1.586 156 162 150
4.109 7.558 1.598 162 163 157
4.129 7.562 1.578 126 134 123
4.206 7.521 1.457 69 62 56
4.188 7.564 1.511 125 124 120
4.124 7.551 1.576 108 110 105
4.182 7.535 1.495 85 83 70
4.097 7.563 1.617 160 160 150
4.197 7.544 1.485 72 70 58
4.141 7.570 1.571 85 90 86
4.083 7.555 1.626 154 155 147
4.175 7.542 1.509 122 114 112
4.193 7.527 1.477 72 68 59
4.162 7.568 1.545 182 187 191
4.146 7.556 1.554 159 160 164
4.148 7.551 1.548 183 187 198
4.141 7.583 1.579 149 157 146
4.177 7.530 1.497 94 92 79
4.139 7.542 1.552 179 182 187
4.105 7.544 1.593 157 163 151
4.176 7.578 1.536 177 184 190
4.162 7.578 1.552 159 163 166
4.174 7.551 1.517 180 184 185
4.159 7.551 1.534 189 198 205
4.193 7.550 1.495 87 85 73
4.156 7.588 1.566 60 65 59
4.094 7.548 1.609 161 161 153
4.187 7.527 1.485 70 68 56
4.127 7.570 1.586 160 166 156
4.091 7.554 1.617 160 160 152
4.092 7.554 1.615 160 160 152
4.151 7.568 1.557 124 125 127
4.132 7.553 1.568 60 65 61
4.129 7.553 1.571 75 77 74
4.143 7.549 1.552 173 176 185
4.131 7.555 1.570 60 65 61
4.180 7.529 1.494 82 80 65
4.169 7.527 1.505 104 100 91
4.192 7.602 1.534 181 189 191
4.168 7.592 1.554 144 145 147
4.183 7.574 1.524 194 202 204
4.219 7.515 1.437 59 59 57
4.200 7.557 1.491 85 83 71
4.218 7.529 1.449 64 57 51
4.117 7.562 1.593 165 168 159
4.177 7.577 1.533 177 184 190
4.199 7.576 1.507 122 119 114
4.094 7.563 1.619 157 158 150
4.173 7.546 1.515 156 156 156
4.184 7.571 1.521 196 202 202
4.105 7.563 1.606 163 162 158
4.184 7.552 1.506 111 106 102
4.116 7.556 1.589 160 166 156
4.172 7.591 1.550 163 167 168
4.135 7.552 1.564 81 85 84
4.148 7.554 1.549 182 185 190
4.162 7.555 1.535 187 196 203
4.200 7.526 1.468 69 62 54
4.152 7.583 1.567 57 62 56
4.159 7.544 1.530 185 200 203
4.149 7.577 1.566 49 54 50
4.111 7.558 1.596 161 164 155
4.146 7.564 1.560 109 110 112
4.204 7.573 1.498 102 98 89
4.128 7.569 1.585 160 166 156
4.160 7.555 1.537 186 195 202
3.883 7.722 1.599 162 163 157
3.881 7.722 1.592 164 160 159
3.873 7.673 1.628 171 172 164
3.872 7.670 1.631 171 172 164
3.889 7.734 1.605 170 171 166
3.867 7.653 1.629 168 171 162
3.889 7.714 1.634 176 177 172
3.882 7.714 1.608 169 170 164
3.875 7.680 1.626 170 171 163
3.874 7.674 1.633 173 174 166
3.856 7.614 1.642 170 173 166
3.876 7.710 1.589 164 165 160
3.892 7.720 1.637 177 178 173
3.869 7.646 1.651 170 173 166
3.879 7.686 1.634 175 176 170
3.858 7.638 1.614 155 158 147
3.884 7.726 1.597 161 162 156
3.875 7.698 1.603 164 164 164
3.889 7.733 1.607 173 174 168
3.866 7.655 1.623 161 169 158
3.887 7.735 1.599 161 162 157
3.872 7.691 1.600 158 163 159
3.868 7.661 1.625 168 169 161
3.856 7.634 1.614 154 157 148
3.855 7.619 1.633 168 170 159
3.869 7.680 1.603 164 160 157
3.863 7.635 1.638 171 174 165
3.882 7.716 1.606 168 169 163
3.863 7.665 1.599 158 164 160
3.856 7.633 1.616 154 160 148
3.856 7.615 1.639 173 170 163
3.862 7.651 1.612 159 162 151
3.864 7.628 1.653 170 173 166
3.872 7.686 1.605 162 167 163
3.884 7.733 1.587 163 163 161
3.854 7.604 1.648 170 173 166
3.873 7.694 1.599 159 161 158
3.888 7.720 1.625 179 180 174
3.865 7.632 1.652 170 173 166
3.858 7.612 1.651 172 173 167
3.856 7.634 1.615 155 158 147
3.859 7.626 1.637 171 172 164
3.864 7.637 1.643 172 175 166
3.869 7.678 1.607 160 165 159
3.870 7.687 1.599 163 159 158
3.865 7.674 1.597 160 161 156
3.867 7.650 1.636 171 174 165
3.856 7.619 1.635 168 170 159
3.878 7.703 1.606 166 167 162
3.887 7.721 1.617 177 178 172
3.892 7.719 1.639 177 178 173
3.887 7.727 1.611 174 175 169
3.871 7.697 1.589 162 164 159
3.862 7.641 1.629 171 168 161
3.885 7.699 1.641 175 176 171
3.884 7.707 1.627 176 177 172
3.873 7.680 1.622 169 170 162
3.875 7.686 1.619 176 177 171
3.875 7.667 1.641 174 175 167
3.890 7.728 1.619 178 179 173
3.887 7.709 1.636 175 176 171
3.877 7.723 1.575 160 162 157
3.883 7.719 1.607 172 173 167
3.879 7.679 1.645 174 175 169
3.866 7.665 1.609 168 165 160
3.873 7.700 1.590 162 164 159
3.888 7.718 1.625 178 179 174
3.875 7.665 1.645 173 174 166
3.883 7.743 1.570 165 164 159
3.887 7.711 1.632 174 175 170
3.867 7.606 1.661 177 178 172
3.879 7.588 1.667 180 181 175
3.868 7.532 1.678 184 187 180
3.892 7.601 1.668 181 182 176
3.854 7.524 1.676 183 186 179
3.888 7.560 1.676 181 184 177
3.867 7.614 1.659 176 177 171
3.867 7.590 1.664 177 178 172
3.886 7.615 1.663 179 180 174
3.886 7.674 1.650 173 174 168
3.861 7.596 1.662 177 178 172
3.881 7.577 1.670 181 182 176
3.880 7.596 1.666 178 179 173
3.867 7.535 1.677 183 186 179
3.893 7.575 1.674 182 183 177
3.890 7.697 1.646 175 176 171
3.884 7.572 1.672 182 183 177
3.860 7.592 1.662 176 177 171
3.869 7.630 1.656 170 173 166
3.884 7.601 1.666 179 180 174
3.865 7.616 1.658 175 176 170
3.876 7.553 1.675 181 184 177
3.879 7.593 1.666 179 180 174
3.884 7.543 1.679 183 186 179
3.860 7.580 1.665 178 179 173
3.870 7.622 1.658 172 175 168
3.890 7.662 1.653 171 173 168
3.891 7.630 1.661 175 177 172
3.870 7.629 1.656 170 173 166
3.867 7.589 1.665 177 178 172
3.888 7.538 1.681 184 187 180
3.889 7.677 1.650 173 174 168
3.892 7.643 1.658 173 175 170
3.873 7.524 1.681 184 187 180
3.868 7.593 1.664 178 179 173
3.889 7.544 1.680 184 187 180
3.893 7.659 1.655 172 174 169
3.861 7.530 1.677 183 186 179
3.877 7.609 1.662 178 179 173
3.886 7.620 1.662 178 181 174
3.893 7.604 1.667 180 181 175
3.893 7.551 1.679 183 186 179
3.891 7.537 1.682 183 186 179
3.888 7.562 1.676 181 184 177
3.878 7.536 1.679 183 186 179
3.884 7.614 1.663 179 180 174
3.886 7.537 1.681 183 186 179
3.857 7.547 1.672 180 183 176
3.861 7.614 1.657 172 173 167
3.895 7.633 1.661 175 177 172
3.873 7.654 1.651 171 174 167
3.867 7.587 1.665 177 178 172
3.855 7.526 1.676 183 186 179
3.890 7.534 1.682 183 186 179
3.884 7.631 1.659 174 177 170
3.888 7.567 1.674 181 184 177
3.867 7.579 1.667 179 180 174
3.878 7.670 1.649 173 174 168
3.880 7.560 1.674 180 183 176
3.884 7.655 1.654 171 174 167
3.882 7.581 1.670 181 182 176
3.874 7.638 1.655 170 173 166
3.991 7.739 1.587 158 160 155
3.980 7.744 1.577 165 166 161
3.945 7.724 1.626 178 177 172
3.993 7.744 1.577 163 165 162
3.896 7.723 1.631 178 179 173
4.138 7.726 1.608 160 166 162
3.954 7.731 1.610 163 164 158
3.899 7.741 1.590 159 159 157
4.018 7.733 1.600 154 161 153
4.061 7.727 1.611 159 163 164
3.956 7.743 1.582 142 138 135
4.046 7.723 1.620 165 171 169
3.905 7.748 1.573 162 163 157
3.985 7.742 1.581 156 158 153
4.017 7.734 1.597 155 158 151
4.122 7.729 1.601 129 134 130
3.911 7.742 1.587 156 158 153
4.021 7.740 1.583 167 168 162
3.947 7.741 1.585 146 145 141
4.040 7.729 1.607 159 161 158
3.906 7.740 1.591 158 160 155
4.025 7.739 1.586 157 160 153
3.907 7.729 1.616 184 187 180
3.974 7.732 1.606 161 162 156
3.958 7.744 1.578 143 142 138
3.933 7.735 1.601 155 156 151
4.045 7.729 1.606 159 161 158
3.939 7.747 1.573 146 148 143
3.946 7.733 1.605 161 162 156
3.980 7.739 1.589 156 157 152
4.077 7.732 1.598 160 165 161
3.991 7.735 1.598 154 156 151
4.093 7.727 1.608 164 166 163
4.016 7.741 1.581 167 168 162
3.934 7.743 1.584 146 148 143
4.029 7.734 1.596 154 157 150
3.982 7.723 1.626 174 175 169
3.930 7.741 1.587 148 150 145
3.950 7.726 1.621 180 177 172
3.891 7.728 1.621 181 182 176
4.004 7.739 1.587 156 159 152
3.938 7.749 1.568 148 150 145
3.922 7.730 1.615 180 177 172
3.905 7.752 1.564 164 165 157
4.101 7.729 1.603 163 163 161
4.076 7.734 1.593 158 164 160
3.934 7.742 1.585 146 148 143
4.030 7.730 1.605 157 159 154
3.917 7.722 1.632 176 177 172
4.012 7.732 1.603 154 159 152
4.071 7.731 1.600 159 164 160
3.902 7.734 1.605 171 172 166
4.080 7.727 1.608 160 164 163
3.966 7.736 1.596 158 153 150
4.137 7.727 1.605 157 163 159
4.069 7.727 1.611 159 163 162
4.092 7.728 1.605 163 165 162
3.915 7.749 1.570 159 161 156
3.999 7.740 1.585 159 161 156
3.890 7.747 1.576 162 163 158
3.942 7.724 1.627 178 177 173
3.906 7.730 1.616 183 186 179
3.910 7.733 1.608 172 175 166
3.950 7.745 1.576 150 149 145
4.077 7.724 1.615 162 168 164
3.955 7.733 1.603 159 154 151
3.910 7.752 1.563 163 166 159
3.985 7.723 1.626 174 175 169
4.012 7.732 1.601 154 159 152
4.018 7.739 1.585 160 163 156
4.039 7.727 1.612 162 164 161
3.970 7.742 1.582 152 151 146
4.078 7.732 1.597 160 165 161
4.044 7.735 1.593 155 160 153
4.003 7.732 1.604 157 160 153
4.004 7.730 1.609 165 166 160
3.986 7.727 1.616 171 170 165
4.082 7.727 1.610 160 164 163
3.985 7.733 1.602 157 160 153
3.932 7.721 1.634 175 177 172
3.907 7.743 1.584 155 157 152
3.904 7.728 1.620 183 184 178
3.949 7.729 1.614 172 171 166
4.077 7.730 1.602 159 164 160
4.026 7.723 1.623 174 177 170
4.027 7.732 1.602 154 159 152
3.984 7.728 1.613 168 167 162
3.957 7.737 1.594 154 149 146
3.966 7.734 1.602 160 157 152
4.014 7.726 1.616 169 170 164
4.023 7.731 1.604 158 161 154
3.897 7.750 1.570 163 164 158
4.058 7.725 1.616 160 166 166
4.115 7.730 1.600 156 161 157
3.977 7.735 1.598 157 156 151
3.983 7.737 1.593 156 157 152
3.987 7.723 1.626 173 174 168
4.102 7.729 1.604 163 163 161
3.992 7.729 1.612 166 167 161
4.002 7.738 1.589 155 157 152
3.921 7.742 1.586 152 154 149
4.109 7.730 1.601 164 165 160
3.892 7.726 1.626 179 180 174
3.942 7.736 1.599 155 154 150
3.984 7.736 1.596 155 156 151
4.007 7.733 1.601 154 159 152
4.052 7.725 1.615 161 165 164
3.907 7.745 1.580 157 159 154
3.917 7.739 1.594 153 158 152
3.970 7.730 1.610 166 167 161
3.907 7.733 1.607 173 176 167
3.996 7.733 1.601 155 160 153
4.080 7.734 1.593 161 168 161
3.934 7.736 1.598 152 153 148
4.092 7.725 1.612 163 168 164
3.909 7.735 1.604 168 171 162
3.938 7.733 1.605 159 160 155
3.994 7.726 1.618 173 172 167
4.002 7.738 1.589 155 157 152
3.933 7.726 1.622 180 177 172
3.935 7.749 1.569 149 151 146
4.053 7.729 1.607 159 161 160
3.964 7.741 1.584 147 143 140
4.166 7.770 1.446 91 95 94
4.131 7.761 1.446 44 45 47
4.226 7.784 1.439 174 180 176
4.195 7.776 1.457 182 183 188
4.185 7.774 1.458 167 168 172
4.148 7.765 1.464 24 25 27
4.198 7.778 1.428 181 178 187
4.216 7.782 1.437 178 184 180
4.137 7.763 1.449 40 41 43
4.155 7.767 1.442 53 54 56
4.184 7.774 1.436 175 175 185
4.179 7.772 1.463 161 160 166
4.147 7.765 1.429 55 53 56
4.165 7.769 1.443 78 82 83
4.204 7.779 1.435 186 187 191
4.132 7.762 1.430 52 44 42
4.192 7.776 1.446 175 179 180
4.130 7.761 1.446 44 45 47
4.137 7.763 1.445 43 44 46
4.202 7.778 1.445 183 187 188
4.174 7.771 1.453 118 124 120
4.147 7.765 1.444 47 48 50
4.154 7.767 1.429 66 64 67
4.156 7.767 1.463 32 33 35
4.225 7.784 1.435 179 180 184
4.176 7.772 1.429 146 145 153
4.153 7.766 1.467 28 29 31
4.177 7.772 1.444 153 156 161
4.157 7.768 1.430 66 65 70
4.236 7.787 1.430 177 180 187
4.170 7.744 1.551 159 165 165
4.162 7.761 1.500 177 182 188
4.231 7.780 1.453 174 178 177
4.226 7.779 1.453 177 178 180
4.200 7.777 1.456 185 186 190
4.245 7.786 1.435 176 181 185
4.186 7.771 1.473 172 173 178
4.245 7.786 1.436 176 181 185
4.178 7.741 1.564 139 149 148
4.252 7.781 1.453 176 181 177
4.242 7.772 1.479 173 174 176
4.162 7.729 1.597 164 166 161
4.195 7.748 1.545 167 176 173
4.164 7.751 1.529 183 188 191
4.166 7.754 1.522 190 193 198
4.215 7.763 1.501 174 183 180
4.225 7.765 1.498 176 185 182
4.210 7.773 1.470 177 181 184
4.185 7.773 1.464 165 164 170
4.169 7.744 1.554 158 164 164
4.186 7.762 1.501 181 186 189
4.238 7.775 1.469 173 177 178
4.200 7.750 1.540 171 177 175
4.219 7.774 1.469 174 178 181
4.182 7.772 1.467 160 161 165
4.189 7.759 1.511 186 192 192
4.165 7.765 1.488 121 124 129
4.173 7.762 1.497 182 187 193
4.178 7.744 1.554 155 164 163
4.203 7.752 1.533 168 177 174
4.247 7.784 1.442 176 181 177
4.166 7.766 1.484 128 131 136
4.255 7.781 1.454 177 179 178
4.201 7.758 1.514 184 190 188
4.162 7.740 1.564 144 154 156
4.190 7.753 1.529 179 185 185
4.183 7.761 1.501 182 187 191
4.210 7.763 1.499 176 182 180
4.170 7.763 1.494 169 172 179
4.177 7.762 1.497 185 190 194
4.173 7.738 1.573 133 139 135
4.180 7.759 1.508 182 187 191
4.187 7.766 1.486 187 191 194
4.222 7.765 1.496 176 185 182
4.188 7.762 1.500 181 186 189
4.267 7.788 1.435 182 182 190
4.205 7.755 1.525 173 182 179
4.215 7.769 1.484 172 183 179
4.237 7.776 1.466 173 177 176
4.168 7.743 1.556 158 164 164
4.199 7.777 1.457 185 186 190
4.207 7.754 1.528 170 179 176
4.184 7.772 1.467 165 166 170
4.220 7.760 1.512 173 179 177
4.233 7.776 1.465 173 177 176
4.228 7.781 1.447 175 180 176
4.176 7.742 1.561 149 159 158
4.188 7.759 1.509 185 190 193
4.171 7.762 1.498 179 184 190
4.178 7.771 1.472 152 153 157
4.194 7.753 1.529 175 184 183
4.162 7.743 1.553 160 169 168
4.168 7.754 1.522 188 191 196
4.172 7.736 1.577 154 160 156
4.173 7.769 1.475 118 119 123
4.179 7.739 1.569 129 138 137
4.190 7.745 1.553 164 173 170
4.166 7.741 1.561 151 157 157
4.208 7.778 1.455 184 185 189
4.173 7.740 1.564 140 150 149
4.159 7.740 1.563 149 158 157
4.163 7.746 1.545 165 171 171
4.223 7.765 1.497 176 185 182
4.167 7.732 1.590 165 167 162
4.176 7.741 1.564 144 154 153
4.252 7.787 1.434 174 178 181
4.188 7.770 1.477 185 188 193
4.162 7.766 1.482 78 82 85
4.168 7.749 1.538 179 185 185
4.232 7.780 1.452 174 178 177
4.215 7.771 1.478 172 181 178
4.221 7.773 1.471 173 177 180
4.214 7.774 1.467 176 180 183
4.251 7.784 1.443 176 181 177
4.198 7.773 1.469 184 185 190
4.191 7.760 1.507 182 188 188
3.944 7.736 1.476 30 31 33
3.885 7.741 1.463 79 79 77
3.892 7.748 1.514 33 32 37
3.949 7.743 1.519 31 31 31
3.907 7.741 1.481 27 28 30
3.969 7.740 1.515 80 86 86
3.930 7.735 1.461 26 27 29
3.952 7.739 1.497 30 31 33
3.975 7.737 1.502 33 34 36
3.950 7.743 1.525 31 32 27
3.891 7.743 1.485 27 29 28
3.930 7.748 1.542 172 175 168
3.907 7.736 1.446 52 54 53
3.911 7.742 1.488 28 29 31
3.929 7.740 1.487 29 30 32
3.919 7.735 1.451 33 35 34
3.927 7.745 1.518 32 34 33
3.916 7.742 1.491 30 31 33
3.895 7.749 1.521 35 35 35
3.919 7.740 1.484 29 30 32
3.898 7.752 1.543 174 175 167
3.909 7.735 1.446 42 48 48
3.940 7.742 1.509 33 34 36
3.946 7.742 1.513 32 32 34
3.907 7.736 1.448 52 54 53
3.933 7.737 1.470 28 29 31
3.960 7.741 1.515 106 106 106
3.921 7.740 1.483 29 30 32
3.903 7.742 1.486 28 29 31
3.953 7.742 1.517 44 44 44
3.927 7.736 1.464 28 29 31
3.972 7.737 1.496 30 31 33
3.904 7.742 1.487 28 29 31
3.947 7.742 1.513 32 32 34
3.936 7.743 1.513 32 33 35
3.895 7.745 1.496 28 30 29
3.893 7.753 1.546 162 163 155
3.887 7.737 1.440 62 52 42
3.882 7.736 1.433 110 93 67
3.887 7.744 1.483 28 28 26
3.915 7.736 1.456 19 23 22
3.932 7.735 1.461 26 27 29
3.942 7.739 1.491 31 32 34
3.922 7.739 1.480 29 30 32
3.984 7.737 1.509 34 39 42
3.920 7.741 1.490 30 31 33
3.920 7.736 1.459 27 29 28
3.892 7.745 1.498 29 31 30
3.975 7.738 1.508 27 31 34
3.892 7.753 1.548 160 161 153
3.988 7.737 1.508 34 38 41
3.956 7.743 1.527 29 30 25
3.905 7.738 1.459 55 62 55
3.918 7.741 1.488 29 30 32
3.895 7.750 1.530 29 30 25
3.892 7.746 1.505 29 31 30
3.912 7.744 1.502 30 31 35
3.956 7.741 1.511 46 46 48
3.899 7.738 1.457 47 51 52
3.894 7.748 1.519 31 31 33
3.928 7.741 1.492 31 32 34
3.907 7.748 1.524 30 32 31
3.959 7.743 1.530 31 32 26
3.916 7.741 1.488 29 30 32
3.945 7.741 1.508 30 30 32
3.943 7.739 1.493 31 32 34
3.917 7.740 1.481 30 31 33
3.927 7.740 1.486 29 30 32
3.920 7.740 1.483 29 30 32
3.893 7.739 1.461 60 59 64
3.961 7.742 1.522 74 75 70
3.916 7.740 1.478 29 30 32
3.945 7.742 1.511 32 32 34
3.909 7.747 1.519 31 32 34
3.970 7.736 1.494 30 31 33
3.921 7.745 1.516 33 35 34
3.906 7.742 1.487 28 29 31
3.933 7.736 1.466 28 29 31
3.962 7.742 1.522 74 75 70
3.923 7.743 1.507 30 31 33
3.939 7.738 1.484 30 31 33
3.927 7.735 1.457 32 30 33
3.905 7.735 1.443 47 46 41
3.930 7.738 1.476 30 31 33
3.913 7.741 1.483 31 32 34
3.895 7.735 1.435 119 103 80
3.927 7.746 1.523 31 33 30
3.994 7.734 1.505 41 42 46
3.982 7.722 1.465 21 19 20
4.020 7.715 1.477 19 18 24
3.977 7.727 1.475 23 23 25
3.957 7.724 1.453 46 41 19
3.993 7.736 1.509 41 45 48
3.926 7.727 1.434 144 112 55
3.979 7.735 1.494 30 31 33
3.986 7.714 1.449 61 56 36
4.004 7.723 1.484 19 18 24
4.032 7.702 1.454 22 21 26
3.941 7.728 1.449 75 63 37
3.954 7.733 1.472 29 30 32
3.984 7.708 1.432 122 103 63
4.032 7.694 1.434 51 46 43
3.998 7.723 1.480 19 18 23
3.987 7.710 1.440 84 70 41
3.987 7.710 1.440 84 70 41
3.917 7.728 1.432 152 115 62
3.960 7.728 1.464 39 38 34
3.999 7.704 1.435 89 72 42
4.024 7.705 1.456 22 20 23
3.939 7.725 1.440 124 98 49
4.029 7.701 1.451 22 22 20
4.008 7.708 1.451 39 35 26
3.979 7.718 1.453 46 43 24
4.030 7.702 1.454 23 25 24
3.973 7.730 1.478 22 22 24
3.968 7.726 1.464 26 25 21
3.985 7.731 1.490 23 22 27
4.020 7.717 1.482 18 17 23
3.996 7.717 1.465 20 18 19
3.940 7.732 1.459 31 32 34
3.931 7.733 1.454 38 34 33
3.962 7.731 1.473 31 31 31
3.999 7.709 1.447 53 50 35
4.027 7.699 1.444 31 30 28
3.973 7.732 1.483 27 27 29
3.964 7.732 1.476 30 30 30
4.003 7.735 1.513 16 20 21
4.018 7.698 1.434 61 52 37
3.999 7.705 1.437 79 63 37
4.017 7.717 1.479 17 16 22
3.898 7.734 1.432 122 100 59
4.011 7.721 1.486 16 17 21
3.981 7.734 1.493 31 32 34
4.003 7.728 1.495 21 22 26
3.941 7.733 1.461 27 28 30
3.993 7.726 1.485 22 21 26
3.932 7.730 1.448 67 58 43
3.990 7.710 1.442 74 63 41
4.008 7.732 1.510 19 20 22
3.959 7.717 1.437 128 105 51
4.009 7.705 1.445 45 39 27
4.020 7.704 1.451 25 24 19
3.997 7.727 1.490 23 22 27
4.020 7.706 1.456 22 20 23
4.015 7.723 1.492 14 15 17
3.977 7.716 1.446 67 60 32
4.031 7.701 1.452 23 25 24
4.000 7.703 1.431 95 81 55
3.949 7.720 1.437 134 103 49
4.032 7.698 1.444 39 39 39
4.011 7.731 1.509 20 19 25
3.974 7.728 1.474 22 22 24
3.967 7.734 1.484 30 30 32
4.025 7.708 1.465 15 13 18
3.930 7.728 1.441 93 78 47
3.989 7.718 1.460 28 27 25
3.967 7.719 1.447 65 56 25
3.963 7.736 1.484 31 31 33
4.012 7.730 1.509 18 17 23
4.016 7.713 1.470 19 17 22
3.927 7.731 1.446 79 70 53
4.013 7.716 1.474 18 18 20
4.008 7.700 1.432 84 69 46
3.983 7.716 1.452 48 45 26
4.021 7.713 1.472 19 18 24
3.973 7.745 1.560 169 171 166
4.021 7.740 1.575 165 166 160
3.971 7.746 1.572 155 156 150
4.017 7.740 1.570 162 161 156
3.970 7.745 1.563 165 166 161
3.991 7.742 1.557 161 163 162
4.139 7.728 1.602 160 167 160
4.107 7.730 1.580 169 172 163
3.968 7.745 1.559 159 160 155
4.067 7.733 1.566 166 177 163
3.993 7.739 1.529 47 46 41
4.008 7.742 1.576 170 171 165
3.947 7.747 1.545 166 169 162
3.920 7.751 1.554 169 172 165
4.011 7.741 1.575 169 170 164
4.041 7.735 1.543 96 94 95
3.994 7.743 1.567 162 164 161
4.003 7.740 1.552 169 168 166
3.993 7.740 1.533 89 86 81
3.960 7.746 1.560 145 146 141
4.142 7.728 1.603 159 166 159
4.036 7.737 1.558 164 165 159
3.987 7.741 1.541 128 127 122
4.059 7.736 1.579 163 168 161
4.010 7.739 1.550 123 122 118
4.060 7.733 1.554 127 132 125
3.957 7.746 1.553 169 170 165
4.027 7.738 1.558 170 169 164
4.049 7.737 1.585 163 168 161
4.040 7.737 1.563 162 165 158
3.953 7.747 1.561 154 155 150
3.998 7.740 1.544 112 111 106
3.956 7.745 1.538 125 126 120
4.017 7.738 1.544 88 83 77
4.044 7.737 1.572 164 167 160
4.003 7.741 1.561 163 164 159
4.003 7.741 1.561 163 164 159
4.023 7.739 1.562 166 165 160
4.076 7.734 1.579 161 166 160
4.016 7.741 1.580 170 171 165
4.042 7.738 1.582 164 167 160
4.006 7.738 1.529 25 22 17
3.955 7.747 1.561 151 152 147
4.118 7.729 1.586 172 175 164
3.977 7.743 1.547 159 162 155
4.125 7.729 1.594 116 121 115
3.899 7.754 1.558 167 169 158
3.932 7.749 1.554 160 162 157
4.005 7.742 1.577 170 171 166
4.121 7.729 1.589 155 160 153
4.023 7.739 1.564 165 164 159
4.071 7.734 1.578 163 168 162
3.927 7.750 1.559 160 162 157
4.015 7.740 1.571 161 160 155
4.123 7.730 1.599 97 102 96
4.051 7.737 1.585 163 168 161
3.948 7.747 1.546 163 164 158
4.008 7.742 1.573 167 168 163
3.986 7.742 1.549 148 149 143
3.973 7.743 1.548 160 163 156
3.977 7.743 1.544 148 149 143
3.915 7.752 1.558 167 170 163
4.078 7.732 1.568 169 177 166
4.093 7.733 1.590 165 170 164
3.914 7.752 1.561 163 166 159
4.035 7.736 1.545 97 93 92
3.947 7.747 1.549 171 174 167
4.112 7.730 1.591 169 174 167
3.993 7.743 1.566 162 164 161
3.960 7.747 1.568 138 139 134
3.908 7.752 1.556 164 167 158
3.957 7.747 1.562 151 152 147
4.058 7.736 1.577 163 168 161
3.994 7.743 1.570 168 170 167
4.057 7.736 1.583 163 168 161
4.027 7.737 1.546 93 88 85
4.076 7.735 1.591 158 164 160
4.076 7.734 1.582 160 165 159
3.937 7.750 1.565 150 152 147
3.961 7.721 1.633 174 177 170
4.090 7.724 1.616 164 169 165
3.986 7.720 1.631 172 178 168
3.971 7.720 1.634 173 176 167
4.150 7.725 1.610 160 167 160
3.938 7.719 1.638 174 177 170
4.074 7.718 1.634 174 177 166
4.096 7.719 1.628 167 173 161
3.973 7.719 1.637 174 177 166
3.960 7.720 1.634 175 178 169
4.119 7.721 1.621 161 166 160
4.065 7.719 1.631 171 179 168
4.030 7.722 1.625 173 176 169
4.107 7.723 1.617 163 170 163
4.038 7.717 1.636 177 181 167
4.088 7.722 1.620 165 172 165
4.108 7.724 1.616 163 170 163
4.143 7.724 1.612 162 169 162
4.090 7.718 1.632 178 180 167
4.088 7.719 1.630 178 180 167
4.039 7.721 1.628 170 177 169
4.118 7.724 1.614 164 170 166
4.107 7.723 1.618 163 170 163
4.097 7.718 1.630 175 177 164
4.050 7.719 1.631 172 180 167
3.963 7.720 1.634 175 178 169
4.084 7.717 1.634 182 182 170
3.970 7.720 1.635 174 177 168
3.994 7.719 1.635 172 178 166
4.119 7.723 1.617 163 168 164
4.040 7.714 1.528 20 20 20
4.088 7.717 1.559 149 155 151
4.113 7.672 1.548 171 176 179
4.046 7.709 1.529 22 22 20
4.046 7.730 1.541 97 97 95
4.091 7.653 1.523 11 11 9
4.073 7.717 1.550 93 101 90
4.063 7.701 1.534 32 33 28
4.099 7.712 1.563 161 170 165
4.077 7.688 1.535 13 15 14
4.027 7.718 1.522 13 15 14
4.118 7.679 1.555 156 166 165
4.075 7.706 1.544 109 111 108
4.045 7.695 1.520 15 15 15
4.082 7.722 1.558 119 126 119
4.090 7.709 1.555 165 171 169
4.079 7.656 1.517 22 22 20
4.111 7.705 1.566 159 165 163
4.074 7.688 1.534 14 16 13
4.122 7.713 1.577 172 177 170
4.067 7.716 1.545 92 93 88
4.080 7.684 1.535 14 16 15
4.092 7.660 1.528 12 14 13
4.091 7.694 1.547 157 161 164
4.112 7.676 1.549 164 169 172
4.064 7.704 1.537 34 35 30
4.070 7.680 1.526 20 20 20
4.113 7.694 1.561 153 162 161
4.074 7.672 1.524 17 17 17
4.083 7.650 1.517 16 16 14
4.040 7.721 1.532 37 37 37
4.122 7.704 1.572 173 178 174
4.102 7.650 1.528 20 21 23
4.098 7.658 1.530 10 14 15
4.045 7.723 1.536 94 94 92
4.089 7.714 1.558 159 165 163
4.044 7.728 1.539 101 101 99
4.096 7.700 1.554 157 162 165
4.053 7.717 1.538 87 88 83
4.084 7.701 1.547 138 142 141
4.115 7.703 1.567 156 162 160
4.094 7.649 1.523 13 13 13
4.020 7.735 1.528 19 21 18
4.089 7.695 1.547 156 160 161
4.138 7.710 1.585 172 178 164
4.108 7.727 1.576 171 176 169
4.063 7.672 1.518 19 19 19
4.123 7.699 1.569 163 169 165
4.100 7.671 1.540 98 103 106
4.094 7.649 1.522 13 11 12
4.108 7.666 1.541 145 150 153
4.099 7.692 1.551 161 166 170
4.139 7.702 1.581 174 180 168
4.049 7.691 1.520 16 16 16
4.090 7.674 1.535 14 18 19
4.061 7.682 1.522 32 32 32
4.096 7.725 1.568 169 176 169
4.062 7.673 1.517 19 19 19
4.107 7.703 1.562 145 154 153
4.112 7.672 1.547 152 157 160
4.124 7.691 1.566 142 148 146
4.064 7.683 1.525 17 17 17
4.086 7.696 1.545 142 146 147
4.083 7.716 1.555 122 128 124
4.125 7.723 1.585 172 175 164
4.109 7.666 1.541 145 150 153
4.082 7.677 1.532 19 21 20
4.070 7.676 1.524 18 18 18
4.027 7.715 1.521 13 15 14
4.087 7.725 1.563 155 165 156
4.069 7.672 1.521 17 17 17
4.079 7.715 1.552 94 101 94
4.048 7.732 1.543 96 96 94
4.048 7.723 1.538 105 105 103
4.092 7.684 1.542 114 118 121
4.095 7.688 1.546 124 129 132
4.095 7.641 1.519 17 15 16
4.047 7.697 1.522 21 21 21
4.139 7.727 1.595 166 173 165
4.088 7.658 1.524 12 12 10
4.132 7.706 1.579 173 179 169
4.145 7.725 1.598 161 168 160
4.043 7.704 1.524 21 21 21
4.121 7.703 1.571 173 178 174
4.051 7.691 1.521 19 19 19
4.079 7.681 1.533 16 18 17
4.104 7.711 1.565 149 158 155
4.057 7.707 1.534 38 37 33
4.083 7.687 1.539 13 17 18
4.081 7.708 1.549 155 159 158
4.097 7.675 1.540 92 97 100
4.129 7.701 1.518 179 188 187
4.111 7.662 1.538 172 181 176
4.159 7.755 1.512 192 195 202
4.137 7.720 1.499 180 185 188
4.151 7.721 1.582 159 165 163
4.140 7.716 1.535 175 184 183
4.151 7.742 1.508 185 188 193
4.136 7.704 1.552 166 172 170
4.118 7.682 1.514 173 182 181
4.141 7.710 1.557 159 165 163
4.105 7.659 1.512 171 182 178
4.156 7.738 1.555 159 167 169
4.118 7.684 1.508 175 184 183
4.129 7.703 1.509 179 188 187
4.134 7.700 1.554 167 173 171
4.134 7.697 1.562 164 170 166
4.149 7.739 1.504 184 188 191
4.139 7.720 1.507 181 187 187
4.098 7.645 1.515 167 177 176
4.114 7.676 1.512 173 182 181
4.158 7.749 1.527 190 195 199
4.127 7.700 1.507 178 184 184
4.137 7.707 1.545 169 175 175
4.133 7.706 1.527 174 183 182
4.123 7.684 1.542 169 175 173
4.142 7.712 1.557 159 165 163
4.154 7.739 1.539 179 184 187
4.147 7.733 1.516 187 192 195
4.107 7.659 1.522 170 181 177
4.157 7.729 1.596 166 169 162
4.140 7.705 1.574 133 139 135
4.148 7.714 1.592 164 168 167
4.156 7.726 1.599 166 169 162
4.134 7.702 1.542 171 177 177
4.101 7.650 1.519 168 179 173
4.133 7.694 1.569 147 152 148
4.136 7.711 1.524 176 185 184
4.150 7.733 1.537 178 186 188
4.155 7.735 1.555 157 166 165
4.138 7.717 1.512 184 193 192
4.148 7.733 1.523 186 191 194
4.112 7.666 1.528 173 182 179
4.137 7.706 1.550 166 172 172
4.131 7.694 1.557 168 174 172
4.140 7.703 1.579 152 157 153
4.116 7.677 1.521 173 182 181
4.151 7.740 1.511 182 187 190
4.153 7.734 1.548 161 169 171
4.152 7.744 1.505 186 189 194
4.140 7.705 1.577 144 149 145
4.136 7.711 1.525 176 185 184
4.123 7.684 1.540 169 175 173
4.146 7.711 1.586 160 165 161
4.149 7.737 1.510 181 186 189
4.125 7.685 1.551 170 176 172
4.123 7.683 1.544 169 175 173
4.130 7.699 1.530 172 181 180
4.118 7.675 1.541 170 176 172
4.155 7.750 1.505 176 179 184
4.153 7.739 1.533 184 189 192
4.113 7.675 1.509 174 183 182
4.117 7.673 1.543 170 176 172
4.146 7.735 1.499 186 191 194
4.152 7.748 1.491 171 174 179
4.111 7.673 1.507 174 183 182
4.121 7.684 1.529 172 181 180
4.153 7.746 1.503 183 186 191
4.124 7.696 1.505 176 182 182
4.141 7.711 1.554 162 168 168
4.161 7.765 1.486 100 103 108
4.155 7.754 1.485 159 160 164
4.149 7.741 1.498 183 186 191
4.137 7.711 1.532 174 183 182
4.159 7.762 1.485 72 76 79
4.143 7.716 1.553 162 168 168
4.144 7.723 1.528 182 191 190
4.115 7.672 1.538 169 178 173
4.134 7.695 1.571 142 147 143
4.137 7.716 1.513 184 193 192
4.146 7.729 1.523 185 191 191
4.126 7.687 1.548 172 178 176
4.114 7.670 1.536 169 178 173
4.113 7.673 1.515 174 183 182
4.131 7.700 1.533 171 180 179
4.132 7.704 1.525 174 183 182
4.152 7.732 1.550 160 169 168
4.137 7.712 1.529 177 186 181
4.152 7.741 1.519 188 193 197
4.041 7.696 1.518 13 13 13
4.058 7.628 1.502 17 18 13
4.055 7.629 1.502 14 15 10
4.071 7.651 1.513 15 15 13
4.045 7.669 1.511 10 10 12
4.051 7.682 1.517 19 19 19
4.044 7.690 1.518 13 13 15
4.068 7.652 1.512 15 15 13
4.071 7.627 1.506 24 24 22
4.076 7.646 1.513 24 23 21
4.054 7.663 1.512 37 37 39
4.060 7.648 1.509 17 18 13
4.060 7.634 1.504 16 17 12
4.051 7.660 1.510 35 35 35
4.068 7.621 1.503 24 24 24
4.030 7.699 1.516 14 14 14
4.072 7.655 1.515 16 16 14
4.087 7.636 1.513 18 12 14
4.046 7.669 1.511 10 10 12
4.080 7.636 1.511 16 16 14
4.032 7.698 1.516 14 14 14
4.044 7.672 1.512 13 13 15
4.041 7.663 1.508 16 16 14
4.060 7.647 1.509 17 18 13
4.050 7.640 1.503 22 22 20
4.058 7.645 1.507 15 16 11
4.089 7.636 1.513 18 12 14
4.051 7.667 1.512 34 34 36
4.051 7.677 1.516 21 21 23
4.695 7.572 1.445 136 137 131
4.695 7.615 1.432 104 119 114
4.689 7.573 1.453 143 147 146
4.674 7.646 1.452 139 151 165
4.651 7.679 1.473 173 178 174
4.673 7.678 1.443 115 129 140
4.645 7.636 1.497 173 169 144
4.681 7.620 1.450 126 141 146
4.676 7.617 1.458 157 167 169
4.655 7.648 1.479 178 179 173
4.691 7.570 1.451 141 143 142
4.702 7.584 1.432 111 116 109
4.663 7.666 1.461 166 171 175
4.661 7.716 1.448 166 177 173
4.679 7.615 1.454 138 152 155
4.653 7.673 1.473 176 178 177
4.692 7.631 1.432 87 103 103
4.676 7.674 1.439 88 104 117
4.705 7.588 1.426 113 116 99
4.667 7.650 1.461 164 175 181
4.667 7.605 1.475 171 176 172
4.661 7.613 1.481 178 178 168
4.695 7.560 1.449 150 151 146
4.657 7.659 1.472 174 176 175
4.708 7.545 1.434 149 148 127
4.672 7.660 1.450 132 146 159
4.687 7.613 1.443 116 131 134
4.706 7.577 1.428 131 130 112
4.675 7.676 1.439 88 104 117
4.652 7.654 1.481 185 185 177
4.684 7.578 1.459 155 159 158
4.667 7.616 1.471 173 177 176
4.656 7.646 1.479 170 171 166
4.659 7.660 1.470 171 175 176
4.679 7.599 1.460 153 163 162
4.673 7.625 1.460 166 175 180
4.670 7.667 1.452 138 150 162
4.689 7.585 1.449 134 143 142
4.707 7.571 1.428 136 135 115
4.665 7.625 1.471 173 174 178
4.667 7.639 1.464 170 177 187
4.656 7.660 1.474 174 176 175
4.664 7.607 1.478 170 175 169
4.664 7.632 1.471 170 174 175
4.658 7.707 1.455 177 184 177
4.659 7.657 1.470 171 175 176
4.710 7.549 1.430 150 148 127
4.682 7.654 1.439 83 99 114
4.672 7.664 1.450 139 151 163
4.674 7.638 1.455 153 163 175
4.682 7.594 1.457 147 158 154
4.675 7.622 1.458 158 167 172
4.645 7.638 1.496 177 172 150
4.656 7.652 1.477 177 178 173
4.671 7.597 1.472 169 172 165
4.675 7.619 1.459 163 171 173
4.690 7.619 1.438 106 121 124
4.653 7.693 1.466 171 177 173
4.681 7.610 1.454 139 153 154
4.657 7.679 1.465 171 177 177
4.644 7.632 1.499 156 150 124
4.690 7.599 1.444 121 137 137
4.657 7.660 1.472 174 176 175
4.655 7.631 1.483 174 171 162
4.655 7.668 1.472 173 177 178
4.707 7.546 1.435 149 148 127
4.694 7.616 1.434 107 122 119
4.679 7.663 1.440 93 109 124
4.664 7.670 1.458 160 170 180
4.660 7.664 1.466 169 174 177
4.673 7.653 1.452 142 154 166
4.652 7.668 1.477 179 181 178
4.678 7.670 1.438 80 96 109
4.666 7.606 1.476 171 176 172
4.669 7.617 1.468 173 177 178
4.689 7.634 1.434 80 95 100
4.653 7.623 1.490 184 179 160
4.671 7.683 1.444 116 131 138
4.680 7.652 1.442 100 116 131
4.689 7.632 1.435 86 101 104
4.666 7.658 1.460 162 172 181
4.703 7.576 1.433 128 129 121
4.678 7.617 1.455 148 159 163
4.702 7.586 1.430 111 116 109
4.696 7.595 1.436 110 121 115
4.676 7.636 1.453 143 155 167
4.656 7.670 1.468 172 176 177
4.681 7.635 1.445 109 126 136
4.665 7.628 1.471 173 174 178
4.596 7.655 1.511 109 111 90
4.573 7.686 1.502 144 141 122
4.550 7.697 1.507 135 131 106
4.572 7.643 1.533 147 144 137
4.589 7.630 1.532 139 135 123
4.558 7.629 1.550 178 177 173
4.561 7.694 1.503 143 138 116
4.554 7.662 1.530 143 137 123
4.552 7.699 1.505 146 141 119
4.610 7.634 1.518 96 94 71
4.593 7.662 1.508 116 119 100
4.558 7.694 1.505 133 128 106
4.580 7.629 1.538 167 164 155
4.601 7.663 1.503 151 155 141
4.592 7.662 1.509 116 119 100
4.592 7.659 1.510 106 108 87
4.585 7.667 1.509 111 114 93
4.612 7.634 1.518 103 101 78
4.604 7.631 1.523 111 108 89
4.574 7.656 1.523 87 89 68
4.556 7.645 1.540 176 173 166
4.572 7.681 1.506 122 121 100
4.630 7.642 1.502 146 144 119
4.559 7.631 1.548 179 178 174
4.587 7.672 1.504 135 138 119
4.596 7.644 1.519 87 86 66
4.601 7.652 1.511 109 110 92
4.561 7.647 1.536 164 161 152
4.572 7.658 1.522 98 97 79
4.569 7.692 1.500 158 155 136
4.588 7.634 1.530 131 129 116
4.550 7.692 1.511 131 125 101
4.572 7.671 1.513 87 89 65
4.599 7.631 1.526 120 117 100
4.568 7.641 1.536 161 158 151
4.554 7.674 1.521 95 91 64
4.603 7.647 1.513 98 99 81
4.553 7.707 1.499 163 158 138
4.573 7.655 1.524 105 104 86
4.557 7.648 1.537 172 167 161
4.560 7.640 1.541 182 181 176
4.567 7.687 1.504 134 132 111
4.585 7.673 1.504 135 138 119
4.633 7.637 1.504 149 145 120
4.620 7.644 1.506 131 129 104
4.554 7.706 1.499 163 158 138
4.603 7.664 1.501 153 159 145
4.603 7.641 1.517 86 85 64
4.600 7.659 1.507 127 130 113
4.559 7.659 1.529 137 131 115
4.622 7.657 1.497 169 170 156
4.612 7.701 1.479 180 183 176
4.609 7.668 1.497 173 178 171
4.629 7.647 1.500 159 156 137
4.649 7.690 1.470 168 173 167
4.647 7.700 1.465 165 172 164
4.582 7.710 1.485 195 192 183
4.639 7.654 1.492 192 190 175
4.633 7.711 1.465 166 172 158
4.589 7.718 1.479 185 182 175
4.585 7.689 1.495 179 181 168
4.636 7.691 1.474 168 173 167
4.573 7.702 1.493 188 186 171
4.623 7.664 1.493 185 186 180
4.607 7.668 1.498 167 173 163
4.617 7.714 1.470 162 166 152
4.602 7.671 1.497 170 176 166
4.638 7.646 1.497 156 151 129
4.613 7.722 1.468 165 167 154
4.598 7.706 1.481 186 187 181
4.567 7.709 1.492 192 186 172
4.646 7.663 1.485 186 186 178
4.612 7.691 1.484 184 189 183
4.643 7.721 1.457 175 183 170
4.630 7.718 1.463 175 179 164
4.600 7.682 1.492 183 188 181
4.637 7.710 1.465 168 174 160
4.632 7.655 1.494 187 188 174
4.627 7.662 1.493 187 189 178
4.624 7.692 1.478 176 182 180
4.654 7.718 1.454 175 182 174
4.649 7.682 1.474 173 178 174
4.642 7.688 1.473 173 175 170
4.573 7.713 1.487 196 192 180
4.599 7.681 1.493 183 188 181
4.644 7.665 1.485 188 188 180
4.580 7.696 1.493 190 191 177
4.619 7.714 1.470 163 167 153
4.619 7.689 1.482 184 189 183
4.649 7.681 1.474 173 178 174
4.605 7.706 1.479 184 187 180
4.620 7.720 1.466 169 173 159
4.601 7.684 1.491 183 188 182
4.602 7.711 1.477 177 177 169
4.608 7.678 1.492 182 189 182
4.611 7.670 1.495 182 187 181
4.618 7.715 1.469 162 166 152
4.641 7.699 1.468 162 170 159
4.638 7.652 1.493 178 177 159
4.638 7.687 1.476 173 175 170
4.642 7.641 1.498 165 160 138
4.587 7.698 1.490 190 192 181
4.599 7.694 1.487 189 192 185
4.574 7.706 1.490 189 187 174
4.594 7.674 1.499 155 161 147
4.651 7.692 1.468 167 174 167
4.603 7.704 1.480 187 188 182
4.647 7.682 1.475 177 179 174
4.624 7.655 1.497 169 170 156
4.593 7.698 1.487 190 191 183
4.573 7.704 1.492 189 187 174
4.648 7.677 1.477 178 180 177
4.534 7.528 1.532 152 144 123
4.538 7.562 1.540 175 171 159
4.558 7.620 1.550 181 180 178
4.552 7.585 1.541 181 178 171
4.505 7.515 1.540 173 170 155
4.556 7.619 1.550 182 181 179
4.568 7.540 1.520 126 120 88
4.553 7.585 1.541 181 178 171
4.602 7.575 1.517 120 114 80
4.559 7.554 1.529 149 141 120
4.545 7.593 1.547 183 182 177
4.557 7.623 1.551 181 180 178
4.561 7.593 1.540 172 169 160
4.565 7.581 1.534 159 153 139
4.588 7.559 1.518 123 114 81
4.617 7.559 1.505 140 138 113
4.544 7.532 1.529 147 140 114
4.561 7.584 1.537 167 165 153
4.586 7.554 1.517 122 114 78
4.574 7.555 1.523 134 127 98
4.521 7.550 1.544 184 181 172
4.561 7.583 1.537 167 163 152
4.543 7.565 1.539 170 166 154
4.549 7.551 1.532 155 147 128
4.525 7.544 1.540 174 168 154
4.560 7.570 1.533 158 153 134
4.596 7.556 1.513 122 116 82
4.598 7.560 1.514 122 116 82
4.548 7.532 1.526 141 134 106
4.555 7.601 1.545 185 184 179
4.544 7.559 1.537 166 159 141
4.577 7.588 1.531 155 148 130
4.529 7.548 1.540 174 170 158
4.542 7.568 1.541 176 174 161
4.552 7.528 1.524 136 129 100
4.573 7.606 1.539 174 169 163
4.558 7.564 1.532 159 152 134
4.569 7.607 1.541 179 176 169
4.555 7.595 1.543 183 183 175
4.569 7.603 1.540 176 173 166
4.566 7.602 1.540 177 174 167
4.563 7.607 1.543 183 182 177
4.560 7.610 1.546 183 182 178
4.535 7.576 1.546 186 183 176
4.517 7.516 1.535 163 156 137
4.597 7.564 1.515 120 114 80
4.575 7.605 1.538 169 165 154
4.573 7.539 1.518 118 112 78
4.572 7.542 1.519 119 113 79
4.565 7.582 1.535 159 156 141
4.528 7.541 1.538 169 163 147
4.596 7.548 1.511 125 120 90
4.560 7.555 1.528 145 137 114
4.562 7.609 1.545 183 182 178
4.568 7.583 1.534 158 152 136
4.586 7.543 1.514 124 115 82
4.579 7.573 1.526 142 135 109
4.612 7.563 1.508 128 125 94
4.529 7.561 1.544 186 183 174
4.586 7.591 1.529 150 142 121
4.528 7.555 1.542 182 180 168
4.571 7.579 1.531 155 150 131
4.537 7.559 1.540 172 169 154
4.541 7.540 1.532 158 151 133
4.573 7.606 1.539 174 169 163
4.555 7.577 1.538 165 161 149
4.574 7.599 1.536 162 158 147
4.513 7.525 1.540 170 167 152
4.577 7.601 1.536 164 158 146
4.575 7.550 1.521 128 119 88
4.571 7.593 1.536 163 159 147
4.520 7.546 1.543 182 178 166
4.671 7.544 1.464 164 168 169
4.637 7.559 1.492 180 184 170
4.658 7.577 1.479 170 173 166
4.662 7.576 1.476 167 169 164
4.677 7.544 1.460 162 164 163
4.673 7.581 1.469 161 166 160
4.657 7.595 1.483 173 173 165
4.654 7.589 1.485 171 171 161
4.665 7.589 1.476 169 172 165
4.632 7.562 1.497 170 169 148
4.673 7.586 1.470 162 167 160
4.683 7.540 1.454 159 161 158
4.696 7.530 1.443 159 157 144
4.688 7.535 1.450 161 162 156
4.642 7.615 1.498 169 164 135
4.703 7.545 1.440 152 153 139
4.646 7.559 1.485 174 177 170
4.662 7.599 1.480 170 171 163
4.656 7.573 1.481 169 172 165
4.645 7.554 1.485 176 179 172
4.664 7.601 1.479 168 173 167
4.709 7.538 1.435 150 148 127
4.653 7.588 1.485 175 175 163
4.657 7.601 1.484 178 178 166
4.666 7.571 1.472 165 167 162
4.693 7.551 1.448 156 158 153
4.649 7.580 1.487 176 176 164
4.688 7.549 1.452 157 158 152
4.675 7.541 1.461 165 166 168
4.638 7.602 1.499 171 166 144
4.660 7.606 1.483 175 177 166
4.665 7.574 1.474 165 167 162
4.633 7.553 1.494 182 186 172
4.696 7.544 1.445 158 158 146
4.691 7.531 1.447 163 163 153
4.656 7.574 1.481 169 172 165
4.651 7.583 1.485 173 173 163
4.663 7.567 1.474 166 168 165
4.649 7.562 1.484 172 175 168
4.681 7.545 1.457 160 162 161
4.663 7.567 1.474 166 168 165
4.641 7.592 1.494 188 186 165
4.712 7.535 1.432 150 148 127
4.629 7.557 1.498 163 162 142
4.646 7.552 1.484 176 179 172
4.645 7.566 1.487 177 178 170
4.651 7.615 1.491 193 188 168
4.645 7.585 1.491 184 182 167
4.645 7.626 1.497 163 158 129
4.696 7.549 1.446 159 161 150
4.646 7.595 1.491 189 186 169
4.667 7.576 1.473 165 167 162
4.692 7.546 1.448 157 158 150
4.680 7.539 1.457 161 163 162
4.637 7.561 1.493 178 180 167
4.668 7.575 1.472 164 166 161
4.637 7.532 1.479 167 169 164
4.600 7.521 1.493 182 183 169
4.609 7.537 1.498 173 172 151
4.618 7.530 1.489 177 180 173
4.698 7.518 1.437 149 147 126
4.619 7.545 1.498 165 166 148
4.612 7.528 1.491 179 180 172
4.640 7.547 1.487 174 177 170
4.637 7.542 1.486 172 175 168
4.579 7.531 1.511 124 118 84
4.642 7.538 1.480 167 169 164
4.604 7.530 1.497 177 176 156
4.660 7.521 1.460 163 165 162
4.653 7.532 1.470 166 168 165
4.575 7.519 1.506 143 139 110
4.573 7.521 1.508 136 131 102
4.590 7.529 1.504 147 143 116
4.605 7.528 1.494 183 184 168
4.691 7.517 1.440 155 152 133
4.615 7.542 1.497 175 178 159
4.644 7.533 1.476 167 169 164
4.630 7.544 1.491 178 181 174
4.630 7.537 1.486 173 176 169
4.584 7.525 1.505 145 144 116
4.607 7.539 1.500 163 163 139
4.630 7.527 1.480 167 169 164
4.646 7.539 1.478 167 169 164
4.566 7.515 1.509 129 124 94
4.645 7.516 1.465 165 167 164
4.589 7.529 1.504 147 143 116
4.623 7.552 1.500 159 158 137
4.686 7.526 1.449 163 163 153
4.598 7.532 1.501 160 158 133
4.635 7.538 1.484 171 174 167
4.586 7.522 1.502 160 158 133
4.568 7.529 1.516 120 114 80
4.681 7.523 1.450 163 163 155
4.660 7.524 1.462 164 166 165
4.542 7.520 1.524 141 135 103
4.649 7.522 1.467 166 168 165
4.561 7.516 1.512 124 119 87
4.632 7.521 1.475 166 168 165
4.618 7.524 1.485 173 175 170
4.634 7.524 1.476 166 168 165
4.599 7.530 1.499 172 171 150
4.637 7.530 1.478 167 169 164
4.616 7.536 1.494 182 184 170
4.632 7.518 1.474 166 168 165
4.549 7.516 1.519 122 116 82
4.692 7.520 1.441 157 156 138
4.623 7.519 1.479 167 169 166
4.642 7.536 1.479 167 169 164
4.558 7.522 1.517 119 113 79
4.681 7.527 1.452 161 162 157
4.586 7.531 1.507 131 127 98
4.045 7.630 1.507 36 41 37
4.049 7.599 1.507 14 16 15
4.051 7.552 1.509 26 25 21
4.039 7.627 1.511 33 28 34
4.033 7.609 1.516 20 19 24
4.057 7.605 1.502 16 16 14
4.056 7.564 1.505 22 21 17
4.031 7.636 1.515 9 18 17
4.028 7.637 1.517 11 16 20
4.040 7.629 1.510 27 22 28
4.052 7.531 1.510 20 13 5
4.037 7.652 1.510 15 15 17
4.057 7.552 1.505 13 14 18
4.047 7.616 1.507 12 17 11
4.054 7.563 1.506 23 25 24
4.036 7.600 1.514 37 39 38
4.056 7.550 1.506 13 14 18
4.048 7.628 1.505 26 26 26
4.050 7.528 1.511 13 15 12
4.025 7.697 1.514 11 15 16
4.049 7.561 1.509 22 21 17
4.051 7.519 1.511 11 13 12
4.061 7.602 1.500 22 22 22
4.030 7.674 1.512 13 14 18
4.032 7.629 1.515 8 14 14
4.035 7.598 1.515 42 41 46
4.019 7.698 1.517 17 13 10
4.016 7.714 1.518 13 13 15
4.057 7.583 1.503 22 24 21
4.037 7.617 1.513 28 29 23
4.048 7.603 1.507 13 18 11
4.030 7.636 1.516 9 18 17
4.062 7.605 1.499 21 21 19
4.050 7.587 1.507 13 15 14
4.048 7.618 1.506 15 15 15
4.032 7.644 1.514 12 15 8
4.026 7.667 1.516 13 14 9
4.048 7.627 1.506 19 19 19
4.020 7.677 1.518 17 11 21
4.017 7.690 1.519 15 11 25
4.037 7.639 1.511 15 10 16
4.035 7.692 1.459 31 32 36
4.023 7.709 1.490 23 24 29
4.031 7.691 1.474 15 15 17
4.041 7.642 1.472 17 19 16
4.047 7.669 1.434 6 6 8
4.030 7.665 1.495 100 101 106
4.031 7.647 1.502 188 191 196
4.025 7.702 1.487 22 23 28
4.040 7.617 1.490 41 42 37
4.042 7.646 1.465 22 24 19
4.050 7.600 1.467 18 20 19
4.048 7.532 1.510 26 25 20
4.028 7.685 1.486 18 19 23
4.050 7.526 1.506 91 88 81
4.052 7.594 1.463 183 189 189
4.038 7.604 1.503 37 36 34
4.026 7.688 1.491 29 30 35
4.024 7.689 1.496 33 34 39
4.035 7.701 1.455 30 28 31
4.037 7.599 1.508 32 31 29
4.047 7.679 1.430 20 18 19
4.042 7.574 1.505 14 15 10
4.028 7.658 1.503 162 165 170
4.052 7.621 1.449 181 182 184
4.039 7.671 1.461 101 102 104
4.038 7.646 1.480 15 15 15
4.020 7.708 1.501 25 25 33
4.030 7.671 1.488 54 55 59
4.046 7.593 1.482 19 19 17
4.042 7.677 1.447 55 57 56
4.046 7.621 1.468 20 18 19
4.009 7.734 1.521 16 20 19
4.049 7.551 1.494 24 24 22
4.023 7.691 1.500 36 37 42
4.050 7.665 1.431 32 33 35
4.036 7.626 1.498 15 17 14
4.048 7.555 1.497 22 22 20
4.040 7.611 1.491 38 38 36
4.049 7.623 1.456 24 24 24
4.039 7.579 1.513 16 16 14
4.032 7.620 1.514 12 13 8
4.050 7.613 1.459 12 13 15
4.029 7.696 1.479 17 16 22
4.034 7.625 1.504 11 13 10
4.019 7.694 1.510 14 18 21
4.044 7.639 1.462 35 37 34
4.048 7.576 1.484 14 14 14
4.045 7.661 1.449 20 20 18
4.028 7.649 1.508 184 188 191
4.046 7.646 1.454 28 28 26
4.046 7.632 1.461 25 25 23
4.044 7.631 1.467 36 36 34
4.040 7.621 1.485 46 47 42
4.045 7.561 1.504 15 16 11
4.045 7.620 1.470 21 19 20
4.040 7.624 1.484 37 38 33
4.035 7.630 1.497 12 14 11
4.034 7.613 1.510 24 25 20
4.025 7.659 1.513 174 178 181
4.046 7.680 1.433 79 77 78
4.031 7.674 1.482 44 45 49
4.017 7.724 1.499 18 19 24
4.017 7.724 1.501 18 19 24
4.041 7.659 1.462 14 14 12
4.045 7.569 1.498 15 16 11
4.047 7.612 1.469 11 11 11
4.031 7.695 1.472 20 18 21
4.022 7.696 1.500 35 35 43
4.038 7.615 1.495 44 45 40
4.040 7.668 1.457 157 159 158
4.045 7.653 1.454 20 19 15
4.021 7.720 1.491 16 17 22
4.024 7.699 1.493 29 29 37
4.034 7.642 1.494 14 16 15
4.032 7.619 1.513 12 13 8
4.043 7.611 1.482 20 20 18
4.023 7.669 1.510 108 112 115
4.043 7.646 1.462 27 28 23
4.052 7.588 1.466 170 174 173
4.019 7.693 1.510 14 18 21
4.030 7.681 1.483 11 12 16
4.021 7.689 1.506 23 26 31
4.051 7.608 1.459 176 180 181
4.022 7.685 1.504 25 28 33
4.049 7.524 1.511 9 6 0
4.046 7.668 1.438 29 29 29
4.039 7.666 1.464 163 164 166
4.038 7.590 1.508 20 21 16
4.020 7.721 1.493 16 17 22
4.043 7.555 1.512 17 18 13
4.050 7.651 1.437 184 189 192
4.025 7.705 1.486 18 17 23
4.025 7.651 1.518 192 196 199
4.048 7.603 1.470 14 14 14
4.046 7.543 1.510 24 23 19
4.048 7.611 1.467 13 13 13
4.030 7.687 1.480 17 18 22
4.039 7.608 1.495 36 36 34
4.049 7.554 1.495 22 22 20
4.046 7.684 1.429 68 66 67
4.048 7.576 1.487 14 14 12
4.022 7.688 1.504 23 26 31
4.023 7.681 1.506 26 29 34
4.041 7.656 1.465 15 15 13
4.038 7.658 1.472 177 178 180
4.042 7.651 1.463 18 17 15
4.016 7.706 1.512 14 17 22
4.028 7.635 1.517 193 197 198
4.042 7.628 1.477 39 40 35
4.012 7.719 1.517 13 17 18
4.014 7.712 1.515 14 18 21
4.013 7.717 1.515 14 18 21
4.011 7.728 1.516 15 19 20
4.048 7.664 1.436 30 31 33
4.030 7.642 1.506 190 194 195
4.042 7.646 1.467 22 24 19
4.032 7.658 1.492 171 172 177
4.050 7.588 1.473 169 169 169
4.021 7.678 1.513 28 32 35
4.028 7.673 1.494 58 59 64
4.050 7.620 1.456 23 25 24
4.030 7.697 1.473 18 17 22
4.046 7.548 1.506 23 22 18
4.036 7.647 1.484 187 188 192
4.029 7.658 1.502 178 181 186
4.050 7.567 1.471 172 171 176
4.020 7.517 1.435 58 52 52
4.027 7.529 1.443 47 46 44
4.036 7.521 1.468 66 57 48
4.050 7.542 1.487 66 60 60
4.032 7.560 1.436 178 182 185
4.047 7.600 1.446 174 181 187
4.026 7.527 1.442 52 48 45
4.052 7.549 1.487 67 63 64
4.038 7.578 1.438 178 183 186
4.044 7.529 1.482 67 63 52
4.039 7.524 1.472 65 61 49
4.048 7.594 1.452 171 176 179
4.037 7.530 1.465 62 55 49
4.037 7.549 1.453 104 102 107
4.051 7.515 1.506 96 92 81
4.047 7.626 1.429 181 185 184
4.051 7.577 1.468 174 176 175
4.034 7.548 1.447 96 95 100
4.030 7.533 1.448 47 46 44
4.042 7.589 1.439 175 182 188
4.046 7.540 1.479 61 57 56
4.047 7.594 1.448 175 183 186
4.042 7.608 1.430 182 187 190
4.046 7.609 1.436 178 183 187
4.051 7.519 1.503 86 82 71
4.042 7.554 1.460 106 105 111
4.032 7.530 1.452 57 52 48
4.049 7.593 1.453 171 176 179
4.051 7.545 1.487 65 61 62
4.051 7.624 1.441 181 183 182
4.047 7.546 1.478 58 53 59
4.026 7.518 1.447 59 52 46
4.030 7.535 1.445 49 47 48
4.048 7.622 1.434 182 186 185
4.047 7.580 1.457 183 187 186
4.048 7.619 1.437 180 184 185
4.033 7.537 1.452 53 49 50
4.037 7.547 1.454 82 80 85
4.030 7.539 1.443 53 53 55
4.052 7.621 1.443 180 184 183
4.046 7.531 1.485 66 62 53
4.047 7.609 1.440 177 185 188
4.031 7.545 1.441 89 90 95
4.033 7.572 1.431 181 186 189
4.048 7.606 1.444 176 183 189
4.043 7.522 1.484 70 64 52
4.052 7.587 1.465 174 178 177
4.048 7.596 1.449 174 182 185
4.053 7.647 1.429 180 187 197
4.044 7.534 1.479 64 59 55
4.049 7.613 1.441 179 184 187
4.037 7.524 1.468 67 58 51
4.035 7.559 1.443 171 175 178
4.032 7.531 1.453 57 52 48
4.047 7.599 1.445 175 182 190
4.049 7.591 1.454 179 184 187
4.041 7.551 1.461 78 73 77
4.049 7.545 1.483 63 59 60
4.070 7.607 1.447 173 181 184
4.067 7.620 1.442 180 185 188
4.071 7.601 1.454 176 181 184
4.066 7.620 1.448 175 183 186
4.059 7.648 1.438 185 190 196
4.064 7.636 1.431 184 186 185
4.060 7.641 1.451 180 183 188
4.067 7.625 1.433 179 184 188
4.064 7.625 1.456 178 184 184
4.071 7.611 1.431 174 183 190
4.062 7.643 1.431 181 186 189
4.072 7.610 1.429 178 187 194
4.062 7.633 1.451 182 182 180
4.061 7.637 1.448 182 182 180
4.069 7.615 1.438 175 182 188
4.061 7.638 1.444 182 183 187
4.063 7.628 1.454 179 183 182
4.059 7.637 1.461 180 181 176
4.070 7.613 1.434 176 183 191
4.061 7.645 1.429 183 188 191
4.057 7.658 1.431 110 120 130
4.061 7.643 1.439 185 186 188
4.069 7.618 1.430 177 186 193
4.061 7.645 1.435 181 185 188
4.072 7.602 1.444 178 183 186
4.067 7.613 1.457 172 180 183
