3.699 11.155 2.195 124 120 108
3.659 11.083 2.196 124 120 108
3.766 10.911 2.195 123 117 103
3.759 11.040 2.194 122 120 105
3.710 11.044 2.195 127 119 106
3.671 11.010 2.197 122 118 107
3.727 11.050 2.195 127 119 106
3.689 11.157 2.195 124 120 108
3.707 11.387 2.192 121 119 106
3.691 11.257 2.194 125 121 109
3.746 11.210 2.193 126 119 109
3.721 11.324 2.192 126 120 106
3.663 11.161 2.195 127 121 109
3.688 11.197 2.194 124 120 108
3.708 11.276 2.193 125 121 109
3.659 11.030 2.197 118 119 105
3.783 10.943 2.195 122 118 106
3.747 11.156 2.194 124 120 109
3.691 11.181 2.195 125 121 109
3.666 11.297 2.194 126 119 111
3.665 11.285 2.194 124 120 111
3.691 11.014 2.196 123 119 108
3.716 11.262 2.193 124 122 109
3.786 10.867 2.195 123 117 105
3.717 11.029 2.195 127 119 106
3.663 11.060 2.196 125 122 107
3.723 11.227 2.193 122 123 109
3.718 11.434 2.191 124 118 104
3.760 11.150 2.193 126 119 109
3.680 11.281 2.194 124 120 111
3.718 11.183 2.194 124 120 108
3.719 11.000 2.196 125 119 107
3.667 11.256 2.194 124 120 111
3.658 11.148 2.196 127 119 108
3.686 11.042 2.196 125 119 105
3.656 11.104 2.196 126 120 108
3.732 11.249 2.193 125 123 110
3.690 11.240 2.194 125 121 109
3.717 11.102 2.195 124 120 108
3.706 11.011 2.196 125 119 105
3.672 11.068 2.196 124 121 106
3.723 11.421 2.191 125 119 105
3.665 11.072 2.196 124 121 106
3.663 11.239 2.195 127 121 109
3.679 11.310 2.194 125 121 112
3.664 11.302 2.194 126 119 109
3.767 11.079 2.194 124 120 108
3.718 11.411 2.192 123 119 107
3.684 11.393 2.193 121 117 106
3.702 11.292 2.193 127 121 109
3.775 10.903 2.195 123 117 103
3.729 11.297 2.193 124 120 108
3.654 11.106 2.196 126 118 107
3.769 10.939 2.195 124 121 106
3.660 11.189 2.195 127 121 109
3.661 11.255 2.194 124 120 109
3.690 11.066 2.196 124 121 106
3.782 10.904 2.195 123 117 105
3.688 11.203 2.194 123 120 105
3.684 11.272 2.194 124 120 109
3.740 11.178 2.193 124 120 109
3.699 11.040 2.196 127 119 108
3.755 11.024 2.195 123 120 105
3.683 11.383 2.193 124 117 107
3.776 11.008 2.194 123 119 107
3.727 10.994 2.196 125 119 105
3.783 10.940 2.195 122 118 106
3.779 10.916 2.195 121 118 103
3.768 11.120 2.193 127 120 110
3.684 11.244 2.194 125 121 110
3.696 11.105 2.195 123 119 108
3.776 10.900 2.195 123 117 103
3.782 10.938 2.195 122 118 106
3.658 11.149 2.196 127 119 108
3.718 10.957 2.196 125 119 105
3.701 11.412 2.192 122 118 106
3.788 10.944 2.195 122 118 106
3.657 11.391 2.193 125 119 107
3.673 11.375 2.193 124 120 109
3.730 11.190 2.194 124 120 108
3.690 10.986 2.196 123 119 107
3.704 11.391 2.192 121 119 106
3.765 11.079 2.194 124 120 108
3.676 11.415 2.193 121 117 105
3.715 11.109 2.195 126 119 109
3.735 11.014 2.195 126 120 106
3.769 11.033 2.194 123 121 108
3.694 11.110 2.195 123 119 108
3.733 11.033 2.195 126 120 106
3.700 11.164 2.194 125 122 107
3.705 10.975 2.196 123 119 107
3.755 11.109 2.194 126 120 108
3.669 11.232 2.194 127 121 109
3.711 11.288 2.193 125 121 109
3.684 11.211 2.194 125 122 107
3.666 11.298 2.194 126 119 109
3.709 11.385 2.192 123 119 107
3.754 11.023 2.195 123 120 105
3.690 11.417 2.192 122 118 106
3.689 11.105 2.195 125 118 108
3.671 11.324 2.194 123 120 111
3.706 10.985 2.196 122 118 106
3.713 11.388 2.192 123 119 107
3.715 11.005 2.196 125 119 107
3.668 11.434 2.193 119 116 101
3.683 11.324 2.193 124 120 111
3.677 11.210 2.195 127 121 107
3.675 11.329 2.193 123 120 111
3.701 11.367 2.192 123 119 107
3.728 11.115 2.194 126 120 108
3.676 11.058 2.196 124 121 106
3.670 11.072 2.196 124 121 106
3.704 11.402 2.192 121 119 106
3.696 11.166 2.195 125 121 109
3.676 11.032 2.196 123 119 107
3.663 11.318 2.194 124 120 109
3.743 11.035 2.195 124 121 106
3.734 10.921 2.196 123 117 103
3.656 11.116 2.196 126 118 107
3.669 11.080 2.196 123 120 105
3.721 11.007 2.196 125 119 107
3.724 10.955 2.196 124 118 104
3.661 11.299 2.194 126 119 109
3.757 11.077 2.194 124 120 108
3.700 11.341 2.193 124 120 109
3.738 11.216 2.193 124 120 109
3.762 11.015 2.195 124 121 106
3.724 11.231 2.193 123 124 110
3.727 11.003 2.195 125 119 105
3.690 11.125 2.195 124 117 107
3.772 10.882 2.196 124 118 104
3.690 11.407 2.192 121 117 105
3.676 11.293 2.194 124 120 111
3.732 11.161 2.194 123 119 107
3.747 11.003 2.195 123 120 105
3.707 11.336 2.193 124 120 108
3.740 11.237 2.193 125 121 109
3.661 11.424 2.193 120 116 104
3.763 11.075 2.194 124 120 108
3.722 11.140 2.194 123 119 107
3.654 11.265 2.194 123 119 108
3.740 11.299 2.192 124 120 108
3.655 11.164 2.195 126 120 108
3.702 11.365 2.192 123 119 107
3.759 11.065 2.194 122 120 107
3.701 11.184 2.194 124 121 106
3.730 11.211 2.193 124 122 110
3.711 11.296 2.193 124 120 108
3.712 11.407 2.192 122 118 106
3.782 11.007 2.194 123 119 107
3.682 11.258 2.194 125 121 110
3.687 11.002 2.196 124 118 106
3.668 11.395 2.193 124 120 109
3.718 11.401 2.192 122 120 107
3.707 11.027 2.196 127 121 107
3.670 11.408 2.193 121 117 105
3.656 11.151 2.196 128 120 109
3.721 11.346 2.192 125 119 107
3.712 11.272 2.193 124 122 109
3.693 11.131 2.195 124 117 107
3.728 11.100 2.194 124 120 108
3.745 11.234 2.193 127 121 109
3.685 11.268 2.194 124 120 109
3.690 10.987 2.196 123 119 107
3.698 11.087 2.195 126 120 108
3.770 10.914 2.195 122 119 104
3.662 11.217 2.195 127 121 109
3.759 10.900 2.196 123 117 103
3.704 11.386 2.192 121 119 106
3.695 11.365 2.193 123 119 108
3.681 10.991 2.197 123 119 107
3.748 11.097 2.194 127 119 108
3.666 11.351 2.193 122 120 107
3.736 11.140 2.194 123 119 107
3.732 11.263 2.193 124 122 109
3.770 10.881 2.196 124 118 104
3.695 11.117 2.195 123 119 108
3.753 11.197 2.193 124 120 108
3.661 11.260 2.194 124 120 109
3.739 10.999 2.195 123 120 105
3.721 11.248 2.193 122 123 109
3.719 11.421 2.192 125 119 105
3.730 11.064 2.195 124 121 106
3.658 11.233 2.195 127 121 109
3.668 11.387 2.193 126 120 108
3.738 11.006 2.195 123 120 105
3.746 11.270 2.192 123 119 107
3.723 11.290 2.193 124 122 109
3.702 11.409 2.192 122 118 106
3.725 11.281 2.193 125 123 110
3.718 11.375 2.192 124 120 108
3.770 10.906 2.195 123 117 103
3.703 11.342 2.193 124 120 108
3.665 11.150 2.195 127 119 108
3.706 10.972 2.196 123 119 107
3.750 11.176 2.193 124 120 108
3.708 11.083 2.195 124 121 106
3.743 11.266 2.193 124 120 108
3.717 11.077 2.195 125 122 107
3.711 11.175 2.194 124 121 106
3.755 11.159 2.193 124 120 108
3.684 11.148 2.195 125 118 108
3.788 10.895 2.195 124 118 106
3.664 11.078 2.196 123 120 105
3.687 11.174 2.195 125 121 109
3.726 10.970 2.196 124 118 104
3.722 11.129 2.194 125 119 107
3.722 11.184 2.194 124 120 108
3.685 11.225 2.194 124 120 108
3.689 11.083 2.196 123 119 107
3.737 11.253 2.193 125 123 110
3.735 10.937 2.196 123 120 105
3.777 10.953 2.195 122 118 106
3.658 11.108 2.196 126 118 107
3.731 11.210 2.193 124 122 110
3.739 11.111 2.194 126 120 108
3.728 10.979 2.196 126 120 106
3.732 11.143 2.194 123 119 107
3.721 11.126 2.194 126 120 108
3.766 11.097 2.194 126 120 108
3.663 11.406 2.193 123 119 107
3.714 11.407 2.192 122 118 106
3.715 11.396 2.192 121 119 106
3.734 11.216 2.193 124 120 109
3.702 11.210 2.194 123 121 109
3.724 11.188 2.194 124 120 108
3.654 11.079 2.196 123 120 105
3.679 11.417 2.192 121 117 105
3.714 11.060 2.195 125 122 105
3.654 11.014 2.197 123 119 108
3.705 11.429 2.192 123 115 102
3.771 11.106 2.193 123 119 108
3.742 11.172 2.193 123 119 108
3.715 11.232 2.193 122 123 109
3.725 11.127 2.194 126 120 108
3.710 10.982 2.196 123 119 107
3.737 10.964 2.196 123 120 105
3.771 11.088 2.194 124 120 108
3.716 11.010 2.196 126 118 105
3.684 11.286 2.194 125 121 110
3.694 11.128 2.195 122 118 107
3.716 11.214 2.194 120 120 108
3.705 11.103 2.195 124 120 108
3.677 11.304 2.194 124 120 111
3.669 11.149 2.195 125 119 107
3.795 10.909 2.195 123 117 105
3.741 10.995 2.195 123 120 105
3.710 11.313 2.193 125 121 109
3.707 11.333 2.193 124 120 108
3.690 11.193 2.194 124 120 108
3.705 11.071 2.195 125 122 107
3.698 11.028 2.196 126 118 107
3.710 11.353 2.192 125 119 107
3.745 11.164 2.193 124 120 109
3.657 11.287 2.194 123 119 108
3.721 11.060 2.195 125 122 105
3.661 11.354 2.193 123 121 108
3.691 11.038 2.196 127 119 108
3.696 11.189 2.194 124 120 108
3.740 11.092 2.194 123 119 107
3.672 11.363 2.193 124 120 109
3.668 11.328 2.194 123 120 111
3.685 11.176 2.195 125 121 109
3.742 10.976 2.195 123 120 105
3.713 10.985 2.196 125 119 107
3.755 11.203 2.193 127 120 110
3.684 11.254 2.194 124 120 109
3.732 11.159 2.194 123 119 107
3.708 11.310 2.193 125 123 110
3.673 11.015 2.197 123 119 107
3.658 11.056 2.196 124 121 106
3.714 10.957 2.196 123 120 105
3.666 11.381 2.193 126 120 108
3.701 11.432 2.192 123 115 102
3.723 10.952 2.196 123 120 105
3.760 10.921 2.196 122 119 102
3.696 11.004 2.196 125 119 107
3.704 11.043 2.196 126 120 106
3.721 11.401 2.192 123 119 107
3.682 11.030 2.196 125 119 107
3.765 10.990 2.195 122 118 106
3.670 10.998 2.197 122 118 106
3.720 11.305 2.193 124 120 108
3.753 11.033 2.195 122 120 105
3.661 11.183 2.195 127 121 109
3.700 11.230 2.194 124 122 109
3.747 10.936 2.196 123 120 105
3.676 11.156 2.195 123 119 107
3.732 11.177 2.194 123 119 107
3.666 11.265 2.194 124 120 111
3.657 11.378 2.193 123 119 107
3.773 11.037 2.194 123 121 108
3.695 11.199 2.194 123 119 107
3.729 11.149 2.194 124 120 108
3.658 11.403 2.193 123 119 107
3.721 11.056 2.195 127 119 106
3.768 10.992 2.195 123 119 107
3.728 11.406 2.192 124 121 106
3.663 11.323 2.194 123 121 109
3.718 11.281 2.193 125 123 110
3.667 11.295 2.194 124 120 111
3.663 11.154 2.195 127 121 109
3.731 11.292 2.193 124 120 108
3.719 10.997 2.196 125 119 107
3.693 11.296 2.193 124 120 108
3.681 11.179 2.195 124 120 108
3.779 11.043 2.194 123 121 108
3.744 11.162 2.194 124 120 109
3.660 11.125 2.196 126 118 107
3.654 11.033 2.197 119 121 107
3.760 11.179 2.193 125 121 109
3.703 11.337 2.193 124 120 108
3.720 11.370 2.192 126 120 108
3.694 11.220 2.194 125 121 109
3.790 10.913 2.195 121 118 103
3.654 11.327 2.194 123 121 108
3.759 11.036 2.194 122 120 105
3.676 11.040 2.196 123 119 107
3.687 10.994 2.196 125 119 107
3.679 11.202 2.195 126 120 106
3.738 11.159 2.194 123 119 107
3.686 11.327 2.193 124 120 109
3.734 11.085 2.194 124 121 106
3.725 11.077 2.195 125 122 107
3.677 11.339 2.193 122 119 110
3.772 10.967 2.195 122 118 106
3.685 11.130 2.195 124 117 107
3.656 11.037 2.197 120 121 107
3.674 11.295 2.194 124 120 111
3.698 11.172 2.194 124 120 108
3.665 11.248 2.194 127 120 110
3.686 11.188 2.195 125 121 109
3.711 11.226 2.194 124 122 109
3.681 11.168 2.195 124 120 108
3.707 11.326 2.193 125 121 109
3.731 11.321 2.192 126 120 106
3.748 10.908 2.196 123 117 101
3.763 10.991 2.195 122 118 106
3.659 11.428 2.193 119 116 101
3.749 11.024 2.195 123 120 105
3.687 11.249 2.194 124 120 109
3.708 11.352 2.192 125 119 107
3.714 10.950 2.196 123 120 105
3.745 11.256 2.193 124 120 108
3.748 10.965 2.195 123 120 105
3.720 11.225 2.193 122 123 109
3.675 11.352 2.193 123 121 109
3.659 11.330 2.194 123 121 109
3.697 11.036 2.196 127 119 108
3.720 11.043 2.195 127 119 106
3.743 10.975 2.195 122 119 104
3.727 11.068 2.195 124 121 106
3.743 11.001 2.195 123 120 105
3.795 10.908 2.195 123 117 105
3.665 11.283 2.194 124 120 111
3.680 11.295 2.194 124 120 111
3.655 11.356 2.194 123 121 108
3.712 11.142 2.194 123 119 108
3.704 11.290 2.193 127 121 109
3.655 11.314 2.194 124 120 108
3.736 10.919 2.196 123 117 103
3.662 11.246 2.195 126 119 109
3.751 11.039 2.195 122 120 105
3.716 11.018 2.196 127 119 106
3.663 11.140 2.196 127 119 108
3.688 11.210 2.194 125 122 107
3.735 11.195 2.193 125 121 109
3.661 11.131 2.196 128 120 109
3.670 11.135 2.195 126 120 108
3.728 10.927 2.196 122 119 104
3.712 11.325 2.193 124 120 108
3.660 11.294 2.194 123 119 108
3.722 10.935 2.196 122 120 105
3.701 11.350 2.193 125 119 107
3.672 11.178 2.195 127 121 109
3.655 11.403 2.193 122 118 106
3.702 11.031 2.196 127 121 107
3.731 11.058 2.195 124 121 104
3.780 10.877 2.195 123 117 103
3.696 11.358 2.193 125 121 110
3.699 11.000 2.196 125 119 107
3.700 10.960 2.196 122 119 104
3.710 11.032 2.196 128 120 107
3.701 11.194 2.194 124 121 106
3.752 11.048 2.194 122 120 105
3.696 11.246 2.194 125 121 110
3.791 10.895 2.195 124 118 106
3.732 11.111 2.194 126 120 108
3.685 11.253 2.194 124 120 109
3.700 11.256 2.194 125 121 109
3.724 11.212 2.193 122 122 110
3.669 11.295 2.194 124 120 111
3.737 11.342 2.192 127 120 104
3.727 11.182 2.194 123 119 107
3.717 11.154 2.194 124 120 108
3.675 11.301 2.194 124 120 111
3.702 11.067 2.195 125 122 107
3.689 11.329 2.193 125 121 110
3.688 11.013 2.196 123 119 108
3.721 11.092 2.195 124 120 108
3.744 11.295 2.192 126 120 108
3.730 10.933 2.196 122 119 104
3.750 11.182 2.193 124 120 108
3.665 11.034 2.197 120 121 107
3.685 11.223 2.194 125 121 109
3.657 11.215 2.195 128 122 108
3.668 11.300 2.194 126 119 111
3.667 11.115 2.196 125 119 107
3.694 11.400 2.192 122 118 106
3.761 10.968 2.195 122 119 104
3.703 11.117 2.195 125 118 108
3.769 10.894 2.196 123 117 103
3.700 11.340 2.193 124 120 109
3.771 11.090 2.194 124 120 108
3.752 11.220 2.193 128 121 111
3.732 11.293 2.193 124 120 108
3.785 10.993 2.194 122 118 106
3.710 11.008 2.196 123 119 107
3.780 11.036 2.194 123 121 108
3.661 11.212 2.195 127 121 107
3.655 11.287 2.194 123 119 108
3.721 11.356 2.192 125 119 107
3.769 11.042 2.194 124 122 109
3.668 11.159 2.195 126 120 108
3.690 11.157 2.195 124 120 108
3.738 11.141 2.194 123 119 107
3.751 11.182 2.193 124 120 108
3.751 11.154 2.193 123 119 107
3.704 10.959 2.196 122 119 104
3.667 11.036 2.196 122 120 107
3.735 11.011 2.195 126 120 106
3.719 11.036 2.195 127 119 106
3.742 10.950 2.196 125 119 105
3.714 11.150 2.194 125 121 110
3.707 11.071 2.195 125 122 107
3.666 11.154 2.195 126 120 108
3.736 11.333 2.192 126 120 104
3.740 10.961 2.196 123 120 105
3.668 11.397 2.193 124 120 109
3.697 11.015 2.196 125 119 107
3.730 11.309 2.192 124 120 108
3.726 11.103 2.194 124 120 108
3.729 11.140 2.194 124 120 108
3.723 11.193 2.194 125 121 109
3.761 11.139 2.193 127 120 110
3.689 11.203 2.194 123 120 105
3.703 11.370 2.192 122 118 106
3.720 10.975 2.196 125 119 107
3.747 11.149 2.194 123 119 107
3.676 11.429 2.192 119 116 101
3.773 11.088 2.194 124 120 108
3.679 11.319 2.193 124 120 111
3.740 11.256 2.193 125 121 109
3.657 11.324 2.194 122 120 107
3.707 11.378 2.192 123 119 107
3.797 10.875 2.195 121 117 105
3.738 11.327 2.192 126 120 104
3.695 11.272 2.194 124 120 108
3.680 11.119 2.195 125 119 107
3.724 10.941 2.196 122 120 105
3.705 11.421 2.192 123 117 103
3.685 11.154 2.195 124 120 108
3.676 11.264 2.194 125 121 112
3.730 10.943 2.196 124 121 106
3.712 11.274 2.193 125 121 109
3.664 11.062 2.196 124 121 106
3.723 11.216 2.193 121 121 109
3.683 11.206 2.194 124 121 106
3.788 10.963 2.194 122 118 107
3.735 11.030 2.195 126 120 106
3.752 10.983 2.195 122 119 104
3.723 10.961 2.196 125 119 107
3.678 11.088 2.196 125 119 107
3.742 10.938 2.196 123 120 105
3.708 11.390 2.192 122 118 106
3.687 11.404 2.192 121 117 105
3.710 10.951 2.196 123 120 105
3.695 10.995 2.196 125 119 107
3.754 11.047 2.194 122 120 105
3.660 11.023 2.197 122 120 107
3.666 11.152 2.195 127 119 108
3.749 11.061 2.194 121 119 106
3.711 11.178 2.194 124 121 106
3.663 11.364 2.193 123 119 107
3.691 11.217 2.194 125 121 109
3.799 10.870 2.195 126 120 108
3.739 11.169 2.194 124 120 109
3.700 11.113 2.195 126 119 109
3.680 11.408 2.193 121 117 105
3.714 11.399 2.192 121 119 106
3.735 11.214 2.193 124 120 109
3.719 11.362 2.192 125 119 107
3.670 11.141 2.195 125 119 107
3.674 11.314 2.194 124 120 111
3.710 10.969 2.196 123 119 107
3.678 11.031 2.196 123 119 107
3.728 11.149 2.194 124 120 108
3.783 10.947 2.195 122 118 106
3.731 11.343 2.192 125 119 103
3.770 10.930 2.195 124 121 106
3.724 11.194 2.194 125 121 109
3.691 11.008 2.196 125 119 107
3.722 11.103 2.195 124 120 108
3.693 11.266 2.194 124 120 108
3.679 11.152 2.195 125 119 107
3.657 11.137 2.196 127 119 108
3.751 11.020 2.195 123 120 105
3.742 11.089 2.194 123 120 105
3.661 11.272 2.194 124 120 109
3.682 11.287 2.194 124 120 109
3.766 11.111 2.194 126 119 109
3.655 11.075 2.196 123 120 105
3.764 11.039 2.194 123 121 108
3.703 10.990 2.196 122 118 106
3.738 11.244 2.193 125 121 109
3.748 11.112 2.194 126 120 108
3.731 11.126 2.194 126 120 108
3.655 11.254 2.195 124 120 109
3.703 11.226 2.194 124 122 109
3.757 10.999 2.195 122 119 104
3.678 11.052 2.196 123 120 105
3.786 10.983 2.194 123 119 107
3.719 11.278 2.193 125 123 110
3.775 11.074 2.194 122 120 107
3.686 10.994 2.196 125 119 107
3.692 11.282 2.194 125 121 109
3.711 10.976 2.196 123 119 107
3.684 11.301 2.193 124 120 111
3.686 11.107 2.195 125 118 108
3.687 11.342 2.193 123 119 108
3.768 10.879 2.196 124 118 104
3.794 11.052 2.198 123 121 109
3.788 11.202 2.200 123 121 109
3.757 11.264 2.194 126 120 108
3.791 11.408 2.207 127 127 117
3.778 11.350 2.202 122 123 105
3.749 11.338 2.194 124 120 109
3.763 11.192 2.194 125 121 109
3.741 11.416 2.195 124 121 106
3.745 11.393 2.195 127 121 105
3.764 11.331 2.198 125 121 109
3.781 11.283 2.201 123 119 107
3.770 11.294 2.199 122 119 104
3.788 11.406 2.206 126 126 116
3.788 11.175 2.200 125 121 109
3.751 11.257 2.192 126 119 109
3.765 11.199 2.194 125 121 109
3.791 11.138 2.200 125 122 105
3.784 11.138 2.198 124 121 106
3.767 11.306 2.198 125 119 105
3.783 11.033 2.195 123 121 108
3.768 11.353 2.200 124 122 110
3.792 11.204 2.202 125 123 111
3.783 11.335 2.203 123 119 110
3.756 11.418 2.198 124 122 107
3.769 11.164 2.195 125 121 109
3.787 11.407 2.206 126 126 116
3.778 11.384 2.203 122 123 105
3.769 11.318 2.199 122 118 106
3.773 11.274 2.199 123 120 105
3.797 11.151 2.201 126 124 109
3.760 11.311 2.197 127 121 109
3.794 11.021 2.197 124 120 109
3.766 11.144 2.193 127 120 110
3.793 11.388 2.207 117 114 107
3.782 11.032 2.194 123 121 108
3.773 11.097 2.194 124 120 108
3.759 11.417 2.199 124 122 107
3.766 11.193 2.195 125 121 109
3.772 11.335 2.200 125 121 109
3.776 11.170 2.197 125 121 109
3.754 11.252 2.193 125 118 108
3.754 11.254 2.193 125 118 108
3.772 11.214 2.197 125 122 107
3.797 11.256 2.204 119 121 110
3.793 11.150 2.200 124 121 104
3.766 11.228 2.196 123 119 107
3.788 11.065 2.197 123 121 108
3.792 11.061 2.198 123 121 108
3.785 11.053 2.196 123 121 108
3.786 11.149 2.199 124 121 106
3.767 11.207 2.195 124 120 108
3.768 11.292 2.198 126 120 108
3.754 11.413 2.198 125 121 109
3.784 11.019 2.194 124 120 108
3.788 11.291 2.203 124 120 109
3.794 10.954 2.195 122 118 107
3.782 11.422 2.205 126 126 114
3.729 11.433 2.192 126 120 108
3.741 11.392 2.194 127 121 107
3.761 11.289 2.196 126 120 108
3.791 11.430 2.208 127 127 117
3.792 11.049 2.197 123 121 109
3.778 11.165 2.197 124 120 108
3.772 11.225 2.197 125 122 107
3.741 11.348 2.193 128 120 107
3.792 11.174 2.201 125 121 109
3.789 11.423 2.207 127 127 117
3.737 11.432 2.194 125 121 109
3.786 11.130 2.198 124 121 106
3.793 11.415 2.208 128 128 118
3.783 11.331 2.203 124 120 111
3.753 11.331 2.195 124 120 109
3.752 11.436 2.198 125 122 105
3.799 10.927 2.196 120 116 104
3.785 11.209 2.200 122 120 107
3.765 11.270 2.196 127 121 109
3.793 11.084 2.199 123 121 108
3.785 11.411 2.206 125 125 113
3.798 11.007 2.198 124 118 102
3.788 11.220 2.201 124 122 110
3.796 11.151 2.201 126 124 109
3.792 11.136 2.200 125 122 105
3.756 11.353 2.196 126 122 111
3.766 11.170 2.194 125 121 109
3.781 11.053 2.195 122 120 107
3.794 11.165 2.201 125 121 109
3.795 11.287 2.205 124 120 109
3.795 10.979 2.196 123 119 108
3.733 11.412 2.192 125 122 107
3.793 11.314 2.205 123 116 108
3.779 11.156 2.197 125 121 109
3.786 11.333 2.204 123 119 110
3.779 11.324 2.202 124 120 109
3.758 11.311 2.196 128 122 110
3.786 11.153 2.199 124 120 108
3.783 11.355 2.204 121 119 106
3.736 11.387 2.192 127 121 107
3.785 11.346 2.204 118 116 103
3.785 11.305 2.203 124 117 107
3.775 11.087 2.194 124 120 108
3.732 11.409 2.192 125 122 107
3.796 11.366 2.207 118 116 104
3.778 11.139 2.196 124 120 108
3.755 11.320 2.195 125 121 109
3.787 11.304 2.203 123 116 106
3.793 11.162 2.201 125 121 109
3.766 11.259 2.197 127 121 109
3.780 11.194 2.198 124 120 108
3.799 10.907 2.195 120 118 106
3.794 11.181 2.201 126 122 110
3.791 11.253 2.203 126 122 111
3.737 11.420 2.194 124 120 108
3.792 11.048 2.197 123 121 109
3.781 11.161 2.198 124 120 108
3.770 11.273 2.198 125 122 107
3.753 11.398 2.197 126 122 111
3.737 11.405 2.193 125 122 107
3.754 11.350 2.196 126 122 111
3.782 11.309 2.202 124 118 106
3.739 11.370 2.193 128 122 108
3.792 11.402 2.207 120 120 110
3.763 11.297 2.197 126 120 106
3.798 11.145 2.202 127 125 110
3.794 11.170 2.201 123 119 107
3.776 11.274 2.199 123 119 107
3.797 10.997 2.197 125 119 103
3.768 11.340 2.199 124 120 108
3.784 11.119 2.197 124 121 106
3.761 11.408 2.199 124 122 107
3.782 11.063 2.195 123 121 108
3.790 11.157 2.200 123 119 107
3.769 11.174 2.195 125 121 109
3.775 11.179 2.196 124 120 108
3.765 11.305 2.198 124 118 104
3.797 11.271 2.205 124 120 108
3.792 11.190 2.201 126 122 110
3.786 11.275 2.202 124 120 109
3.774 11.356 2.201 121 122 106
3.765 11.173 2.194 125 121 109
3.742 11.402 2.194 127 121 107
3.748 11.434 2.197 125 122 105
3.769 11.414 2.202 124 122 107
3.756 11.280 2.195 127 121 109
3.771 11.129 2.194 124 120 109
3.784 11.096 2.197 123 121 108
3.785 11.038 2.195 123 121 108
3.785 11.412 2.206 125 125 113
3.792 11.219 2.202 122 120 108
3.786 11.379 2.205 124 122 110
3.754 11.397 2.197 126 122 111
3.776 11.105 2.195 123 119 107
3.762 11.382 2.199 125 123 111
3.780 11.430 2.205 126 126 114
3.757 11.222 2.193 127 121 109
3.787 11.144 2.199 124 121 106
3.783 11.399 2.205 124 124 112
3.759 11.428 2.199 125 124 106
3.775 11.340 2.201 125 121 110
3.771 11.115 2.194 125 121 110
3.796 11.175 2.202 125 125 117
3.788 11.071 2.197 123 121 108
3.782 11.042 2.194 123 121 108
3.760 11.238 2.194 125 121 109
3.781 11.244 2.200 124 120 108
3.786 11.061 2.196 123 121 108
3.777 11.308 2.201 125 119 107
3.779 11.207 2.198 124 120 108
3.784 11.276 2.202 124 120 108
3.771 11.314 2.199 125 119 105
3.794 11.256 2.204 122 118 107
3.741 11.327 2.192 126 120 104
3.772 11.354 2.201 121 122 106
3.796 11.207 2.203 128 124 115
3.799 10.939 2.196 120 116 104
3.771 11.125 2.194 125 121 110
3.708 10.787 2.196 122 116 102
3.656 10.988 2.197 122 120 107
3.704 10.874 2.196 123 117 103
3.734 10.851 2.196 123 117 103
3.664 10.904 2.196 126 120 104
3.715 10.814 2.196 121 118 103
3.690 10.828 2.196 123 117 101
3.717 10.902 2.196 124 118 104
3.737 10.798 2.196 123 115 102
3.702 10.948 2.196 122 120 105
3.671 10.871 2.196 123 117 103
3.729 10.843 2.196 123 117 103
3.674 10.920 2.196 124 118 102
3.661 10.824 2.196 123 117 101
3.743 10.904 2.196 124 118 104
3.657 10.941 2.197 123 119 107
3.721 10.868 2.196 124 118 104
3.715 10.850 2.196 122 116 102
3.764 10.870 2.196 124 118 104
3.711 10.809 2.196 120 117 102
3.665 10.937 2.197 123 120 105
3.754 10.815 2.196 124 116 103
3.785 10.833 2.195 122 116 104
3.695 10.800 2.196 120 117 100
3.656 10.825 2.196 123 117 101
3.676 10.788 2.196 124 118 102
3.726 10.851 2.196 123 117 103
3.702 10.835 2.196 123 117 103
3.781 10.848 2.196 123 117 105
3.691 10.953 2.196 122 120 105
3.679 10.972 2.197 122 120 107
3.694 10.875 2.196 123 117 101
3.684 10.873 2.196 123 117 103
3.673 10.884 2.196 123 117 105
3.693 10.839 2.196 123 117 101
3.724 10.827 2.196 123 117 101
3.722 10.875 2.196 124 118 104
3.685 10.908 2.196 125 120 101
3.757 10.827 2.196 123 117 103
3.750 10.882 2.196 124 118 102
3.705 10.788 2.196 122 116 102
3.663 10.877 2.196 125 119 107
3.747 10.848 2.196 123 117 103
3.656 10.801 2.196 123 117 101
3.739 10.807 2.196 123 117 103
3.706 10.904 2.196 124 118 104
3.734 10.905 2.196 124 118 104
3.670 10.884 2.196 123 117 105
3.689 10.805 2.196 120 117 102
3.727 10.792 2.196 124 116 103
3.699 10.930 2.196 123 120 103
3.678 10.817 2.196 122 116 100
3.777 10.854 2.196 121 117 105
3.714 10.808 2.196 120 117 102
3.681 10.835 2.196 123 117 101
3.663 10.956 2.197 122 118 106
3.691 10.909 2.196 125 120 101
3.770 10.834 2.196 119 115 103
3.778 10.852 2.196 121 117 105
3.672 10.857 2.196 123 117 101
3.781 10.843 2.196 124 118 106
3.678 10.935 2.196 123 120 105
3.791 10.828 2.195 123 115 102
3.745 10.897 2.196 123 117 103
3.694 10.897 2.196 124 118 102
3.722 10.853 2.196 123 117 103
3.665 10.985 2.197 122 120 107
3.696 10.958 2.196 122 120 105
3.705 10.844 2.196 123 117 103
3.704 10.891 2.196 123 117 103
3.792 10.835 2.195 124 116 103
3.716 10.796 2.196 121 115 101
3.702 10.905 2.196 124 118 104
3.676 10.971 2.197 122 120 107
3.674 10.814 2.196 122 116 102
3.712 10.912 2.196 124 118 104
3.671 10.795 2.196 123 117 101
3.750 10.832 2.196 123 116 100
3.701 10.847 2.196 123 117 103
3.664 10.923 2.197 123 117 103
3.712 10.787 2.196 122 116 102
3.719 10.923 2.196 122 119 104
3.738 10.846 2.196 123 117 103
3.747 10.846 2.196 123 117 103
3.683 10.895 2.196 124 118 104
3.712 10.928 2.196 121 119 104
3.750 10.895 2.196 123 117 101
3.767 10.819 2.196 120 116 104
3.732 10.883 2.196 124 118 104
3.721 10.855 2.196 123 117 103
3.719 10.880 2.196 124 118 104
3.677 10.909 2.196 124 119 100
3.773 10.834 2.196 120 116 104
3.745 10.850 2.196 123 117 103
3.716 10.807 2.196 122 116 102
3.660 11.000 2.197 124 120 108
3.660 10.841 2.196 123 117 101
3.704 10.791 2.196 122 116 102
3.761 10.857 2.196 124 118 104
3.722 10.912 2.196 123 117 103
3.740 10.903 2.196 124 118 104
3.724 10.797 2.196 121 115 101
3.753 10.804 2.196 124 116 103
3.677 10.835 2.196 123 117 101
3.765 10.846 2.196 121 117 105
3.677 10.824 2.196 123 117 101
3.778 10.856 2.196 121 117 105
3.679 10.928 2.196 123 120 103
3.712 10.933 2.196 122 120 105
3.725 10.812 2.196 123 117 103
3.705 10.808 2.196 120 117 102
3.784 10.824 2.195 122 116 104
3.746 10.866 2.196 124 118 104
3.716 10.877 2.196 124 118 104
3.758 10.810 2.196 124 116 103
3.719 10.867 2.196 123 117 103
3.701 10.899 2.196 124 118 104
3.713 10.850 2.196 123 117 103
3.662 10.871 2.196 125 119 105
3.662 10.964 2.197 120 121 107
3.715 10.886 2.196 124 118 104
3.669 10.827 2.196 123 117 101
3.686 10.911 2.196 125 120 101
3.676 10.933 2.196 123 120 103
3.674 10.827 2.196 123 117 101
3.691 10.897 2.196 124 118 102
3.741 10.849 2.196 123 117 103
3.773 10.867 2.196 123 117 103
3.747 10.868 2.196 124 118 104
3.687 10.846 2.196 123 117 101
3.694 10.802 2.196 120 117 100
3.688 10.804 2.196 120 117 100
3.708 10.919 2.196 123 120 105
3.710 10.906 2.196 124 118 104
3.656 10.797 2.196 123 117 101
3.677 10.827 2.196 123 117 101
3.698 10.940 2.196 122 121 103
3.661 10.930 2.197 124 118 104
3.707 10.847 2.196 123 117 103
3.715 10.818 2.196 123 117 101
3.671 10.967 2.197 122 120 107
3.765 10.821 2.196 120 116 104
3.687 10.924 2.196 123 120 103
3.659 10.991 2.197 122 120 107
3.757 10.884 2.196 124 118 104
3.657 11.004 2.197 124 120 108
3.716 10.809 2.196 122 116 102
3.658 10.946 2.197 123 119 107
3.751 10.876 2.196 124 118 102
3.670 10.895 2.196 125 119 105
3.738 10.856 2.196 123 117 103
3.707 10.813 2.196 120 117 102
3.747 10.838 2.196 123 117 103
3.769 10.866 2.196 123 117 103
3.725 10.810 2.196 122 116 102
3.690 10.849 2.196 123 117 101
3.733 10.845 2.196 123 117 103
3.675 10.855 2.196 123 117 101
3.733 10.868 2.196 124 118 104
3.680 10.911 2.196 124 119 100
3.655 10.789 2.196 124 118 102
3.662 10.975 2.197 122 120 107
3.706 10.901 2.196 124 118 104
3.654 10.975 2.197 121 119 106
3.659 10.783 2.196 123 117 101
3.655 10.897 2.196 125 119 107
3.674 10.786 2.196 123 117 101
3.654 10.813 2.196 123 117 103
3.669 10.979 2.197 122 120 107
3.695 10.909 2.196 125 120 101
3.710 10.882 2.196 124 118 104
3.665 10.900 2.196 125 119 105
3.747 10.872 2.196 125 119 105
3.673 10.769 2.196 123 118 99
3.785 10.849 2.196 124 118 106
3.666 10.794 2.196 123 117 101
3.682 10.900 2.196 124 118 102
3.727 10.878 2.196 123 117 103
3.740 10.831 2.196 123 117 101
3.675 10.769 2.196 123 118 99
3.706 10.891 2.196 124 118 104
3.738 10.870 2.196 124 118 104
3.725 10.874 2.196 124 118 104
3.670 10.816 2.196 122 116 102
3.691 10.818 2.196 122 116 100
3.669 10.921 2.196 124 118 102
3.719 10.534 2.196 118 112 96
3.668 10.359 2.196 121 116 96
3.667 10.621 2.196 123 116 97
3.777 10.172 2.196 111 106 84
3.799 10.491 2.196 113 110 95
3.785 10.615 2.196 118 112 96
3.728 10.516 2.196 116 113 96
3.779 10.548 2.196 117 109 98
3.755 10.505 2.196 117 110 94
3.714 10.623 2.196 121 114 96
3.667 10.218 2.197 119 112 93
3.746 10.635 2.196 119 113 97
3.741 10.481 2.196 118 111 95
3.755 10.420 2.196 116 109 93
3.791 10.746 2.196 120 114 102
3.661 10.440 2.196 122 115 96
3.709 10.203 2.197 114 109 87
3.755 10.517 2.196 118 111 95
3.740 10.473 2.196 119 110 95
3.757 10.385 2.196 112 109 90
3.791 10.675 2.196 119 111 98
3.786 10.582 2.196 117 111 99
3.756 10.763 2.196 121 113 100
3.798 10.619 2.196 115 111 100
3.734 10.624 2.196 121 114 98
3.723 10.630 2.196 121 114 98
3.694 10.163 2.197 117 111 89
3.685 10.302 2.196 120 113 94
3.789 10.643 2.196 120 113 97
3.798 10.262 2.196 105 102 85
3.757 10.598 2.196 119 113 97
3.724 10.289 2.196 116 109 90
3.727 10.382 2.196 118 111 93
3.719 10.397 2.196 118 111 95
3.721 10.487 2.196 115 112 95
3.797 10.203 2.196 108 103 84
3.707 10.157 2.197 116 112 87
3.683 10.656 2.196 122 115 97
3.710 10.552 2.196 118 115 96
3.712 10.709 2.196 123 116 100
3.784 10.336 2.196 113 106 90
3.659 10.399 2.196 122 115 96
3.694 10.656 2.196 123 116 100
3.686 10.391 2.196 120 113 95
3.693 10.398 2.196 119 112 94
3.738 10.317 2.196 116 109 91
3.785 10.191 2.196 109 104 84
3.737 10.525 2.196 119 113 97
3.694 10.510 2.196 120 114 98
3.795 10.474 2.196 116 109 93
3.775 10.251 2.196 109 104 85
3.710 10.202 2.197 114 109 87
3.771 10.532 2.196 117 109 96
3.727 10.507 2.196 116 113 96
3.687 10.388 2.196 120 113 95
3.704 10.271 2.196 117 110 91
3.774 10.340 2.196 112 106 90
3.729 10.777 2.196 122 114 101
3.781 10.528 2.196 117 110 94
3.752 10.779 2.196 122 114 101
3.663 10.224 2.197 118 111 92
3.706 10.437 2.196 119 112 94
3.690 10.185 2.197 117 110 91
3.749 10.334 2.196 115 108 90
3.696 10.581 2.196 120 113 97
3.714 10.378 2.196 118 111 93
3.763 10.719 2.196 121 114 98
3.726 10.406 2.196 117 110 92
3.699 10.167 2.197 117 111 89
3.677 10.245 2.197 118 111 92
3.788 10.734 2.196 120 114 102
3.692 10.463 2.196 120 113 95
3.698 10.498 2.196 120 113 97
3.697 10.158 2.197 117 111 89
3.762 10.638 2.196 115 114 96
3.667 10.275 2.197 119 112 93
3.791 10.569 2.196 116 110 98
3.791 10.564 2.196 116 110 98
3.727 10.425 2.196 117 110 92
3.695 10.265 2.196 117 112 92
3.710 10.259 2.196 116 109 90
3.676 10.185 2.197 115 108 89
3.748 10.661 2.196 120 114 98
3.775 10.782 2.196 122 116 102
3.722 10.295 2.196 117 110 91
3.708 10.512 2.196 120 113 97
3.797 10.130 2.196 106 101 82
3.732 10.357 2.196 118 111 93
3.664 10.731 2.196 124 118 102
3.696 10.694 2.196 122 117 98
3.758 10.427 2.196 116 109 93
3.723 10.319 2.196 118 111 93
3.682 10.507 2.196 120 115 96
3.725 10.212 2.196 114 109 87
3.740 10.394 2.196 116 109 91
3.682 10.427 2.196 120 113 95
3.712 10.441 2.196 118 111 93
3.788 10.181 2.196 109 104 84
3.715 10.757 2.196 122 115 97
3.685 10.289 2.196 119 112 93
3.786 10.444 2.196 114 107 91
3.672 10.366 2.196 120 115 95
3.705 10.770 2.196 122 114 101
3.714 10.332 2.196 118 111 93
3.749 10.362 2.196 115 108 90
3.746 10.291 2.196 115 108 89
3.722 10.376 2.196 118 111 93
3.717 10.528 2.196 118 112 96
3.794 10.324 2.196 111 104 86
3.772 10.591 2.196 118 112 98
3.752 10.370 2.196 116 109 91
3.699 10.614 2.196 122 115 99
3.790 10.724 2.196 119 113 101
3.768 10.193 2.196 111 106 86
3.780 10.613 2.196 118 112 96
3.698 10.425 2.196 119 112 94
3.790 10.781 2.195 121 115 101
3.659 10.567 2.196 123 116 97
3.707 10.760 2.196 123 116 98
3.777 10.148 2.196 110 105 83
3.660 10.335 2.196 124 116 97
3.700 10.232 2.196 117 110 92
3.715 10.203 2.196 115 110 88
3.760 10.529 2.196 117 109 96
3.700 10.586 2.196 120 113 97
3.680 10.705 2.196 123 118 99
3.667 10.595 2.196 120 113 94
3.743 10.200 2.196 113 108 86
3.673 10.527 2.196 121 116 97
3.741 10.222 2.196 114 109 89
3.696 10.239 2.197 117 110 92
3.746 10.717 2.196 121 113 100
3.701 10.592 2.196 121 114 98
3.769 10.248 2.196 111 106 86
3.743 10.388 2.196 116 109 90
3.737 10.751 2.196 122 114 101
3.694 10.359 2.196 118 113 93
3.775 10.542 2.196 117 109 98
3.784 10.155 2.196 109 104 84
3.752 10.441 2.196 116 109 93
3.790 10.656 2.196 118 112 96
3.793 10.514 2.196 116 109 93
3.794 10.800 2.195 121 115 101
3.664 10.200 2.197 118 111 92
3.751 10.128 2.196 110 105 86
3.672 10.702 2.196 124 119 100
3.736 10.603 2.196 120 113 97
3.735 10.392 2.196 117 110 92
3.735 10.495 2.196 117 111 95
3.778 10.291 2.196 113 106 87
3.739 10.201 2.196 113 108 86
3.677 10.362 2.196 120 115 95
3.740 10.712 2.196 121 113 100
3.716 10.615 2.196 121 114 96
3.695 10.651 2.196 123 116 100
3.713 10.171 2.197 114 110 85
3.763 10.789 2.196 123 115 102
3.761 10.526 2.196 117 110 94
3.737 10.476 2.196 119 110 95
3.795 10.149 2.196 108 103 84
3.742 10.509 2.196 118 111 95
3.732 10.224 2.196 114 109 89
3.701 10.306 2.196 118 113 93
3.766 10.702 2.196 121 114 98
3.654 10.714 2.196 124 119 100
3.739 10.168 2.196 112 107 87
3.712 10.276 2.196 117 110 91
3.722 10.340 2.196 118 111 93
3.704 10.460 2.196 119 112 94
3.743 10.547 2.196 114 111 96
3.775 10.294 2.196 113 106 87
3.767 10.697 2.196 121 113 100
3.797 10.522 2.196 114 107 91
3.728 10.598 2.196 120 113 97
3.752 10.272 2.196 113 108 88
3.655 10.367 2.196 122 117 97
3.796 10.538 2.196 117 109 98
3.749 10.453 2.196 115 109 93
3.762 10.442 2.196 115 108 92
3.727 10.699 2.196 122 115 99
3.690 10.420 2.196 119 112 94
3.722 10.149 2.197 114 109 87
3.682 10.528 2.196 121 116 97
3.676 10.628 2.196 123 116 98
3.791 10.617 2.196 117 111 95
3.772 10.599 2.196 118 112 96
3.711 10.717 2.196 123 116 98
3.733 10.559 2.196 119 113 97
3.681 10.297 2.196 120 113 94
3.695 10.582 2.196 120 113 97
3.685 10.564 2.196 120 115 96
3.673 10.251 2.197 119 112 93
3.758 10.212 2.196 110 105 85
3.728 10.685 2.196 122 115 99
3.793 10.598 2.196 116 110 96
3.665 10.610 2.196 122 115 96
3.722 10.443 2.196 118 111 93
3.778 10.154 2.196 110 105 83
3.759 10.495 2.196 117 110 92
3.793 10.433 2.196 114 107 91
3.738 10.302 2.196 116 109 90
3.686 10.408 2.196 120 113 95
3.772 10.236 2.196 110 105 85
3.690 10.731 2.196 123 115 102
3.704 10.192 2.197 115 111 86
3.675 10.201 2.197 118 111 92
3.761 10.221 2.196 110 105 85
3.725 10.340 2.196 118 111 93
3.659 10.223 2.197 119 112 93
3.696 10.302 2.196 119 114 94
3.756 10.791 2.196 123 115 102
3.683 10.339 2.196 120 115 95
3.767 10.719 2.196 120 112 99
3.732 10.375 2.196 118 111 93
3.722 10.540 2.196 116 113 96
3.720 10.651 2.196 121 114 96
3.734 10.424 2.196 116 109 93
3.741 10.766 2.196 122 114 103
3.786 10.627 2.196 117 111 95
3.756 10.133 2.196 110 105 85
3.760 10.466 2.196 115 108 92
3.739 10.480 2.196 117 111 95
3.711 10.359 2.196 119 112 94
3.668 10.675 2.196 123 118 99
3.701 10.266 2.196 116 111 91
3.784 10.373 2.196 112 106 90
3.718 10.151 2.197 114 109 87
3.757 10.290 2.196 114 107 88
3.673 10.732 2.196 124 118 102
3.777 10.144 2.196 109 104 82
3.685 10.625 2.196 122 115 97
3.719 10.305 2.196 118 111 92
3.720 10.727 2.196 123 116 100
3.663 10.274 2.197 119 112 93
3.697 10.328 2.196 119 114 94
3.730 10.598 2.196 120 113 97
3.691 10.634 2.196 123 116 98
3.722 10.294 2.196 116 109 90
3.665 10.274 2.197 119 112 93
3.659 10.235 2.197 119 112 94
3.762 10.535 2.196 118 110 97
3.683 10.348 2.196 120 115 95
3.768 10.474 2.196 116 109 93
3.793 10.590 2.196 117 111 99
3.727 10.324 2.196 117 110 92
3.764 10.178 2.196 112 107 87
3.750 10.651 2.196 119 113 97
3.786 10.209 2.196 109 104 85
3.711 10.560 2.196 120 115 96
3.797 10.252 2.196 106 101 82
3.791 10.814 2.195 121 115 101
3.704 10.370 2.196 119 112 94
3.692 10.437 2.196 119 112 94
3.772 10.319 2.196 113 106 88
3.747 10.697 2.196 121 113 100
3.734 10.414 2.196 116 109 91
3.681 10.259 2.197 119 112 93
3.735 10.252 2.196 114 109 87
3.683 10.303 2.196 120 113 94
3.759 10.647 2.196 117 114 97
3.693 10.579 2.196 120 113 97
3.699 10.274 2.196 117 112 92
3.778 10.584 2.196 117 111 97
3.686 10.484 2.196 121 114 96
3.687 10.219 2.197 118 111 92
3.659 10.333 2.196 124 116 97
3.731 10.434 2.196 116 110 94
3.686 10.435 2.196 120 113 95
3.768 10.313 2.196 113 106 88
3.689 10.518 2.196 120 115 96
3.740 10.351 2.196 116 109 91
3.676 10.404 2.196 122 115 96
3.782 10.358 2.196 113 107 91
3.745 10.585 2.196 119 112 96
3.692 10.190 2.197 117 110 91
3.798 10.463 2.196 114 110 98
3.711 10.447 2.196 119 112 94
3.661 10.586 2.196 119 112 93
3.763 10.792 2.196 123 115 102
3.749 10.417 2.196 115 108 92
3.710 10.755 2.196 122 115 97
3.731 10.182 2.196 114 109 87
3.759 10.431 2.196 116 109 93
3.697 10.348 2.196 119 114 94
3.714 10.449 2.196 119 112 94
3.704 10.454 2.196 120 113 95
3.735 10.326 2.196 117 110 92
3.717 10.236 2.196 114 109 89
3.670 10.257 2.197 119 112 93
3.679 10.241 2.197 117 110 91
3.723 10.390 2.196 118 111 93
3.704 10.446 2.196 119 112 94
3.750 10.252 2.196 111 106 86
3.773 10.686 2.196 121 113 100
3.735 10.243 2.196 114 109 87
3.674 10.474 2.196 121 114 95
3.715 10.674 2.196 122 115 99
3.704 10.250 2.196 117 110 91
3.776 10.358 2.196 112 106 90
3.744 10.428 2.196 117 110 94
3.788 10.575 2.196 117 111 99
3.722 10.775 2.196 122 114 101
3.766 10.227 2.196 110 105 85
3.761 10.428 2.196 116 109 93
3.705 10.345 2.196 120 113 95
3.708 10.326 2.196 119 112 94
3.756 10.416 2.196 116 109 93
3.681 10.420 2.196 121 114 96
3.696 10.428 2.196 118 111 93
3.684 10.432 2.196 120 113 95
3.697 10.462 2.196 120 113 95
3.770 10.618 2.196 118 112 96
3.798 10.530 2.196 114 108 96
3.684 10.423 2.196 120 113 95
3.659 10.245 2.197 121 113 94
3.670 10.324 2.196 121 114 95
3.720 10.722 2.196 123 116 100
3.690 10.462 2.196 120 113 95
3.681 10.493 2.196 121 114 96
3.779 10.427 2.196 114 108 92
3.704 10.428 2.196 118 111 92
3.757 10.768 2.196 122 115 99
3.772 10.751 2.196 122 115 99
3.676 10.270 2.197 121 114 95
3.786 10.349 2.196 110 104 90
3.726 10.419 2.196 117 110 92
3.672 10.245 2.197 118 111 92
3.732 10.158 2.196 112 107 85
3.792 10.595 2.196 116 110 96
3.686 10.730 2.196 124 117 101
3.681 10.236 2.197 117 110 92
3.756 10.361 2.196 115 108 90
3.750 10.771 2.196 121 113 100
3.720 10.154 2.197 114 109 87
3.696 10.770 2.196 120 117 98
3.791 10.297 2.196 111 104 85
3.727 10.678 2.196 122 115 99
3.781 10.643 2.196 115 112 95
3.666 10.598 2.196 120 113 94
3.712 10.529 2.196 119 114 95
3.771 10.249 2.196 111 106 86
3.688 10.526 2.196 120 115 96
3.773 10.527 2.196 117 110 94
3.778 10.535 2.196 117 109 98
3.790 10.426 2.196 110 107 90
3.660 10.659 2.196 123 116 97
3.734 10.541 2.196 117 114 97
3.701 10.325 2.196 119 114 94
3.694 10.390 2.196 119 112 94
3.714 10.741 2.196 122 115 99
3.717 10.496 2.196 118 112 96
3.702 10.473 2.196 119 112 94
3.707 10.442 2.196 119 112 94
3.725 10.620 2.196 121 114 98
3.764 10.415 2.196 114 108 92
3.767 10.182 2.196 111 106 84
3.761 10.361 2.196 115 108 90
3.712 10.256 2.196 116 109 90
3.682 10.610 2.196 123 116 98
3.780 10.668 2.196 116 113 96
3.706 10.524 2.196 120 113 97
3.665 10.511 2.196 122 117 97
3.782 10.298 2.196 113 106 87
3.726 10.542 2.196 117 114 97
3.655 10.617 2.196 124 117 98
3.708 10.732 2.196 122 115 99
3.723 10.159 2.197 114 109 87
3.775 10.719 2.196 121 113 100
3.791 10.590 2.196 117 111 99
3.676 10.415 2.196 122 115 96
3.728 10.529 2.196 118 112 96
3.702 10.515 2.196 120 113 97
3.781 10.271 2.196 110 105 86
3.774 10.678 2.196 120 112 99
3.666 10.527 2.196 122 117 97
3.685 10.231 2.197 117 110 92
3.685 10.638 2.196 123 116 98
3.797 10.184 2.196 109 104 85
3.660 10.225 2.197 118 111 92
3.761 10.185 2.196 112 107 87
3.760 10.271 2.196 111 106 86
3.679 10.753 2.196 124 117 101
3.676 10.474 2.196 121 114 95
3.746 10.790 2.196 122 114 101
3.674 10.663 2.196 124 117 99
3.789 10.416 2.196 112 106 90
3.727 10.381 2.196 118 111 93
3.693 10.271 2.196 117 112 92
3.735 10.657 2.196 120 114 98
3.688 10.448 2.196 120 113 95
3.785 10.615 2.196 118 112 96
3.685 10.246 2.197 117 110 91
3.711 10.214 2.196 114 109 87
3.707 10.506 2.196 121 114 98
3.705 10.434 2.196 119 112 94
3.790 10.291 2.196 110 103 84
3.665 10.758 2.196 122 116 100
3.684 10.418 2.196 120 113 95
3.668 10.338 2.196 121 116 96
3.732 10.506 2.196 117 111 95
3.709 10.458 2.196 119 112 94
3.796 10.403 2.196 112 107 88
3.723 10.519 2.196 116 113 96
3.696 10.558 2.196 118 115 98
3.748 10.537 2.196 118 112 98
3.655 10.402 2.196 122 115 96
3.785 10.474 2.196 116 109 93
3.781 10.758 2.196 121 115 101
3.775 10.247 2.196 109 104 85
3.797 10.309 2.196 111 104 86
3.731 10.565 2.196 119 113 97
3.784 10.487 2.196 116 109 91
3.793 10.526 2.196 117 110 94
3.727 10.677 2.196 122 115 99
3.715 10.590 2.196 120 113 95
3.767 10.355 2.196 114 107 91
3.787 10.487 2.196 116 109 91
3.727 10.332 2.196 118 111 93
3.782 10.231 2.196 108 103 84
3.771 10.472 2.196 116 109 93
3.708 10.595 2.196 121 114 96
3.783 10.337 2.196 112 106 90
3.717 10.608 2.196 121 114 96
3.710 10.687 2.196 123 116 98
3.742 10.622 2.196 120 113 97
3.743 10.570 2.196 119 111 98
3.796 10.544 2.196 118 110 99
3.745 10.359 2.196 116 109 91
3.727 10.747 2.196 123 115 102
3.730 10.466 2.196 119 110 95
3.779 10.126 2.196 108 103 81
3.776 10.374 2.196 113 107 91
3.781 10.539 2.196 117 109 98
3.774 10.562 2.196 116 110 98
3.664 10.663 2.196 123 116 97
3.762 10.761 2.196 122 115 99
3.749 10.780 2.196 122 114 101
3.749 10.801 2.196 123 115 102
3.679 10.270 2.197 119 112 93
3.769 10.425 2.196 113 107 91
3.683 10.733 2.196 123 116 100
3.668 10.199 2.197 119 112 93
3.774 10.412 2.196 113 107 91
3.706 10.352 2.196 120 113 95
3.724 10.188 2.196 115 110 88
3.727 10.395 2.196 118 111 93
3.735 10.391 2.196 117 110 92
3.687 10.743 2.196 123 116 100
3.662 10.752 2.196 123 118 99
3.668 10.340 2.196 121 116 96
3.741 10.190 2.196 114 109 89
3.706 10.692 2.196 123 116 98
3.727 10.780 2.196 123 115 102
3.729 10.692 2.196 122 115 99
3.685 10.191 2.197 119 112 93
3.755 10.411 2.196 115 109 93
3.707 10.245 2.196 116 109 90
3.785 10.761 2.196 121 115 101
3.724 10.190 2.196 115 110 88
3.784 10.705 2.196 121 113 100
3.767 10.216 2.196 110 105 85
3.797 10.411 2.196 111 105 89
3.759 10.796 2.196 123 115 102
3.762 10.709 2.196 121 114 98
3.745 10.148 2.196 113 108 88
3.654 10.656 2.196 124 117 98
3.760 10.429 2.196 116 109 93
3.662 10.351 2.196 122 117 97
3.742 10.292 2.196 116 109 90
3.655 10.203 2.197 119 112 93
3.783 10.196 2.196 109 104 85
3.774 10.620 2.196 118 112 96
3.713 10.501 2.196 119 113 97
3.696 10.667 2.196 123 116 100
3.657 10.566 2.196 123 116 97
3.736 10.607 2.196 120 113 97
3.755 10.504 2.196 117 110 94
3.780 10.192 2.196 109 104 82
3.721 10.305 2.196 117 110 91
3.715 10.437 2.196 118 111 93
3.720 10.513 2.196 116 113 96
3.705 10.549 2.196 118 115 96
3.669 10.369 2.196 121 116 96
3.659 10.587 2.196 119 112 93
3.757 10.301 2.196 114 107 88
3.680 10.215 2.197 118 111 92
3.711 10.166 2.197 114 110 85
3.790 10.307 2.196 111 104 86
3.696 10.635 2.196 122 115 99
3.739 10.626 2.196 120 114 98
3.787 10.208 2.196 109 104 85
3.777 10.383 2.196 111 105 89
3.763 10.617 2.196 119 114 95
3.759 10.711 2.196 121 114 98
3.714 10.134 2.197 114 109 87
3.789 10.763 2.195 121 115 103
3.655 10.279 2.197 123 115 96
3.686 10.645 2.196 123 116 98
3.724 10.124 2.197 112 107 85
3.684 10.429 2.196 120 113 95
3.664 10.277 2.197 119 112 93
3.764 10.274 2.196 111 106 86
3.720 10.215 2.196 114 109 87
3.787 10.147 2.196 109 104 84
3.699 10.468 2.196 120 113 95
3.655 10.396 2.196 122 115 96
3.746 10.345 2.196 115 108 90
3.797 10.185 2.196 109 104 85
3.776 10.765 2.196 121 115 99
3.662 10.640 2.196 124 117 98
3.676 10.402 2.196 121 114 95
3.766 10.203 2.196 111 106 86
3.760 10.314 2.196 113 106 88
3.731 10.392 2.196 118 111 93
3.664 10.501 2.196 123 116 97
3.690 10.701 2.196 123 118 99
3.766 10.545 2.196 118 110 97
3.720 10.477 2.196 119 112 94
3.746 10.578 2.196 119 112 96
3.785 10.568 2.196 117 111 99
3.715 10.555 2.196 117 114 97
3.738 10.310 2.196 117 110 91
3.676 10.666 2.196 124 117 99
3.758 10.772 2.196 122 114 101
3.700 10.671 2.196 123 116 98
3.726 10.301 2.196 116 109 90
3.672 10.721 2.196 124 118 102
3.699 10.357 2.196 119 114 94
3.758 10.173 2.196 112 107 87
3.744 10.520 2.196 118 111 95
3.679 10.211 2.197 118 111 92
3.780 10.361 2.196 113 107 91
3.714 10.606 2.196 121 114 96
3.685 10.230 2.197 117 110 92
3.656 10.580 2.196 120 113 94
3.766 10.215 2.196 110 105 85
3.729 10.587 2.196 120 113 97
3.736 10.226 2.196 114 109 89
3.752 10.722 2.196 121 113 100
3.670 10.584 2.196 119 112 94
3.728 10.225 2.196 114 109 89
3.701 10.774 2.196 121 115 101
3.719 10.408 2.196 118 111 93
3.713 10.240 2.196 115 110 90
3.767 10.158 2.196 111 106 84
3.746 10.158 2.196 114 109 89
3.794 10.469 2.196 115 108 92
3.760 10.696 2.196 120 113 97
3.745 10.448 2.196 115 109 93
3.698 10.436 2.196 119 112 94
3.744 10.617 2.196 120 113 97
3.784 10.400 2.196 112 107 88
3.730 10.485 2.196 115 112 95
3.665 10.715 2.196 124 119 100
3.795 10.778 2.195 121 115 101
3.790 10.319 2.196 112 105 87
3.687 10.437 2.196 119 112 94
3.665 10.258 2.197 120 113 94
3.731 10.645 2.196 120 114 98
3.756 10.695 2.196 121 114 98
3.711 10.464 2.196 119 112 94
3.726 10.141 2.197 114 109 87
3.663 10.446 2.196 122 115 96
3.787 10.640 2.196 118 112 96
3.741 10.434 2.196 114 111 94
3.754 10.144 2.196 111 106 86
3.693 10.251 2.196 117 112 92
3.721 10.533 2.196 118 112 96
3.782 10.401 2.196 112 107 88
3.797 10.332 2.196 110 103 87
3.738 10.198 2.196 114 109 87
3.783 10.524 2.196 118 111 95
3.656 10.683 2.196 124 119 100
3.765 10.269 2.196 111 106 86
3.661 10.378 2.196 119 114 94
3.755 10.334 2.196 115 108 92
3.744 10.519 2.196 118 111 95
3.748 10.187 2.196 113 108 88
3.708 10.729 2.196 122 114 101
3.789 10.714 2.196 120 112 99
3.760 10.219 2.196 110 105 85
3.798 10.674 2.196 118 110 99
3.749 10.716 2.196 121 114 98
3.657 10.751 2.196 124 119 100
3.772 10.394 2.196 113 108 89
3.783 10.817 2.195 121 115 101
3.661 10.346 2.196 122 117 97
3.686 10.742 2.196 123 116 100
3.661 10.360 2.196 122 117 97
3.732 10.226 2.196 114 109 89
3.754 10.267 2.196 113 108 88
3.789 10.630 2.196 118 111 95
3.759 10.731 2.196 121 114 98
3.691 10.180 2.197 117 111 89
3.768 10.406 2.196 113 107 91
3.700 10.606 2.196 121 114 98
3.689 10.318 2.196 119 114 94
3.683 10.588 2.196 120 113 95
3.715 10.144 2.197 114 109 87
3.706 10.521 2.196 120 113 97
3.682 10.639 2.196 124 117 99
3.794 10.802 2.195 121 115 101
3.756 10.502 2.196 117 110 94
3.691 10.279 2.196 117 112 92
3.687 10.692 2.196 123 118 99
3.708 10.690 2.196 123 116 98
3.754 10.302 2.196 115 108 89
3.784 10.300 2.196 112 105 86
3.701 10.283 2.196 117 112 92
3.758 10.299 2.196 114 107 88
3.769 10.132 2.196 110 105 83
3.742 10.434 2.196 114 111 94
3.687 10.557 2.196 120 115 96
3.771 10.740 2.196 122 115 99
3.724 10.290 2.196 116 109 90
3.771 10.482 2.196 117 110 92
3.798 10.683 2.196 121 113 102
3.683 10.619 2.196 123 116 98
3.719 10.712 2.196 122 115 99
3.669 10.641 2.196 124 117 99
3.770 10.700 2.196 121 113 100
3.750 10.280 2.196 113 108 88
3.794 10.751 2.195 120 114 102
3.709 10.345 2.196 119 112 94
3.737 10.687 2.196 121 113 100
3.758 10.276 2.196 112 107 87
3.701 10.773 2.196 121 115 101
3.741 10.695 2.196 121 113 100
3.771 10.235 2.196 110 105 85
3.700 10.286 2.196 117 112 92
3.733 10.770 2.196 123 113 101
3.686 10.734 2.196 123 116 100
3.656 10.529 2.196 122 117 97
3.677 10.465 2.196 122 115 96
3.660 10.294 2.197 123 115 96
3.679 10.210 2.197 118 111 92
3.770 10.779 2.196 122 114 101
3.798 10.290 2.196 107 105 84
3.782 10.130 2.196 108 103 81
3.727 10.450 2.196 117 110 94
3.676 10.470 2.196 121 114 95
3.753 10.277 2.196 113 108 88
3.778 10.267 2.196 110 105 86
3.696 10.548 2.196 118 115 98
3.775 10.405 2.196 114 109 90
3.693 10.388 2.196 119 112 94
3.710 10.726 2.196 122 114 101
3.698 10.728 2.196 123 115 102
3.789 10.200 2.196 109 104 85
3.657 10.398 2.196 122 115 96
3.687 10.425 2.196 120 113 95
3.709 10.257 2.196 116 109 90
3.654 10.663 2.196 124 117 98
3.743 10.707 2.196 121 113 100
3.762 10.249 2.196 111 106 86
3.763 10.328 2.196 113 106 88
3.749 10.349 2.196 115 108 90
3.737 10.589 2.196 120 113 97
3.733 10.149 2.197 113 108 86
3.732 10.278 2.196 114 109 87
3.693 10.510 2.196 120 114 98
3.685 10.548 2.196 119 116 97
3.732 10.406 2.196 117 110 92
3.797 10.465 2.196 113 106 90
3.662 10.240 2.197 118 111 93
3.697 10.567 2.196 120 114 98
3.715 10.390 2.196 118 111 95
3.655 10.287 2.197 122 114 95
3.695 10.638 2.196 121 114 98
3.692 10.582 2.196 120 113 95
3.709 10.309 2.196 119 112 93
3.704 10.551 2.196 118 115 96
3.794 10.765 2.195 122 116 104
3.679 10.535 2.196 120 117 98
3.662 10.221 2.197 119 112 93
3.727 10.474 2.196 119 110 95
3.757 10.733 2.196 121 113 100
3.799 10.616 2.196 114 110 99
3.728 10.731 2.196 122 115 99
3.760 10.522 2.196 118 111 95
3.670 10.607 2.196 122 115 97
3.766 10.272 2.196 111 106 86
3.746 10.336 2.196 115 108 90
3.762 10.694 2.196 120 113 97
3.736 10.276 2.196 114 109 87
3.776 10.492 2.196 117 110 92
3.680 10.535 2.196 119 116 97
3.720 10.718 2.196 122 115 99
3.685 10.331 2.196 121 114 95
3.790 10.772 2.195 122 116 102
3.671 10.200 2.197 119 112 93
3.794 10.363 2.196 111 105 91
3.714 10.378 2.196 118 111 93
3.667 10.440 2.196 121 114 95
3.690 10.711 2.196 123 118 99
3.709 10.295 2.196 119 112 93
3.732 10.361 2.196 118 111 93
3.664 10.314 2.197 122 115 96
3.720 10.375 2.196 118 111 93
3.664 10.270 2.197 120 113 94
3.701 10.518 2.196 120 113 97
3.737 10.535 2.196 119 113 97
3.700 10.724 2.196 123 115 102
3.763 10.258 2.196 111 106 86
3.765 10.257 2.196 111 106 86
3.699 10.539 2.196 118 117 99
3.786 10.667 2.196 118 112 96
3.742 10.428 2.196 117 110 94
3.749 10.591 2.196 119 112 96
3.729 10.259 2.196 114 109 89
3.695 10.277 2.196 117 112 92
3.796 10.411 2.196 111 105 89
3.683 10.241 2.197 117 110 91
3.767 10.642 2.196 115 114 96
3.673 10.639 2.196 124 117 99
3.778 10.447 2.196 115 108 92
3.697 10.171 2.197 117 111 89
3.708 10.334 2.196 119 112 94
3.664 10.208 2.197 119 112 93
3.740 10.417 2.196 117 110 94
3.747 10.487 2.196 117 110 94
3.658 10.513 2.196 122 117 97
3.666 10.617 2.196 123 116 97
3.700 10.497 2.196 119 112 96
3.678 10.767 2.196 125 118 102
3.703 10.730 2.196 122 115 99
3.748 10.546 2.196 116 113 98
3.723 10.215 2.196 113 108 86
3.705 10.404 2.196 119 112 96
3.749 10.543 2.196 116 113 98
3.761 10.265 2.196 110 105 85
3.771 10.803 2.195 123 115 102
3.666 10.211 2.197 118 111 92
3.712 10.275 2.196 117 110 91
3.688 10.688 2.196 123 118 99
3.745 10.637 2.196 119 113 97
3.704 10.230 2.196 115 110 90
3.700 10.776 2.196 120 117 98
3.683 10.631 2.196 124 117 99
3.674 10.311 2.196 122 115 96
3.714 10.650 2.196 121 114 96
3.777 10.236 2.196 109 104 85
3.765 10.284 2.196 112 107 87
3.675 10.221 2.197 118 111 92
3.768 10.718 2.196 120 112 99
3.783 10.617 2.196 118 112 96
3.762 10.617 2.196 119 114 95
3.673 10.530 2.196 119 116 97
3.750 10.578 2.196 118 112 96
3.765 10.322 2.196 113 106 88
3.767 10.476 2.196 116 109 93
3.718 10.154 2.197 114 109 87
3.761 10.372 2.196 115 108 90
3.689 10.715 2.196 123 118 99
3.791 10.399 2.196 112 105 87
3.702 10.387 2.196 119 112 96
3.707 10.456 2.196 119 112 94
3.714 10.709 2.196 123 116 100
3.684 10.587 2.196 120 113 95
3.783 10.798 2.195 121 115 101
3.660 10.360 2.196 122 117 97
3.778 10.760 2.196 121 115 99
3.748 10.525 2.196 118 111 95
3.685 10.734 2.196 123 116 100
3.780 10.482 2.196 116 109 91
3.664 10.290 2.197 121 114 95
3.768 10.318 2.196 113 106 88
3.793 10.279 2.196 109 104 85
3.755 10.318 2.196 115 108 90
3.784 10.316 2.196 113 106 88
3.721 10.618 2.196 121 114 96
3.726 10.554 2.196 117 114 97
3.785 10.713 2.196 121 113 100
3.724 10.627 2.196 121 114 98
3.686 10.255 2.197 118 111 92
3.721 10.464 2.196 119 112 94
3.695 10.530 2.196 118 117 99
3.671 10.738 2.196 124 118 102
3.794 10.213 2.196 108 103 84
3.684 10.212 2.197 118 111 92
3.680 10.363 2.196 121 116 96
3.719 10.666 2.196 122 115 97
3.762 10.786 2.196 123 115 102
3.715 10.764 2.196 123 116 100
3.792 10.169 2.196 108 103 84
3.776 10.464 2.196 114 107 91
3.780 10.745 2.196 120 114 100
3.752 10.685 2.196 122 115 99
3.772 10.642 2.196 114 113 95
3.728 10.235 2.196 114 109 89
3.763 10.718 2.196 121 114 98
3.794 10.772 2.195 122 116 102
3.678 10.672 2.196 124 117 99
3.681 10.649 2.196 122 115 97
3.702 10.762 2.196 122 115 97
3.690 10.399 2.196 119 112 94
3.724 10.311 2.196 117 110 91
3.713 10.429 2.196 119 112 94
3.670 10.240 2.197 118 111 93
3.793 10.646 2.196 120 113 97
3.779 10.691 2.196 121 113 100
3.655 10.554 2.196 122 115 96
3.790 10.155 2.196 109 104 84
3.795 10.620 2.196 117 111 95
3.701 10.738 2.196 122 115 99
3.700 10.200 2.197 115 108 89
3.701 10.213 2.197 117 110 91
3.658 10.430 2.196 121 114 95
3.684 10.299 2.196 120 113 94
3.787 10.200 2.196 109 104 85
3.731 10.301 2.196 116 109 90
3.751 10.499 2.196 117 110 92
3.681 10.263 2.197 118 111 92
3.775 10.364 2.196 113 107 91
3.736 10.202 2.196 114 109 87
3.707 10.670 2.196 123 116 98
3.715 10.149 2.197 114 109 87
3.776 10.483 2.196 116 109 91
3.669 10.612 2.196 122 115 97
3.688 10.486 2.196 120 113 95
3.671 10.283 2.197 119 112 93
3.762 10.618 2.196 119 114 95
3.719 10.192 2.196 115 110 88
3.705 10.393 2.196 119 112 96
3.750 10.173 2.196 113 108 88
3.736 10.176 2.196 113 108 86
3.704 10.326 2.196 119 112 94
3.664 10.248 2.197 119 112 93
3.731 10.158 2.197 113 108 86
3.774 10.127 2.196 108 103 81
3.715 10.288 2.196 117 110 91
3.694 10.427 2.196 119 112 94
3.703 10.291 2.196 119 112 93
3.739 10.717 2.196 121 113 100
3.725 10.425 2.196 117 110 92
3.745 10.685 2.196 121 113 100
3.760 10.430 2.196 116 109 93
3.679 10.623 2.196 122 115 97
3.776 10.237 2.196 109 104 85
3.760 10.383 2.196 115 108 90
3.690 10.737 2.196 123 115 102
3.761 10.558 2.196 117 111 97
3.744 10.632 2.196 119 113 97
3.664 10.510 2.196 122 117 97
3.717 10.425 2.196 118 111 93
3.792 10.501 2.196 116 109 91
3.715 10.283 2.196 117 110 91
3.737 10.623 2.196 121 114 98
3.731 10.737 2.196 122 115 99
3.775 10.290 2.196 113 106 87
3.717 10.200 2.196 115 110 88
3.678 10.556 2.196 121 116 97
3.785 10.597 2.196 116 110 96
3.783 10.714 2.196 121 113 100
3.687 10.289 2.196 119 112 93
3.772 10.647 2.196 114 113 95
3.768 10.742 2.196 122 115 99
3.789 10.608 2.196 117 111 97
3.793 10.273 2.196 109 104 85
3.766 10.705 2.196 121 114 98
3.686 10.184 2.197 118 111 92
3.739 10.595 2.196 120 113 97
3.751 10.461 2.196 116 109 93
3.672 10.751 2.196 123 117 101
3.704 10.447 2.196 119 112 94
3.706 10.210 2.197 115 110 88
3.793 10.141 2.196 108 103 83
3.673 10.753 2.196 123 117 101
3.795 10.629 2.196 119 112 96
3.725 10.381 2.196 119 112 94
3.770 10.592 2.196 118 112 96
3.690 10.325 2.196 119 114 94
3.728 10.557 2.196 117 114 97
3.660 10.650 2.196 124 117 98
3.796 10.755 2.195 116 110 96
3.713 10.410 2.196 118 111 93
3.738 10.627 2.196 120 114 98
3.753 10.329 2.196 115 108 90
3.764 10.699 2.196 121 114 98
3.791 10.202 2.196 108 103 84
3.730 10.748 2.196 123 115 102
3.685 10.644 2.196 123 116 98
3.762 10.141 2.196 111 106 84
3.688 10.534 2.196 118 115 96
3.758 10.603 2.196 119 113 97
3.658 10.228 2.197 119 112 94
3.776 10.126 2.196 108 103 81
3.797 10.290 2.196 109 102 83
3.669 10.254 2.197 119 112 93
3.655 10.340 2.196 121 116 96
3.778 10.505 2.196 116 109 93
3.697 10.552 2.196 118 115 98
3.682 10.230 2.197 117 110 92
3.747 10.397 2.196 116 109 91
3.760 10.207 2.196 111 106 86
3.761 10.577 2.196 117 111 97
3.758 10.365 2.196 115 108 90
3.729 10.756 2.196 122 114 101
3.708 10.431 2.196 119 112 93
3.744 10.449 2.196 115 109 93
3.661 10.448 2.196 122 115 96
3.671 10.648 2.196 123 116 98
3.777 10.450 2.196 115 108 92
3.668 10.447 2.196 121 114 95
3.747 10.374 2.196 116 109 91
3.786 10.269 2.196 110 105 86
3.792 10.296 2.196 111 104 85
3.658 10.318 2.197 125 117 98
3.770 10.546 2.196 118 110 97
3.735 10.241 2.196 114 109 87
3.664 10.397 2.196 122 115 96
3.707 10.244 2.196 116 109 90
3.696 10.393 2.196 119 112 94
3.663 10.454 2.196 121 114 95
3.697 10.170 2.197 117 111 89
3.662 10.204 2.197 119 112 93
3.727 10.138 2.197 113 108 86
3.729 10.703 2.196 122 115 99
3.709 10.231 2.196 115 110 90
3.658 10.204 2.197 119 112 93
3.715 10.658 2.196 122 115 97
3.679 10.384 2.196 120 115 95
3.782 10.611 2.196 118 112 96
3.680 10.187 2.197 116 109 90
3.743 10.538 2.196 116 113 98
3.777 10.319 2.196 113 106 88
3.731 10.164 2.196 113 108 86
3.785 10.686 2.196 120 112 99
3.688 10.324 2.196 119 114 94
3.798 10.228 2.196 107 102 83
3.656 10.742 2.196 124 119 100
3.662 10.746 2.196 123 118 99
3.733 10.502 2.196 117 111 95
3.769 10.389 2.196 113 108 89
3.700 10.556 2.196 118 115 98
3.722 10.427 2.196 118 111 93
3.754 10.700 2.196 122 115 99
3.730 10.504 2.196 115 112 95
3.777 10.639 2.196 115 112 95
3.724 10.768 2.196 123 115 102
3.715 10.674 2.196 123 116 100
3.773 10.424 2.196 114 108 92
3.744 10.375 2.196 117 110 92
3.786 10.418 2.196 112 106 90
3.791 10.630 2.196 118 111 95
3.769 10.252 2.196 111 106 86
3.702 10.551 2.196 118 115 96
3.662 10.191 2.197 114 107 88
3.771 10.523 2.196 117 110 94
3.663 10.267 2.197 120 113 94
3.788 10.584 2.196 117 111 99
3.797 10.734 2.196 118 115 100
3.664 10.144 2.197 111 105 83
3.676 10.164 2.197 118 112 90
3.686 10.148 2.197 118 112 88
3.660 10.175 2.197 114 108 86
3.655 10.145 2.197 111 105 81
3.677 10.131 2.197 117 111 89
3.657 10.186 2.197 117 110 91
3.674 10.136 2.197 117 111 89
3.657 10.156 2.197 111 105 81
3.661 10.182 2.197 116 109 90
3.687 10.160 2.197 118 112 90
3.657 10.136 2.197 112 106 84
3.670 10.135 2.197 115 109 87
3.673 10.139 2.197 117 111 89
3.684 10.147 2.197 118 112 88
3.671 10.134 2.197 115 109 87
3.664 10.128 2.197 111 105 83
3.676 10.127 2.197 117 111 89
3.681 10.145 2.197 118 112 88
3.695 10.146 2.197 117 111 87
3.700 10.144 2.197 115 111 86
3.655 10.127 2.197 112 106 84
3.680 10.157 2.197 118 112 90
3.670 10.148 2.197 117 111 87
