27.156 -12.273 0.038 135 116 73
27.130 -12.304 0.041 111 95 62
27.136 -12.278 0.038 120 102 64
27.150 -12.285 0.039 100 81 39
27.153 -12.285 0.039 95 76 34
27.168 -12.272 0.038 105 88 44
27.167 -12.270 0.038 110 93 49
27.122 -12.283 0.038 111 95 69
27.148 -12.275 0.038 117 98 56
27.162 -12.284 0.038 104 87 44
27.169 -12.274 0.038 120 103 59
27.141 -12.302 0.039 113 93 56
27.145 -12.303 0.038 111 91 54
27.130 -12.312 0.040 95 79 46
27.136 -12.309 0.039 122 104 68
27.129 -12.317 0.039 88 72 39
27.130 -12.320 0.038 99 83 50
26.971 -12.356 0.082 47 43 34
27.017 -12.316 0.063 35 40 36
27.018 -12.314 0.062 31 33 30
27.036 -12.317 0.059 46 50 49
27.084 -12.298 0.045 27 27 19
26.956 -12.338 0.081 88 89 84
27.065 -12.298 0.049 22 24 23
27.085 -12.285 0.042 25 24 20
27.064 -12.265 0.042 24 24 24
27.020 -12.301 0.059 20 18 19
27.042 -12.324 0.060 97 101 100
27.046 -12.300 0.054 21 22 24
26.934 -12.358 0.090 34 30 27
26.959 -12.352 0.083 30 30 22
27.003 -12.323 0.068 50 55 48
26.986 -12.343 0.076 26 23 16
27.091 -12.311 0.047 40 37 22
26.966 -12.352 0.082 30 27 18
26.992 -12.329 0.071 84 89 85
27.108 -12.310 0.043 86 78 55
26.999 -12.320 0.068 35 37 32
27.039 -12.333 0.062 55 59 58
27.108 -12.314 0.044 90 79 57
26.975 -12.329 0.075 70 70 68
27.074 -12.272 0.041 56 58 57
26.921 -12.366 0.094 26 23 18
26.947 -12.350 0.085 22 21 16
26.963 -12.342 0.080 40 41 36
26.959 -12.343 0.081 31 32 26
27.077 -12.312 0.050 94 97 90
27.040 -12.313 0.058 36 40 41
27.053 -12.331 0.059 78 83 79
27.071 -12.324 0.054 102 105 98
26.935 -12.360 0.090 27 24 19
27.036 -12.331 0.063 80 84 85
26.920 -12.365 0.094 26 23 18
27.070 -12.279 0.044 40 40 40
27.061 -12.313 0.053 63 72 67
27.104 -12.304 0.043 92 86 62
27.049 -12.311 0.055 36 42 40
27.081 -12.298 0.046 29 28 23
27.034 -12.309 0.058 28 30 29
27.049 -12.323 0.058 105 111 109
26.954 -12.348 0.083 19 20 14
26.957 -12.355 0.084 24 24 16
27.075 -12.323 0.053 106 109 102
26.972 -12.350 0.080 32 29 22
27.106 -12.308 0.043 102 94 71
27.049 -12.285 0.050 22 21 17
27.036 -12.325 0.061 92 98 98
26.950 -12.358 0.086 35 32 23
26.947 -12.349 0.085 20 21 15
27.082 -12.316 0.050 117 118 110
27.068 -12.311 0.052 49 58 53
27.094 -12.300 0.044 22 19 2
27.084 -12.285 0.042 23 22 20
27.071 -12.288 0.046 21 21 23
27.072 -12.319 0.053 102 107 101
27.052 -12.288 0.049 22 21 19
26.978 -12.337 0.076 82 83 78
27.096 -12.318 0.047 41 34 16
27.030 -12.307 0.058 28 30 27
26.996 -12.330 0.071 87 92 88
26.954 -12.356 0.085 31 28 19
27.053 -12.328 0.059 97 102 98
26.985 -12.323 0.071 37 36 32
27.104 -12.286 0.038 48 39 22
27.081 -12.270 0.040 43 45 40
26.990 -12.333 0.072 96 98 95
27.111 -12.301 0.041 79 71 48
27.104 -12.297 0.041 66 58 39
27.097 -12.279 0.038 48 45 36
27.084 -12.318 0.050 120 120 110
27.084 -12.304 0.047 37 37 29
27.000 -12.336 0.071 78 83 79
27.102 -12.310 0.044 63 55 34
26.902 -12.370 0.099 26 25 23
27.050 -12.306 0.054 25 29 30
27.058 -12.277 0.046 17 17 15
27.075 -12.289 0.045 21 19 20
27.042 -12.321 0.059 92 98 96
27.052 -12.331 0.059 78 83 79
26.979 -12.349 0.078 19 16 9
27.085 -12.299 0.045 32 32 24
26.944 -12.346 0.085 38 40 37
26.974 -12.354 0.081 46 42 33
27.085 -12.294 0.044 29 25 22
26.987 -12.344 0.076 26 23 16
26.967 -12.351 0.081 25 25 17
26.922 -12.370 0.094 29 26 21
27.044 -12.344 0.059 23 26 19
27.042 -12.352 0.056 23 24 18
27.021 -12.349 0.065 55 55 47
26.924 -12.376 0.091 28 25 20
27.079 -12.327 0.053 78 79 71
27.003 -12.349 0.072 44 40 29
26.943 -12.364 0.089 31 26 20
27.014 -12.368 0.060 43 35 24
27.076 -12.337 0.050 54 54 46
27.008 -12.347 0.071 29 26 17
27.013 -12.346 0.070 36 36 28
26.979 -12.359 0.077 42 38 27
27.018 -12.364 0.061 51 44 34
26.977 -12.357 0.079 40 36 25
26.944 -12.372 0.085 27 23 14
27.012 -12.354 0.067 35 31 20
26.968 -12.361 0.081 42 38 27
26.997 -12.368 0.067 52 43 34
26.975 -12.359 0.079 47 43 34
26.984 -12.357 0.076 50 43 33
26.947 -12.373 0.083 29 25 16
26.974 -12.368 0.076 46 39 29
27.031 -12.351 0.061 24 24 16
27.042 -12.351 0.057 23 24 18
27.017 -12.355 0.065 38 35 26
27.024 -12.342 0.067 29 30 24
27.015 -12.348 0.068 39 39 31
27.061 -12.335 0.056 41 43 38
27.008 -12.360 0.066 49 39 29
26.979 -12.373 0.072 50 43 33
27.028 -12.345 0.064 54 53 48
27.030 -12.351 0.061 24 24 16
27.028 -12.346 0.064 54 53 48
26.954 -12.368 0.083 44 40 31
27.002 -12.370 0.064 46 39 29
27.064 -12.338 0.054 28 29 23
26.988 -12.361 0.073 46 39 29
26.987 -12.362 0.073 50 43 33
27.002 -12.373 0.063 46 39 29
27.058 -12.331 0.741 134 138 105
27.077 -12.287 0.810 141 142 111
27.073 -12.300 0.790 138 138 110
27.082 -12.334 0.755 123 122 104
27.115 -12.335 0.780 126 128 106
27.067 -12.306 0.778 135 134 103
27.097 -12.299 0.811 129 128 97
27.100 -12.308 0.801 129 131 92
27.081 -12.327 0.764 124 124 98
27.096 -12.311 0.795 123 134 92
27.066 -12.327 0.752 125 127 103
27.081 -12.320 0.772 123 127 100
27.107 -12.332 0.778 125 127 103
27.076 -12.288 0.808 138 139 108
27.072 -12.320 0.766 126 129 98
27.097 -12.328 0.774 123 126 97
27.113 -12.335 0.778 125 127 105
27.105 -12.310 0.803 131 131 93
27.076 -12.305 0.787 125 128 97
27.089 -12.318 0.781 124 131 98
27.102 -12.308 0.803 130 132 93
27.083 -12.273 0.832 157 173 134
27.089 -12.323 0.775 124 129 97
27.086 -12.316 0.781 121 128 95
27.078 -12.283 0.815 145 149 116
27.084 -12.273 0.833 157 173 134
27.090 -12.322 0.777 122 127 95
27.078 -12.340 0.744 79 79 69
27.109 -12.334 0.776 125 127 103
27.101 -12.336 0.768 126 125 97
27.078 -12.296 0.799 141 142 111
27.076 -12.334 0.751 116 118 104
27.087 -12.295 0.808 128 127 96
27.085 -12.288 0.815 128 129 95
27.075 -12.321 0.767 123 126 97
27.070 -12.339 0.741 71 75 58
27.087 -12.300 0.802 130 127 96
27.084 -12.338 0.753 117 115 100
27.059 -12.334 0.737 131 136 104
27.091 -12.290 0.817 130 130 94
27.079 -12.323 0.767 122 124 100
27.076 -12.313 0.777 121 124 93
27.065 -12.311 0.771 139 139 105
27.106 -12.317 0.796 129 132 89
27.085 -12.280 0.825 129 135 97
27.090 -12.284 0.824 128 132 95
27.003 -12.262 0.741 124 122 101
27.048 -12.338 0.722 129 132 101
27.049 -12.302 0.760 136 137 105
26.981 -12.199 0.775 131 129 104
27.000 -12.231 0.768 133 129 104
26.987 -12.232 0.749 123 127 102
27.020 -12.263 0.761 134 126 107
27.052 -12.331 0.735 128 132 99
26.978 -12.219 0.751 126 128 104
26.984 -12.195 0.784 133 129 102
27.061 -12.260 0.817 144 139 110
26.976 -12.234 0.733 129 124 104
26.986 -12.226 0.754 126 126 102
26.982 -12.216 0.759 128 128 102
26.908 -12.154 0.723 127 130 109
26.966 -12.213 0.741 125 124 104
26.993 -12.248 0.742 124 122 101
26.981 -12.241 0.733 125 122 107
26.907 -12.134 0.742 140 134 108
27.043 -12.272 0.782 132 131 100
27.008 -12.275 0.733 130 126 101
27.051 -12.320 0.744 130 133 104
26.936 -12.171 0.743 131 131 107
27.039 -12.271 0.777 132 128 99
26.953 -12.193 0.744 125 127 103
27.001 -12.229 0.771 131 129 104
27.039 -12.257 0.792 140 142 105
26.980 -12.223 0.750 124 126 102
27.008 -12.218 0.791 133 126 97
26.943 -12.191 0.733 126 125 107
27.061 -12.281 0.797 137 138 104
27.041 -12.274 0.777 130 129 99
27.019 -12.274 0.749 126 124 99
26.904 -12.138 0.735 139 138 110
27.008 -12.214 0.794 133 126 97
26.979 -12.231 0.740 124 126 104
27.058 -12.263 0.811 141 138 105
26.948 -12.190 0.741 125 127 105
27.065 -12.262 0.821 137 147 112
27.025 -12.308 0.721 129 124 102
27.033 -12.300 0.741 128 130 108
27.020 -12.249 0.775 132 128 99
26.940 -12.196 0.724 127 123 111
27.001 -12.223 0.777 131 130 102
27.051 -12.285 0.779 133 130 99
27.016 -12.258 0.761 134 126 107
27.012 -12.247 0.766 130 122 99
26.911 -12.160 0.721 124 129 106
27.034 -12.247 0.795 137 133 98
27.000 -12.275 0.724 123 122 104
26.973 -12.204 0.760 130 130 104
27.008 -12.215 0.793 133 126 97
27.040 -12.250 0.800 133 133 97
26.981 -12.228 0.746 123 127 104
27.036 -12.264 0.781 130 130 96
27.044 -12.329 0.726 127 127 101
27.043 -12.311 0.742 126 130 103
26.938 -12.163 0.756 135 129 103
26.985 -12.206 0.773 129 129 101
27.030 -12.310 0.727 129 124 102
27.028 -12.293 0.741 130 128 107
26.906 -12.147 0.728 130 132 110
27.029 -12.252 0.784 134 136 99
26.998 -12.246 0.750 124 123 102
27.011 -12.262 0.750 130 126 101
26.963 -12.231 0.720 119 117 104
26.910 -12.137 0.743 140 134 108
27.036 -12.235 0.810 135 139 102
27.039 -12.312 0.737 122 126 103
26.897 -12.142 0.721 134 134 110
27.018 -12.235 0.786 131 126 96
26.928 -12.175 0.729 126 125 105
27.003 -12.236 0.766 134 128 104
27.037 -12.243 0.803 130 130 92
27.070 -12.284 0.804 134 135 104
26.955 -12.180 0.759 133 132 104
27.003 -12.264 0.738 128 122 98
27.010 -12.257 0.753 129 127 106
26.960 -12.218 0.728 124 121 106
26.936 -12.167 0.748 132 130 105
27.015 -12.288 0.729 129 123 101
26.972 -12.213 0.749 126 128 104
27.067 -12.297 0.788 140 139 111
26.955 -12.179 0.760 132 131 103
27.013 -12.217 0.798 137 131 99
27.060 -12.266 0.810 144 138 106
27.062 -12.305 0.774 132 129 98
27.052 -12.276 0.790 139 135 100
26.991 -12.244 0.743 125 124 103
26.883 -12.124 0.721 138 136 113
27.005 -12.230 0.775 130 130 104
26.967 -12.206 0.749 125 127 103
26.969 -12.230 0.728 122 120 107
27.040 -12.274 0.777 131 127 102
27.046 -12.251 0.807 137 134 99
26.906 -12.150 0.725 129 132 111
27.029 -12.291 0.745 131 130 109
26.903 -12.133 0.739 140 136 109
26.976 -12.188 0.779 133 131 106
26.981 -12.197 0.777 131 129 104
27.004 -12.275 0.727 127 122 100
26.996 -12.229 0.764 131 127 102
26.918 -12.160 0.732 129 131 107
27.006 -12.252 0.754 128 126 103
27.067 -12.265 0.821 140 150 115
26.954 -12.218 0.720 122 120 107
27.068 -12.299 0.787 140 140 112
26.988 -12.244 0.739 126 124 103
27.030 -12.305 0.731 124 122 99
26.968 -12.216 0.740 125 124 106
26.925 -12.150 0.749 139 133 107
26.990 -12.250 0.735 126 123 104
26.948 -12.194 0.737 127 126 106
27.058 -12.302 0.771 137 132 100
27.045 -12.333 0.724 128 128 100
27.033 -12.294 0.747 127 129 108
27.035 -12.306 0.738 123 125 103
27.033 -12.236 0.805 131 137 99
26.923 -12.176 0.722 125 124 106
26.902 -12.137 0.733 136 136 108
27.027 -12.259 0.774 137 133 106
26.950 -12.189 0.744 123 125 101
27.048 -12.315 0.745 129 132 105
26.940 -12.174 0.747 131 129 104
26.966 -12.213 0.740 125 124 104
27.039 -12.280 0.768 129 123 101
26.955 -12.190 0.750 132 132 106
26.896 -12.141 0.721 134 134 110
26.997 -12.255 0.739 126 121 101
27.012 -12.217 0.798 137 131 99
26.942 -12.170 0.753 133 129 102
27.018 -12.269 0.752 128 126 101
27.010 -12.262 0.748 127 126 105
26.991 -12.213 0.773 126 126 98
27.018 -12.266 0.756 132 126 102
26.937 -12.174 0.742 130 130 106
26.991 -12.254 0.732 124 122 101
27.015 -12.219 0.798 137 131 99
26.990 -12.215 0.770 128 126 101
27.055 -12.273 0.797 131 135 98
27.008 -12.277 0.732 130 126 101
27.036 -12.272 0.774 132 128 103
27.016 -12.265 0.755 131 125 101
27.047 -12.249 0.810 138 135 102
26.969 -12.236 0.722 116 117 103
26.985 -12.242 0.737 128 123 103
27.038 -12.306 0.742 125 129 102
27.007 -12.244 0.764 133 125 102
26.958 -12.197 0.748 130 130 106
27.027 -12.245 0.788 135 131 96
26.957 -12.214 0.728 125 122 107
26.967 -12.218 0.736 125 124 106
27.052 -12.278 0.788 132 134 95
26.921 -12.169 0.726 125 127 105
26.913 -12.145 0.739 135 134 106
26.965 -12.229 0.724 120 118 105
26.945 -12.206 0.722 121 121 109
27.044 -12.274 0.782 132 131 100
27.048 -12.278 0.783 133 133 99
26.946 -12.174 0.754 133 129 102
26.940 -12.182 0.738 128 127 106
26.926 -12.176 0.725 126 125 105
26.951 -12.183 0.752 130 130 104
27.044 -12.267 0.788 136 133 98
27.062 -12.280 0.798 137 138 104
26.903 -12.139 0.733 136 136 108
27.013 -12.218 0.798 137 131 99
26.949 -12.184 0.748 130 130 104
27.021 -12.297 0.728 129 123 101
27.004 -12.236 0.768 133 129 104
27.025 -12.228 0.803 135 131 96
26.965 -12.231 0.722 120 118 105
27.020 -12.285 0.740 130 125 103
26.996 -12.227 0.766 132 128 103
26.961 -12.189 0.758 130 129 101
26.954 -12.180 0.759 133 132 104
26.984 -12.233 0.744 123 127 104
27.025 -12.290 0.741 132 130 109
27.041 -12.302 0.750 125 132 99
26.992 -12.231 0.757 125 123 100
27.050 -12.328 0.736 132 133 102
27.026 -12.293 0.739 130 128 107
27.054 -12.309 0.758 138 140 101
27.028 -12.300 0.734 124 122 99
27.031 -12.250 0.788 136 136 100
27.036 -12.313 0.732 121 123 102
26.907 -12.154 0.722 127 130 109
26.918 -12.156 0.736 133 133 109
26.975 -12.244 0.722 120 118 105
26.986 -12.253 0.727 120 119 101
26.964 -12.186 0.765 129 128 100
26.993 -12.232 0.757 128 123 101
27.021 -12.269 0.757 132 126 102
26.962 -12.192 0.757 130 130 104
27.059 -12.293 0.781 137 133 104
27.020 -12.285 0.740 130 125 103
26.910 -12.143 0.738 136 135 107
27.045 -12.318 0.738 127 129 105
27.068 -12.280 0.806 135 134 103
27.017 -12.245 0.775 127 127 101
26.954 -12.188 0.751 132 132 106
26.917 -12.161 0.728 127 129 107
26.944 -12.166 0.760 136 131 102
27.013 -12.228 0.788 136 131 99
27.040 -12.314 0.736 124 126 104
27.058 -12.321 0.753 128 129 97
26.947 -12.127 0.804 141 141 103
26.884 -12.114 0.732 142 141 111
26.988 -12.191 0.793 139 129 102
26.882 -12.104 0.741 145 141 114
26.892 -12.122 0.735 142 141 113
26.954 -12.150 0.790 138 136 98
26.950 -12.152 0.782 138 136 98
27.063 -12.252 0.828 135 146 116
26.907 -12.103 0.775 146 144 105
27.020 -12.197 0.829 141 150 107
26.989 -12.151 0.836 139 143 108
26.944 -12.097 0.831 153 150 117
26.917 -12.090 0.803 145 144 113
26.918 -12.076 0.818 153 153 117
26.984 -12.175 0.804 143 128 107
26.927 -12.129 0.774 145 143 104
26.942 -12.149 0.775 138 138 100
26.906 -12.088 0.790 144 141 110
26.948 -12.138 0.795 142 139 98
27.015 -12.189 0.830 140 149 106
26.997 -12.159 0.838 140 144 111
26.954 -12.115 0.826 146 146 112
26.992 -12.161 0.829 146 150 115
27.010 -12.185 0.827 139 147 106
27.028 -12.203 0.833 137 144 103
27.008 -12.173 0.838 144 145 111
27.013 -12.184 0.833 139 148 105
26.956 -12.106 0.838 146 147 116
26.903 -12.092 0.781 150 146 109
26.939 -12.098 0.824 145 145 109
26.987 -12.147 0.837 137 143 107
26.893 -12.108 0.751 146 139 110
26.913 -12.107 0.778 144 142 103
27.004 -12.183 0.821 134 137 106
26.907 -12.104 0.775 146 144 105
26.960 -12.124 0.825 143 144 110
26.971 -12.156 0.806 144 129 110
26.923 -12.087 0.813 148 150 113
26.957 -12.133 0.812 143 140 107
26.893 -12.117 0.742 143 137 111
26.973 -12.178 0.785 133 129 100
26.988 -12.184 0.799 139 127 103
26.937 -12.136 0.783 141 142 100
26.941 -12.128 0.796 144 145 105
26.958 -12.138 0.808 140 135 103
26.916 -12.112 0.777 144 142 103
26.953 -12.131 0.809 143 140 107
27.005 -12.186 0.820 138 137 109
26.881 -12.111 0.732 140 139 109
26.868 -12.102 0.724 187 188 156
27.062 -12.243 0.836 149 159 125
26.917 -12.079 0.814 148 148 114
26.986 -12.154 0.829 144 148 113
26.973 -12.130 0.836 145 151 113
26.939 -12.125 0.795 145 146 106
26.929 -12.138 0.768 140 137 104
27.023 -12.212 0.817 135 134 103
26.946 -12.151 0.778 137 137 99
26.913 -12.116 0.769 146 144 105
26.954 -12.105 0.836 144 145 114
26.912 -12.128 0.756 145 138 109
26.977 -12.179 0.789 134 130 103
26.921 -12.098 0.800 148 148 114
27.024 -12.223 0.806 137 132 100
27.052 -12.240 0.826 131 140 109
26.943 -12.153 0.771 139 136 101
26.979 -12.151 0.822 137 138 107
27.016 -12.183 0.838 137 141 106
26.947 -12.133 0.799 140 138 100
26.900 -12.113 0.755 144 137 108
26.880 -12.100 0.742 148 142 118
26.929 -12.141 0.764 142 137 107
26.931 -12.143 0.766 141 138 105
26.937 -12.149 0.768 139 136 103
26.899 -12.095 0.773 144 142 103
26.990 -12.188 0.798 137 125 101
26.920 -12.098 0.797 145 145 111
26.916 -12.084 0.807 146 147 115
26.889 -12.106 0.749 144 140 115
26.944 -12.094 0.835 150 148 123
27.022 -12.222 0.805 137 132 100
27.014 -12.212 0.804 137 130 101
26.924 -12.137 0.762 141 134 105
26.944 -12.152 0.775 138 138 100
26.934 -12.107 0.806 146 146 108
26.967 -12.173 0.783 132 131 100
26.961 -12.122 0.828 146 147 113
26.901 -12.109 0.762 143 139 104
26.908 -12.113 0.767 147 145 106
26.935 -12.154 0.759 137 132 103
26.979 -12.168 0.804 142 127 104
26.923 -12.122 0.776 145 143 104
26.936 -12.108 0.810 147 149 110
26.900 -12.117 0.752 145 138 110
26.968 -12.123 0.838 145 151 115
26.958 -12.124 0.822 143 143 109
26.958 -12.152 0.793 139 135 100
27.055 -12.237 0.833 138 147 116
26.937 -12.107 0.812 144 146 106
26.972 -12.164 0.798 144 133 105
26.894 -12.104 0.756 144 139 107
26.929 -12.137 0.769 142 139 104
26.920 -12.083 0.813 152 152 116
26.989 -12.162 0.824 138 144 108
26.909 -12.096 0.785 147 143 106
27.008 -12.174 0.836 141 145 108
26.912 -12.109 0.776 145 143 104
26.954 -12.125 0.816 142 142 108
26.988 -12.161 0.823 138 142 109
26.985 -12.184 0.796 139 127 103
26.974 -12.149 0.817 136 137 106
26.903 -12.118 0.754 146 139 110
26.925 -12.091 0.812 147 149 112
26.940 -12.115 0.807 145 145 107
26.927 -12.115 0.789 144 140 103
26.934 -12.149 0.763 139 134 104
26.883 -12.111 0.734 143 142 112
26.915 -12.110 0.778 144 142 103
26.995 -12.195 0.797 137 125 99
26.956 -12.115 0.829 149 150 118
26.950 -12.127 0.809 145 142 107
26.958 -12.146 0.799 141 135 99
26.998 -12.198 0.798 137 125 99
26.924 -12.082 0.819 154 154 118
26.985 -12.158 0.823 137 141 108
27.004 -12.170 0.835 141 147 109
26.914 -12.095 0.793 150 147 114
27.005 -12.173 0.833 139 147 108
26.895 -12.119 0.742 144 138 112
27.074 -12.262 0.832 146 160 127
26.886 -12.097 0.753 150 145 116
27.043 -12.221 0.835 140 145 113
26.992 -12.175 0.813 144 132 110
26.911 -12.094 0.790 145 142 109
26.900 -12.098 0.772 147 145 106
26.930 -12.077 0.833 147 146 115
27.030 -12.204 0.833 136 143 102
26.947 -12.108 0.825 144 143 112
26.902 -12.113 0.758 143 138 106
26.921 -12.138 0.757 142 135 107
26.979 -12.141 0.832 145 149 114
27.036 -12.233 0.812 137 138 104
26.888 -12.113 0.739 143 139 112
26.940 -12.160 0.761 136 131 102
26.970 -12.172 0.787 135 132 101
26.967 -12.128 0.831 146 150 115
27.042 -12.234 0.819 140 133 104
27.052 -12.244 0.822 139 138 108
27.001 -12.176 0.825 139 145 109
26.927 -12.133 0.771 142 142 104
27.029 -12.221 0.816 140 139 108
27.044 -12.220 0.837 139 146 113
26.952 -12.167 0.769 134 130 101
26.927 -12.101 0.805 146 146 110
27.052 -12.239 0.827 131 140 109
26.969 -12.126 0.835 145 151 115
26.986 -12.178 0.804 142 127 106
27.004 -12.195 0.810 138 128 103
26.904 -12.129 0.744 146 139 113
26.877 -12.100 0.738 149 143 119
26.986 -12.156 0.826 138 142 107
26.911 -12.125 0.757 146 139 110
26.899 -12.122 0.744 144 138 112
26.871 -12.102 0.728 172 171 141
26.967 -12.167 0.789 136 133 100
27.029 -12.217 0.820 144 134 107
26.914 -12.115 0.772 147 145 106
26.893 -12.111 0.749 147 140 112
26.868 -12.103 0.723 187 188 156
26.911 -12.086 0.799 145 144 113
26.938 -12.115 0.804 143 144 104
26.935 -12.149 0.764 141 136 106
27.005 -12.193 0.813 139 129 104
26.944 -12.146 0.781 139 140 98
26.910 -12.110 0.772 145 143 104
26.888 -12.091 0.762 149 145 110
26.951 -12.165 0.770 133 129 100
26.925 -12.113 0.790 144 140 103
26.863 -12.053 0.736 157 156 128
26.863 -12.099 0.719 183 186 155
26.893 -12.080 0.775 150 146 111
26.895 -12.068 0.784 147 146 115
26.849 -12.064 0.708 166 165 137
26.839 -12.070 0.688 171 170 142
26.812 -12.041 0.654 149 150 119
26.808 -12.042 0.648 154 153 122
26.846 -12.083 0.695 143 139 110
26.832 -12.047 0.686 133 133 107
26.859 -12.055 0.729 165 164 134
26.852 -12.061 0.715 156 155 127
26.852 -12.075 0.708 129 125 98
26.880 -12.088 0.752 151 147 112
26.843 -12.070 0.695 162 161 133
26.836 -12.051 0.691 156 156 130
26.825 -12.048 0.674 149 148 117
26.871 -12.055 0.748 148 147 117
26.799 -12.040 0.633 134 130 101
26.907 -12.069 0.804 151 152 121
26.820 -12.051 0.665 158 161 130
26.866 -12.057 0.740 148 147 117
26.863 -12.068 0.731 151 147 118
26.884 -12.076 0.763 151 146 114
26.881 -12.063 0.762 156 153 118
26.869 -12.083 0.735 156 152 115
26.889 -12.077 0.770 153 149 114
26.857 -12.091 0.711 163 161 138
26.857 -12.065 0.721 146 142 117
26.866 -12.087 0.728 173 178 138
26.890 -12.080 0.771 150 146 111
26.889 -12.071 0.773 150 145 113
26.812 -12.048 0.652 135 136 105
26.881 -12.070 0.759 152 147 115
26.856 -12.084 0.712 160 154 132
26.831 -12.049 0.684 148 148 122
26.853 -12.059 0.717 157 155 130
26.844 -12.063 0.701 155 154 126
26.869 -12.095 0.729 148 152 115
26.901 -12.067 0.795 145 147 110
26.845 -12.077 0.696 165 164 136
26.862 -12.058 0.732 156 155 125
26.848 -12.076 0.702 150 146 119
26.820 -12.046 0.667 154 157 126
26.821 -12.050 0.667 148 151 120
26.877 -12.080 0.748 151 147 112
26.848 -12.050 0.712 144 143 115
26.855 -12.086 0.710 160 154 132
26.889 -12.082 0.769 149 145 110
26.833 -12.051 0.686 137 137 111
26.884 -12.082 0.761 149 145 110
26.839 -12.050 0.697 154 153 125
26.889 -12.075 0.771 153 149 114
26.831 -12.054 0.681 151 151 125
26.853 -12.086 0.707 158 152 130
26.884 -12.083 0.759 148 144 109
26.833 -12.071 0.678 164 159 137
26.903 -12.067 0.798 157 158 126
26.893 -12.084 0.774 149 145 108
26.827 -12.066 0.670 152 151 121
26.862 -12.086 0.721 174 175 144
26.882 -12.057 0.766 158 156 118
26.891 -12.069 0.778 145 144 116
26.866 -12.100 0.723 173 177 144
26.911 -12.070 0.810 149 149 115
26.821 -12.049 0.666 158 161 130
26.794 -12.040 0.623 131 123 86
26.814 -12.090 0.606 123 123 89
26.850 -12.097 0.690 141 140 112
26.807 -12.081 0.600 124 124 88
26.848 -12.099 0.681 168 168 142
26.828 -12.094 0.638 144 148 115
26.824 -12.065 0.665 145 144 116
26.814 -12.105 0.588 120 124 89
26.811 -12.104 0.580 121 122 91
26.814 -12.075 0.627 142 141 111
26.802 -12.086 0.582 113 107 83
26.809 -12.065 0.629 134 133 102
26.816 -12.061 0.650 143 143 115
26.816 -12.083 0.621 137 136 106
26.836 -12.089 0.664 151 151 123
26.832 -12.074 0.673 170 168 143
26.849 -12.101 0.679 167 165 140
26.836 -12.091 0.661 145 145 117
26.806 -12.081 0.600 124 124 88
26.858 -12.098 0.707 160 160 136
26.806 -12.071 0.611 136 136 102
26.809 -12.080 0.609 129 129 95
26.808 -12.093 0.588 115 112 79
26.815 -12.092 0.607 140 139 108
26.839 -12.088 0.672 157 157 131
26.833 -12.096 0.648 152 152 124
26.816 -12.078 0.628 137 136 106
26.827 -12.105 0.619 146 145 115
26.800 -12.077 0.588 113 109 82
26.823 -12.067 0.659 145 144 114
26.843 -12.085 0.685 164 168 141
26.805 -12.077 0.602 126 126 90
26.829 -12.101 0.630 163 166 135
26.804 -12.105 0.561 104 102 77
26.823 -12.094 0.623 146 145 114
26.795 -12.040 0.626 132 124 87
26.794 -12.044 0.618 126 126 90
26.803 -12.046 0.637 132 128 103
26.826 -12.091 0.636 141 145 110
26.833 -12.085 0.663 149 145 118
26.816 -12.076 0.631 129 128 98
26.824 -12.069 0.660 138 137 109
26.842 -12.103 0.660 156 155 127
26.831 -12.098 0.639 145 150 118
26.800 -12.057 0.616 129 129 95
26.806 -12.051 0.638 135 134 106
26.857 -12.096 0.709 154 154 130
26.814 -12.111 0.580 125 122 87
26.832 -12.098 0.640 161 164 133
26.826 -12.091 0.636 141 145 110
26.804 -12.066 0.614 132 132 98
26.836 -12.083 0.671 171 169 144
26.834 -12.099 0.645 151 154 123
26.801 -12.088 0.576 97 91 65
26.830 -12.070 0.673 162 161 133
26.845 -12.086 0.692 144 144 116
26.839 -12.099 0.658 144 147 118
26.816 -12.082 0.623 150 149 119
26.802 -12.074 0.597 118 115 82
26.830 -12.073 0.670 150 149 121
26.845 -12.086 0.691 150 150 124
26.845 -12.087 0.689 161 156 127
26.814 -12.086 0.611 138 137 106
26.835 -12.105 0.639 162 162 134
26.829 -12.072 0.668 150 149 121
26.837 -12.086 0.670 167 165 140
26.824 -12.084 0.640 148 147 116
26.805 -12.073 0.606 130 130 96
26.807 -12.080 0.603 135 135 99
26.817 -12.069 0.643 151 154 123
26.805 -12.091 0.582 116 112 85
26.953 -12.383 0.067 28 25 20
26.916 -12.390 0.047 39 40 35
26.922 -12.384 0.070 18 17 13
26.903 -12.387 0.065 15 15 13
26.899 -12.383 0.083 24 23 19
26.905 -12.392 0.043 25 26 21
26.946 -12.387 0.052 50 52 49
26.929 -12.389 0.047 50 52 49
26.913 -12.380 0.087 27 24 19
26.897 -12.382 0.084 24 23 19
26.911 -12.391 0.046 36 37 32
26.950 -12.386 0.054 48 50 47
26.899 -12.391 0.050 29 29 27
26.933 -12.383 0.069 18 17 13
26.943 -12.386 0.057 31 33 30
26.917 -12.384 0.073 23 22 18
26.917 -12.381 0.084 26 23 18
26.925 -12.385 0.064 14 14 12
26.904 -12.384 0.076 17 16 12
26.884 -12.385 0.078 10 10 8
26.924 -12.382 0.077 24 23 19
26.910 -12.389 0.053 45 46 41
26.931 -12.388 0.050 63 65 62
26.932 -12.388 0.049 63 65 62
26.897 -12.383 0.081 20 20 18
26.890 -12.389 0.058 27 27 25
26.889 -12.394 0.040 17 17 15
26.888 -12.392 0.049 21 21 19
26.931 -12.383 0.070 20 19 15
26.911 -12.386 0.066 18 19 14
26.897 -12.385 0.074 12 12 10
26.974 -12.381 0.066 34 30 21
26.948 -12.385 0.061 14 15 10
26.913 -12.385 0.070 13 14 9
26.901 -12.380 0.094 25 21 18
26.943 -12.384 0.065 18 17 13
26.968 -12.382 0.066 40 37 30
26.920 -12.389 0.050 49 50 45
26.923 -12.379 0.087 27 24 19
26.889 -12.391 0.051 24 24 22
26.900 -12.386 0.068 12 12 10
26.894 -12.390 0.053 28 28 26
26.641 -12.289 0.047 20 16 13
26.652 -12.291 0.050 21 17 14
26.567 -12.256 0.083 12 12 12
26.561 -12.251 0.093 14 16 15
26.672 -12.297 0.045 23 19 16
26.569 -12.253 0.092 15 15 15
26.581 -12.273 0.054 20 16 13
26.644 -12.289 0.050 22 18 15
26.585 -12.275 0.052 21 17 14
26.638 -12.281 0.063 23 22 18
26.605 -12.283 0.044 23 19 16
26.620 -12.278 0.064 19 15 12
26.597 -12.282 0.043 19 14 11
26.686 -12.304 0.038 25 20 16
26.597 -12.280 0.046 21 16 13
26.602 -12.277 0.055 23 19 18
26.582 -12.277 0.046 19 16 11
26.589 -12.274 0.055 27 21 21
26.574 -12.263 0.073 16 12 13
26.653 -12.297 0.037 30 27 20
26.657 -12.297 0.039 29 26 21
26.646 -12.289 0.050 22 18 15
26.626 -12.280 0.063 19 15 12
26.657 -12.295 0.042 27 24 19
26.662 -12.296 0.043 24 20 17
26.575 -12.262 0.076 15 11 12
26.631 -12.290 0.040 19 18 13
26.664 -12.294 0.049 21 17 14
26.624 -12.282 0.057 22 18 15
26.594 -12.267 0.074 12 10 11
26.688 -12.303 0.042 22 17 13
26.602 -12.284 0.040 23 20 15
26.655 -12.291 0.051 21 17 14
26.628 -12.292 0.036 20 19 14
26.572 -12.266 0.065 14 16 13
26.578 -12.261 0.080 14 10 11
26.568 -12.257 0.082 12 12 12
26.650 -12.294 0.042 24 21 16
26.590 -12.264 0.080 12 11 9
26.662 -12.292 0.052 21 17 14
26.591 -12.279 0.045 24 19 15
26.575 -12.267 0.064 16 18 15
26.605 -12.268 0.077 11 11 9
26.641 -12.293 0.039 25 22 17
26.687 -12.291 0.055 21 17 16
26.732 -12.286 0.061 19 20 15
26.747 -12.274 0.072 14 12 13
26.588 -12.247 0.098 13 13 11
26.751 -12.256 0.091 12 13 8
26.690 -12.296 0.049 24 19 15
26.737 -12.309 0.038 24 23 18
26.747 -12.254 0.094 12 12 12
26.748 -12.254 0.093 12 12 12
26.698 -12.272 0.074 21 18 11
26.767 -12.263 0.084 21 17 14
26.731 -12.287 0.059 19 20 15
26.653 -12.247 0.098 17 16 14
26.731 -12.262 0.084 15 14 12
26.720 -12.294 0.052 28 28 20
26.719 -12.303 0.043 31 28 19
26.743 -12.274 0.073 16 15 13
26.641 -12.251 0.094 15 14 12
26.627 -12.254 0.092 13 12 10
26.688 -12.282 0.063 22 18 15
26.608 -12.247 0.099 12 12 10
26.588 -12.254 0.091 13 12 10
26.729 -12.287 0.059 19 20 15
26.747 -12.252 0.095 12 12 12
26.617 -12.261 0.085 11 11 9
26.601 -12.257 0.088 11 11 9
26.763 -12.247 0.101 19 17 18
26.698 -12.275 0.071 24 21 14
26.708 -12.295 0.051 24 21 14
26.752 -12.250 0.097 13 13 11
26.740 -12.283 0.064 15 15 13
26.685 -12.294 0.051 21 17 16
26.664 -12.273 0.073 20 16 15
26.752 -12.271 0.076 14 12 13
26.740 -12.254 0.093 15 15 15
26.741 -12.253 0.094 15 15 15
26.672 -12.258 0.088 18 14 13
26.668 -12.275 0.071 20 16 15
26.580 -12.250 0.095 13 12 10
26.640 -12.272 0.073 18 17 15
26.749 -12.309 0.037 12 14 9
26.654 -12.279 0.066 22 18 15
26.719 -12.261 0.085 18 17 15
26.746 -12.306 0.041 14 16 11
26.741 -12.301 0.045 19 18 16
26.604 -12.266 0.079 10 10 8
26.653 -12.256 0.089 20 16 15
26.728 -12.276 0.071 18 17 13
26.733 -12.252 0.095 13 13 11
26.699 -12.250 0.097 17 16 12
26.717 -12.249 0.097 19 18 14
26.587 -12.254 0.091 13 12 10
26.698 -12.294 0.051 28 25 18
26.741 -12.250 0.097 14 14 12
26.630 -12.253 0.093 13 12 10
26.647 -12.276 0.069 22 19 14
26.661 -12.283 0.062 23 19 16
26.670 -12.269 0.077 20 16 15
26.686 -12.276 0.070 22 18 15
26.694 -12.273 0.073 22 19 14
26.679 -12.283 0.063 20 16 13
26.763 -12.268 0.079 17 16 14
26.624 -12.274 0.072 15 14 12
26.611 -12.265 0.081 12 12 10
26.596 -12.263 0.083 13 12 10
26.710 -12.263 0.084 18 17 12
26.674 -12.271 0.075 20 16 15
26.599 -12.253 0.093 10 12 9
26.647 -12.266 0.079 21 20 18
26.752 -12.273 0.074 14 12 13
26.723 -12.309 0.037 27 24 15
26.755 -12.247 0.100 18 14 11
26.623 -12.256 0.090 14 13 11
26.617 -12.270 0.075 12 11 9
26.734 -12.273 0.074 15 14 12
26.730 -12.300 0.046 28 28 18
26.747 -12.260 0.087 14 13 9
26.740 -12.250 0.097 14 14 12
26.765 -12.270 0.078 17 16 14
26.748 -12.308 0.038 12 14 9
26.612 -12.247 0.099 12 12 10
26.700 -12.303 0.042 28 25 20
26.741 -12.265 0.082 14 13 11
26.701 -12.263 0.083 19 19 11
26.758 -12.285 0.062 14 14 12
26.647 -12.259 0.086 19 18 16
26.720 -12.283 0.063 24 24 16
26.692 -12.285 0.061 26 21 15
26.711 -12.276 0.070 25 22 15
26.652 -12.279 0.066 21 18 13
26.592 -12.248 0.098 11 13 10
26.745 -12.277 0.070 14 14 14
26.578 -12.246 0.099 13 13 11
26.732 -12.257 0.089 16 15 13
26.756 -12.265 0.082 13 11 12
26.664 -12.275 0.071 20 16 15
26.677 -12.247 0.099 18 17 12
26.746 -12.300 0.046 14 14 12
26.607 -12.269 0.077 11 11 9
26.658 -12.281 0.064 23 19 16
26.712 -12.278 0.068 23 20 13
26.746 -12.258 0.089 12 12 12
26.649 -12.255 0.090 18 17 15
26.568 -12.248 0.097 15 15 15
26.643 -12.258 0.088 17 16 14
26.647 -12.257 0.088 18 17 15
26.721 -12.300 0.046 25 25 17
26.614 -12.270 0.076 11 11 9
26.744 -12.298 0.049 16 15 13
26.621 -12.265 0.081 14 13 11
26.720 -12.287 0.059 26 26 18
26.607 -12.259 0.087 11 11 9
26.703 -12.268 0.078 23 20 13
26.691 -12.255 0.091 22 19 14
26.738 -12.285 0.062 14 14 12
26.676 -12.276 0.070 21 17 16
26.665 -12.264 0.082 17 13 12
26.758 -12.277 0.070 14 13 11
26.738 -12.262 0.085 15 14 12
26.514 -12.234 0.072 29 23 9
26.511 -12.237 0.056 25 16 0
26.544 -12.253 0.060 30 22 20
26.452 -12.210 0.042 177 171 139
26.572 -12.269 0.057 18 18 16
26.553 -12.266 0.036 33 25 23
26.520 -12.244 0.050 21 16 13
26.528 -12.243 0.066 26 23 18
26.491 -12.228 0.052 137 109 70
26.511 -12.233 0.069 30 23 5
26.472 -12.220 0.045 163 136 93
26.539 -12.255 0.048 26 22 19
26.543 -12.245 0.086 10 10 12
26.543 -12.260 0.037 25 19 19
26.563 -12.259 0.075 11 11 13
26.486 -12.227 0.045 153 120 77
26.551 -12.259 0.054 26 17 18
26.551 -12.253 0.075 11 10 8
26.464 -12.214 0.048 194 172 133
26.566 -12.271 0.041 27 22 19
26.522 -12.236 0.080 21 17 8
26.470 -12.217 0.052 170 147 106
26.560 -12.255 0.081 10 11 13
26.527 -12.237 0.084 27 23 20
26.558 -12.254 0.082 9 13 14
26.505 -12.234 0.058 78 61 35
26.455 -12.212 0.042 181 173 137
26.527 -12.247 0.051 22 21 19
26.495 -12.228 0.059 129 105 71
26.539 -12.255 0.047 26 22 19
26.490 -12.226 0.054 130 102 65
26.543 -12.246 0.082 11 11 11
26.513 -12.237 0.060 27 19 6
26.499 -12.234 0.044 133 110 79
26.491 -12.225 0.059 133 107 70
26.542 -12.258 0.043 29 24 21
26.478 -12.223 0.045 157 126 82
26.556 -12.261 0.056 27 21 21
26.464 -12.216 0.045 189 166 125
26.554 -12.264 0.043 25 15 14
26.544 -12.250 0.072 9 8 6
26.570 -12.270 0.053 20 19 15
26.513 -12.238 0.056 25 15 3
26.567 -12.271 0.043 25 20 17
26.491 -12.227 0.053 137 109 70
26.492 -12.231 0.044 134 106 69
26.499 -12.229 0.062 126 106 79
26.485 -12.228 0.042 143 110 67
27.013 -12.117 0.700 43 37 23
27.020 -12.084 0.785 90 83 64
27.053 -12.125 0.784 92 85 66
27.027 -12.121 0.727 83 75 56
27.000 -12.067 0.767 85 78 52
27.005 -12.080 0.754 95 87 64
27.035 -12.130 0.730 81 70 52
27.038 -12.118 0.760 92 86 64
27.046 -12.132 0.753 87 79 60
27.021 -12.121 0.711 47 40 22
27.034 -12.120 0.746 88 75 56
27.008 -12.087 0.746 91 83 62
26.994 -12.074 0.736 90 84 62
27.025 -12.093 0.776 94 87 68
27.050 -12.118 0.792 93 87 65
27.000 -12.074 0.755 92 84 61
27.014 -12.079 0.777 92 82 57
27.023 -12.106 0.747 96 85 65
26.997 -12.099 0.696 38 36 24
27.028 -12.110 0.753 97 85 63
27.011 -12.080 0.768 92 82 57
27.030 -12.105 0.766 95 89 67
27.010 -12.076 0.775 91 81 56
27.001 -12.097 0.710 44 38 24
26.994 -12.079 0.728 97 90 71
27.003 -12.103 0.702 43 40 25
26.996 -12.056 0.779 90 82 59
27.026 -12.112 0.742 90 79 59
27.017 -12.111 0.723 53 46 27
27.014 -12.115 0.705 47 41 27
26.986 -12.045 0.778 88 82 60
27.048 -12.132 0.759 90 81 64
27.013 -12.093 0.747 97 89 66
27.054 -12.133 0.772 99 90 73
27.022 -12.086 0.787 86 79 60
27.058 -12.143 0.761 90 81 64
27.030 -12.121 0.735 82 71 53
26.986 -12.071 0.724 93 88 69
26.980 -12.033 0.783 87 79 56
27.044 -12.125 0.763 92 85 66
27.018 -12.088 0.772 96 85 63
27.018 -12.101 0.745 98 87 65
27.044 -12.135 0.741 82 69 50
26.988 -12.062 0.747 86 80 56
27.020 -12.104 0.743 95 84 64
26.991 -12.060 0.758 88 80 57
27.029 -12.098 0.778 90 83 64
27.065 -12.146 0.774 93 85 66
27.007 -12.075 0.771 90 80 55
27.031 -12.116 0.748 89 78 58
27.024 -12.101 0.760 98 86 64
26.996 -12.097 0.696 39 37 25
27.020 -12.087 0.777 93 86 67
27.037 -12.120 0.754 96 83 64
27.023 -12.098 0.764 95 84 62
27.067 -12.149 0.773 91 83 64
27.020 -12.101 0.749 99 88 66
27.024 -12.120 0.720 52 45 26
27.010 -12.096 0.732 96 90 68
26.993 -12.079 0.724 94 87 68
26.988 -12.054 0.764 86 78 55
27.031 -12.124 0.729 82 71 53
27.010 -12.077 0.774 92 82 57
27.053 -12.138 0.758 89 80 63
27.040 -12.120 0.763 92 85 66
26.989 -12.078 0.718 70 65 46
27.057 -12.130 0.785 93 87 65
27.023 -12.122 0.716 39 32 13
27.019 -12.093 0.764 96 85 63
27.046 -12.124 0.769 94 87 69
26.989 -12.047 0.779 89 83 61
27.036 -12.109 0.773 94 88 66
27.040 -12.117 0.769 92 85 66
26.992 -12.064 0.753 88 80 57
26.998 -12.059 0.778 89 81 58
27.001 -12.086 0.733 107 101 79
27.021 -12.108 0.738 90 79 59
26.981 -12.041 0.772 87 82 60
27.056 -12.135 0.773 97 88 71
26.992 -12.089 0.702 41 39 27
27.029 -12.126 0.724 78 70 51
27.007 -12.072 0.777 89 79 54
27.035 -12.103 0.782 90 83 64
27.005 -12.105 0.702 43 39 27
26.983 -12.045 0.770 87 81 59
27.038 -12.113 0.771 93 86 67
27.009 -12.084 0.756 93 85 62
26.994 -12.092 0.700 40 38 26
26.976 -12.030 0.780 86 78 55
26.978 -12.038 0.772 87 82 60
27.038 -12.103 0.790 89 84 64
26.995 -12.091 0.706 38 36 21
27.011 -12.072 0.785 90 83 64
26.984 -12.065 0.732 89 82 63
27.024 -12.121 0.720 52 45 26
27.014 -12.090 0.757 93 85 62
27.079 -12.155 0.790 92 84 65
27.036 -12.118 0.753 96 83 64
26.982 -12.053 0.751 83 77 53
27.044 -12.137 0.738 83 70 51
26.998 -12.094 0.708 39 36 21
27.010 -12.105 0.716 45 38 19
26.996 -12.103 0.683 33 32 27
27.057 -12.127 0.791 95 89 65
27.080 -12.156 0.791 92 84 65
27.022 -12.098 0.761 100 89 67
27.023 -12.098 0.764 95 84 62
27.038 -12.108 0.779 92 85 66
27.012 -12.088 0.757 96 88 65
27.017 -12.104 0.737 92 84 63
27.046 -12.160 0.705 82 74 55
27.050 -12.168 0.699 84 76 57
27.058 -12.163 0.726 85 72 55
27.056 -12.156 0.733 84 71 52
27.046 -12.158 0.707 83 75 56
27.010 -12.122 0.684 38 35 26
27.024 -12.134 0.695 43 37 23
27.048 -12.166 0.697 92 85 67
27.045 -12.164 0.694 81 74 56
27.047 -12.172 0.686 62 55 37
27.083 -12.163 0.785 82 74 55
27.058 -12.168 0.718 86 75 57
27.023 -12.131 0.699 44 36 23
27.044 -12.170 0.682 48 41 23
27.002 -12.113 0.680 36 36 28
27.038 -12.154 0.696 58 51 33
27.020 -12.135 0.686 37 33 21
27.008 -12.120 0.681 34 34 26
27.026 -12.145 0.682 41 35 23
27.059 -12.158 0.738 81 74 56
27.043 -12.138 0.734 84 73 55
27.057 -12.148 0.749 84 75 58
27.043 -12.159 0.698 81 74 56
27.070 -12.160 0.759 81 74 56
27.059 -12.163 0.728 84 71 52
27.045 -12.143 0.729 84 73 55
27.029 -12.139 0.699 40 33 15
27.010 -12.117 0.690 41 39 27
27.042 -12.156 0.701 90 83 65
27.048 -12.148 0.728 83 72 54
27.043 -12.146 0.721 84 73 55
27.080 -12.159 0.784 84 77 59
27.046 -12.144 0.730 84 73 55
27.049 -12.149 0.728 83 72 54
27.065 -12.155 0.757 87 75 59
27.071 -12.159 0.763 83 78 59
27.016 -12.121 0.699 44 38 24
27.052 -12.163 0.714 84 73 55
27.025 -12.126 0.710 42 35 17
27.050 -12.147 0.736 84 71 52
27.061 -12.150 0.754 89 77 61
27.057 -12.146 0.753 89 77 61
27.024 -12.125 0.711 42 35 17
27.070 -12.169 0.744 87 75 59
27.040 -12.167 0.678 42 36 24
27.026 -12.131 0.706 44 37 19
27.062 -12.154 0.750 87 75 59
27.043 -12.170 0.678 43 37 25
27.019 -12.131 0.690 42 36 24
27.032 -12.141 0.703 50 43 25
27.063 -12.174 0.721 85 72 53
27.017 -12.130 0.686 37 35 23
27.042 -12.167 0.683 49 42 24
27.055 -12.173 0.701 82 74 55
27.025 -12.126 0.711 42 35 17
27.024 -12.127 0.708 46 39 21
27.041 -12.143 0.719 82 71 53
27.012 -12.125 0.682 38 35 26
27.002 -12.116 0.675 32 31 26
26.878 -12.315 0.093 17 17 15
27.008 -12.271 0.055 41 38 31
26.839 -12.300 0.099 11 11 11
26.929 -12.306 0.080 19 19 19
26.838 -12.318 0.102 13 13 11
26.952 -12.258 0.065 27 23 14
26.872 -12.310 0.093 13 13 13
26.946 -12.273 0.069 36 33 26
26.828 -12.265 0.094 21 20 16
26.970 -12.269 0.063 36 33 26
26.912 -12.321 0.087 21 21 19
26.892 -12.324 0.092 23 23 21
26.864 -12.343 0.102 13 13 11
26.889 -12.258 0.079 28 23 19
26.865 -12.351 0.103 8 8 6
26.972 -12.250 0.059 50 48 36
26.913 -12.300 0.082 17 17 15
26.921 -12.347 0.090 16 16 14
26.902 -12.249 0.074 28 24 15
26.862 -12.321 0.098 16 16 14
26.781 -12.248 0.100 18 14 15
26.835 -12.279 0.095 13 12 8
26.877 -12.337 0.098 26 26 24
26.859 -12.279 0.090 14 13 9
26.876 -12.358 0.102 17 17 15
26.886 -12.362 0.101 23 19 16
26.885 -12.313 0.091 15 17 14
26.833 -12.269 0.094 21 20 18
26.983 -12.293 0.065 18 17 15
26.946 -12.338 0.082 84 84 82
26.921 -12.274 0.075 30 27 20
26.880 -12.298 0.089 13 13 13
26.891 -12.359 0.099 21 21 19
26.897 -12.345 0.095 20 20 18
26.873 -12.283 0.087 13 12 8
26.810 -12.286 0.102 13 12 10
26.907 -12.311 0.086 20 22 19
26.913 -12.257 0.073 32 28 19
26.878 -12.363 0.103 20 19 15
26.924 -12.282 0.076 15 14 10
27.036 -12.269 0.049 32 31 26
26.951 -12.250 0.063 35 31 22
26.888 -12.359 0.100 20 20 18
26.875 -12.274 0.085 27 26 22
26.869 -12.304 0.093 13 13 13
26.947 -12.332 0.081 55 57 54
26.918 -12.347 0.091 15 15 13
26.956 -12.275 0.067 33 30 23
26.831 -12.256 0.091 22 21 17
26.910 -12.320 0.087 21 21 19
26.902 -12.281 0.081 15 14 10
27.044 -12.270 0.047 22 21 16
26.890 -12.258 0.079 27 22 18
26.980 -12.303 0.068 20 19 17
26.902 -12.340 0.093 38 38 36
26.898 -12.282 0.082 14 13 9
26.903 -12.309 0.086 17 19 16
26.811 -12.276 0.099 12 11 9
26.950 -12.288 0.072 15 14 12
26.958 -12.289 0.070 16 15 13
26.802 -12.276 0.102 14 13 11
26.869 -12.249 0.081 34 31 24
26.872 -12.323 0.096 19 19 17
26.845 -12.322 0.102 15 15 13
26.857 -12.274 0.089 21 20 16
26.929 -12.259 0.070 27 22 18
26.971 -12.277 0.065 27 24 19
26.879 -12.286 0.087 14 13 9
26.936 -12.261 0.069 29 24 18
27.010 -12.271 0.055 38 35 28
26.861 -12.333 0.100 22 22 20
26.991 -12.305 0.066 22 21 19
26.848 -12.272 0.091 20 19 15
26.923 -12.341 0.088 49 49 47
26.987 -12.281 0.062 23 20 15
26.934 -12.271 0.072 33 30 23
26.958 -12.282 0.069 17 16 12
26.958 -12.329 0.078 44 45 40
26.993 -12.264 0.057 31 28 19
26.830 -12.255 0.091 22 21 17
26.903 -12.292 0.083 16 15 13
26.869 -12.332 0.098 23 23 21
26.919 -12.348 0.091 16 16 14
26.999 -12.271 0.057 36 33 26
26.959 -12.273 0.067 35 32 25
26.979 -12.309 0.069 25 26 21
26.905 -12.266 0.077 35 32 25
27.018 -12.267 0.052 33 30 21
26.927 -12.259 0.071 30 25 19
26.998 -12.282 0.060 29 26 21
26.800 -12.265 0.100 18 16 17
26.926 -12.340 0.088 50 50 48
26.911 -12.279 0.078 19 16 11
26.930 -12.257 0.070 32 27 21
26.822 -12.266 0.095 21 20 18
26.822 -12.298 0.102 14 14 14
26.855 -12.271 0.089 25 24 20
26.937 -12.264 0.069 32 27 23
26.847 -12.272 0.091 20 19 15
26.970 -12.299 0.069 17 17 17
26.842 -12.280 0.094 12 11 7
26.920 -12.247 0.070 47 43 32
26.947 -12.252 0.065 31 27 18
26.887 -12.279 0.084 19 16 11
26.845 -12.301 0.097 11 11 11
26.961 -12.272 0.066 36 33 26
26.969 -12.313 0.072 26 28 27
26.900 -12.307 0.087 17 19 16
26.881 -12.366 0.103 21 20 16
26.801 -12.262 0.099 18 17 15
26.941 -12.326 0.081 37 39 36
26.848 -12.289 0.094 12 11 9
26.846 -12.298 0.096 12 12 12
26.814 -12.272 0.098 19 18 16
26.788 -12.259 0.101 14 12 13
26.935 -12.285 0.074 12 11 9
26.947 -12.319 0.078 26 28 25
26.904 -12.286 0.081 15 14 10
26.949 -12.326 0.080 40 42 39
26.973 -12.262 0.061 33 30 21
26.858 -12.342 0.103 16 16 14
26.822 -12.298 0.102 14 14 14
26.843 -12.265 0.091 28 24 21
26.956 -12.284 0.069 17 16 12
26.949 -12.295 0.073 15 15 15
26.884 -12.371 0.103 25 21 18
26.951 -12.308 0.075 20 20 20
26.960 -12.292 0.070 16 14 15
26.928 -12.306 0.080 17 17 15
26.908 -12.274 0.078 27 24 17
26.967 -12.326 0.076 41 42 37
26.953 -12.261 0.065 30 25 19
26.893 -12.348 0.096 13 13 11
26.844 -12.328 0.103 19 19 17
26.987 -12.277 0.061 25 22 15
26.869 -12.324 0.097 19 19 17
26.936 -12.282 0.073 22 19 14
26.866 -12.334 0.099 23 23 21
26.930 -12.298 0.078 16 16 16
27.025 -12.286 0.055 17 16 14
26.819 -12.296 0.102 14 14 14
26.941 -12.276 0.071 28 25 18
26.801 -12.269 0.100 17 16 14
27.019 -12.270 0.053 28 25 16
26.811 -12.272 0.099 17 16 14
27.060 -12.260 0.042 22 24 19
26.885 -12.356 0.100 14 14 12
26.845 -12.250 0.087 26 23 16
26.859 -12.253 0.084 28 25 18
26.903 -12.303 0.085 15 15 13
26.854 -12.290 0.093 13 12 10
26.841 -12.282 0.094 12 11 7
26.883 -12.272 0.083 28 25 18
27.072 -12.256 0.038 57 64 56
26.887 -12.282 0.084 13 12 8
26.831 -12.276 0.095 18 17 15
26.950 -12.287 0.071 13 12 10
26.861 -12.313 0.096 17 17 15
26.900 -12.355 0.096 17 17 15
26.903 -12.332 0.091 41 41 39
26.842 -12.274 0.092 21 20 16
26.933 -12.313 0.081 18 23 19
27.006 -12.255 0.052 39 31 18
26.890 -12.304 0.088 15 15 13
26.948 -12.318 0.078 26 28 25
26.888 -12.349 0.098 12 12 10
26.889 -12.322 0.092 21 21 19
26.889 -12.349 0.097 11 11 9
26.913 -12.324 0.087 22 22 20
26.916 -12.263 0.074 32 27 21
26.861 -12.276 0.089 18 17 13
26.906 -12.302 0.084 15 15 13
26.967 -12.316 0.073 29 30 25
27.001 -12.293 0.061 15 14 12
26.787 -12.251 0.100 17 16 14
26.922 -12.331 0.087 55 55 53
26.904 -12.345 0.093 25 25 23
26.897 -12.328 0.092 32 32 30
26.879 -12.319 0.093 17 17 15
26.950 -12.335 0.081 77 77 75
26.926 -12.260 0.071 30 25 19
26.825 -12.255 0.092 24 23 19
26.967 -12.258 0.062 33 30 21
26.997 -12.283 0.060 20 19 15
26.983 -12.304 0.067 21 20 18
26.942 -12.289 0.074 19 18 16
26.878 -12.276 0.085 24 23 19
26.927 -12.339 0.087 64 64 62
26.949 -12.261 0.066 32 27 21
26.899 -12.250 0.075 37 33 24
26.989 -12.249 0.055 50 40 30
26.914 -12.339 0.090 52 52 50
26.973 -12.300 0.069 17 17 17
26.831 -12.289 0.098 10 10 10
26.891 -12.334 0.094 41 41 39
26.952 -12.309 0.075 21 23 22
26.919 -12.298 0.081 15 15 13
26.863 -12.249 0.083 29 26 19
26.995 -12.265 0.057 33 30 23
26.998 -12.274 0.058 36 33 26
26.928 -12.332 0.086 60 60 58
26.952 -12.308 0.075 20 20 20
26.793 -12.247 0.098 21 17 14
26.782 -12.251 0.101 16 12 13
26.832 -12.289 0.098 10 10 10
26.915 -12.341 0.090 46 46 44
26.899 -12.288 0.083 16 15 13
26.959 -12.275 0.067 35 32 25
27.056 -12.250 0.040 21 20 18
26.988 -12.267 0.059 32 29 22
26.936 -12.271 0.071 33 30 23
26.923 -12.260 0.072 24 19 13
26.866 -12.280 0.088 16 15 11
26.942 -12.309 0.077 20 22 21
26.848 -12.316 0.100 17 17 15
26.832 -12.283 0.096 15 14 12
26.810 -12.303 0.108 16 16 16
26.826 -12.335 0.113 16 16 14
26.825 -12.354 0.121 12 12 10
26.828 -12.344 0.116 9 9 7
26.847 -12.373 0.119 14 13 11
26.861 -12.352 0.104 9 9 7
26.872 -12.377 0.110 23 19 16
26.814 -12.314 0.110 18 18 16
26.801 -12.295 0.109 14 14 14
26.854 -12.343 0.104 12 12 10
26.823 -12.350 0.120 10 10 8
26.804 -12.305 0.111 16 16 16
26.827 -12.370 0.127 14 14 12
26.862 -12.369 0.111 21 20 18
26.816 -12.318 0.111 22 22 20
26.829 -12.374 0.127 12 12 10
26.829 -12.372 0.126 12 12 10
26.823 -12.370 0.128 14 14 12
26.842 -12.360 0.116 18 20 19
26.795 -12.277 0.105 13 12 10
26.841 -12.346 0.111 10 10 8
26.801 -12.290 0.107 14 14 14
26.868 -12.380 0.112 23 19 18
26.875 -12.370 0.105 20 19 15
26.856 -12.348 0.105 10 10 8
26.834 -12.345 0.114 9 9 7
26.792 -12.290 0.111 14 14 14
26.823 -12.387 0.135 15 15 15
26.821 -12.316 0.108 19 19 17
26.825 -12.354 0.121 12 12 10
26.836 -12.354 0.117 13 13 11
26.823 -12.330 0.113 17 17 15
26.864 -12.372 0.111 21 20 18
26.846 -12.379 0.121 14 13 11
26.783 -12.261 0.104 14 13 11
26.837 -12.365 0.120 10 12 9
26.846 -12.356 0.113 17 17 15
26.827 -12.325 0.109 19 19 17
26.849 -12.363 0.114 18 20 17
26.842 -12.362 0.117 16 18 17
26.839 -12.363 0.118 15 17 16
26.785 -12.272 0.107 12 12 10
26.793 -12.298 0.114 13 13 13
26.789 -12.270 0.104 13 12 10
26.833 -12.335 0.110 17 17 15
26.852 -12.345 0.105 12 12 10
26.798 -12.300 0.112 14 14 14
26.852 -12.353 0.109 10 10 8
26.829 -12.377 0.128 12 12 10
26.834 -12.358 0.119 11 16 12
26.838 -12.344 0.111 10 10 8
26.829 -12.341 0.114 10 10 8
26.868 -12.382 0.113 23 19 18
26.852 -12.361 0.112 20 22 19
26.822 -12.315 0.108 19 19 17
26.810 -12.043 0.627 136 133 100
26.922 -12.091 0.622 93 87 55
26.826 -12.052 0.619 135 132 99
26.921 -12.083 0.650 95 89 63
26.928 -12.098 0.608 94 89 57
26.964 -12.107 0.629 28 29 23
26.996 -12.116 0.645 25 21 20
26.932 -12.087 0.650 94 89 67
26.948 -12.105 0.615 97 93 66
26.892 -12.089 0.586 101 96 66
26.972 -12.117 0.606 63 60 51
26.955 -12.101 0.637 33 33 25
26.845 -12.058 0.625 102 99 66
26.913 -12.088 0.621 94 89 57
26.944 -12.118 0.562 92 89 58
26.972 -12.115 0.616 22 23 18
26.990 -12.114 0.644 26 22 19
26.824 -12.049 0.624 149 146 113
26.962 -12.098 0.660 23 20 13
26.956 -12.095 0.661 30 28 16
26.905 -12.090 0.600 96 89 61
26.946 -12.116 0.572 90 89 58
26.963 -12.109 0.620 32 28 19
26.936 -12.089 0.653 95 92 73
26.969 -12.116 0.608 46 42 31
26.864 -12.072 0.603 100 95 63
26.859 -12.072 0.599 87 84 51
26.868 -12.074 0.603 97 92 60
26.933 -12.105 0.590 100 95 66
26.885 -12.081 0.602 100 94 62
26.951 -12.110 0.602 89 84 55
26.966 -12.124 0.574 80 78 55
26.904 -12.082 0.628 110 101 72
26.944 -12.115 0.572 93 92 61
26.974 -12.102 0.662 24 23 19
26.983 -12.105 0.663 24 20 17
26.993 -12.128 0.599 19 19 11
26.850 -12.058 0.631 96 93 58
26.819 -12.047 0.627 148 145 112
26.948 -12.113 0.586 94 91 60
26.895 -12.081 0.619 104 98 66
26.879 -12.074 0.621 103 97 65
26.905 -12.085 0.618 97 92 62
26.909 -12.098 0.577 90 85 55
26.951 -12.120 0.568 93 92 61
26.858 -12.060 0.636 105 102 69
26.918 -12.101 0.580 90 83 55
26.970 -12.124 0.582 82 76 60
26.923 -12.087 0.638 92 85 56
26.827 -12.052 0.620 135 132 99
26.945 -12.104 0.614 95 90 60
26.894 -12.081 0.615 99 93 61
26.910 -12.092 0.600 97 90 62
26.985 -12.135 0.564 18 18 8
26.981 -12.137 0.551 37 34 19
26.952 -12.119 0.571 96 95 65
26.976 -12.121 0.599 51 48 39
26.986 -12.136 0.562 18 18 8
26.960 -12.117 0.588 87 83 58
26.984 -12.131 0.577 21 21 13
26.933 -12.092 0.636 95 89 65
26.986 -12.110 0.652 26 25 23
26.904 -12.077 0.643 98 93 63
26.872 -12.072 0.616 97 92 60
26.928 -12.098 0.606 94 89 57
26.916 -12.097 0.591 96 89 61
26.974 -12.129 0.567 72 70 55
26.972 -12.124 0.582 81 75 61
26.943 -12.104 0.609 90 85 53
26.975 -12.125 0.586 72 68 56
26.833 -12.053 0.626 141 138 107
26.963 -12.111 0.615 31 27 16
26.823 -12.052 0.614 129 126 91
26.995 -12.138 0.568 22 22 14
26.867 -12.072 0.608 98 93 61
26.929 -12.105 0.583 91 90 59
26.897 -12.081 0.618 104 98 66
26.904 -12.089 0.602 93 86 58
26.992 -12.140 0.557 14 14 6
26.961 -12.096 0.664 25 22 15
26.979 -12.129 0.576 51 47 35
26.980 -12.119 0.612 24 23 18
26.988 -12.131 0.581 17 17 9
26.963 -12.122 0.576 90 86 61
26.955 -12.097 0.654 24 21 12
26.964 -12.109 0.623 27 28 23
26.933 -12.102 0.600 102 97 65
26.913 -12.093 0.602 96 89 61
26.960 -12.122 0.573 87 85 60
26.920 -12.082 0.651 95 89 63
26.954 -12.112 0.597 88 82 56
26.994 -12.110 0.663 29 25 24
26.909 -12.089 0.609 99 92 64
26.928 -12.096 0.612 89 83 51
26.918 -12.093 0.609 96 91 61
26.984 -12.121 0.611 20 19 14
26.912 -12.080 0.646 98 95 64
26.945 -12.102 0.619 89 84 62
26.949 -12.115 0.582 93 89 60
26.909 -12.096 0.586 95 90 60
26.988 -12.115 0.638 29 24 20
26.978 -12.133 0.563 61 59 44
26.946 -12.104 0.616 97 93 66
26.975 -12.102 0.664 24 23 19
26.949 -12.095 0.649 31 29 14
26.949 -12.098 0.642 34 32 19
26.955 -12.103 0.633 30 31 23
26.963 -12.100 0.654 18 17 12
26.920 -12.094 0.608 103 98 68
26.955 -12.117 0.581 92 88 59
26.856 -12.069 0.603 96 93 60
26.985 -12.131 0.576 15 15 7
26.988 -12.124 0.607 24 24 16
26.923 -12.095 0.610 96 91 61
26.987 -12.123 0.608 15 14 9
26.863 -12.072 0.603 100 95 63
26.841 -12.055 0.631 121 118 85
26.975 -12.112 0.629 28 27 23
26.864 -12.069 0.616 92 89 56
26.810 -12.044 0.621 141 138 105
26.891 -12.080 0.615 91 85 53
26.969 -12.127 0.567 82 80 55
26.968 -12.122 0.585 76 71 52
26.992 -12.135 0.574 18 18 10
26.993 -12.125 0.608 35 32 25
26.989 -12.118 0.629 29 26 19
26.959 -12.110 0.614 45 41 29
26.957 -12.102 0.638 33 33 25
26.826 -12.054 0.610 134 131 96
26.950 -12.098 0.640 34 34 22
26.895 -12.074 0.641 98 93 63
26.817 -12.049 0.617 143 140 105
26.893 -12.080 0.618 103 97 65
26.889 -12.072 0.640 97 90 61
26.962 -12.123 0.572 87 85 60
26.869 -12.066 0.634 100 95 63
26.976 -12.134 0.553 57 54 37
26.969 -12.123 0.581 82 76 60
26.956 -12.113 0.598 88 82 56
26.928 -12.099 0.603 92 87 57
26.877 -12.073 0.618 97 92 60
26.896 -12.088 0.593 86 81 51
26.850 -12.065 0.609 97 94 61
26.922 -12.089 0.628 94 88 56
26.932 -12.109 0.573 93 90 59
26.851 -12.061 0.623 102 99 66
26.843 -12.059 0.619 115 112 79
26.923 -12.106 0.573 90 87 56
26.893 -12.077 0.629 103 94 65
26.915 -12.097 0.591 96 89 61
26.942 -12.098 0.631 83 80 61
26.978 -12.129 0.573 66 60 46
26.958 -12.123 0.566 84 83 55
26.924 -12.040 0.721 91 85 61
26.951 -12.028 0.761 86 79 53
26.972 -12.059 0.731 90 84 62
26.901 -12.056 0.678 97 90 62
26.914 -12.033 0.723 93 86 58
26.904 -12.050 0.690 89 85 56
26.955 -12.086 0.676 56 52 40
26.922 -12.037 0.724 90 83 57
26.875 -12.038 0.686 94 89 60
26.864 -12.051 0.657 108 106 68
26.947 -12.053 0.720 91 83 60
26.929 -12.032 0.737 94 84 57
26.949 -12.066 0.703 92 85 66
26.981 -12.066 0.727 93 86 67
26.934 -12.077 0.671 99 94 74
26.898 -12.037 0.704 89 84 55
26.952 -12.035 0.751 88 81 55
26.979 -12.050 0.750 87 81 57
26.810 -12.037 0.636 142 139 108
26.910 -12.074 0.658 101 95 69
26.925 -12.028 0.739 94 84 57
26.929 -12.047 0.714 89 83 59
26.957 -12.066 0.709 88 82 66
26.932 -12.038 0.729 88 81 55
26.911 -12.043 0.707 89 84 55
26.865 -12.050 0.659 105 105 69
26.955 -12.077 0.690 102 99 84
26.856 -12.051 0.652 102 99 66
26.939 -12.067 0.692 92 87 67
26.821 -12.044 0.634 143 140 109
26.931 -12.050 0.711 90 84 60
26.975 -12.041 0.761 85 80 58
26.965 -12.049 0.740 82 77 55
26.833 -12.040 0.649 148 145 110
26.872 -12.040 0.680 88 84 59
26.950 -12.055 0.719 91 84 65
26.941 -12.056 0.710 86 80 56
26.932 -12.045 0.719 92 86 64
26.930 -12.045 0.718 92 86 64
26.966 -12.032 0.766 82 76 52
26.938 -12.062 0.699 92 86 64
26.957 -12.049 0.733 87 81 59
26.859 -12.040 0.671 103 100 69
26.884 -12.050 0.674 89 85 58
26.921 -12.079 0.658 98 92 68
26.926 -12.032 0.735 104 94 67
26.949 -12.050 0.726 90 84 60
26.857 -12.033 0.678 109 104 74
26.816 -12.039 0.638 149 146 115
26.928 -12.026 0.744 94 84 57
26.951 -12.082 0.679 102 98 86
26.862 -12.043 0.668 84 83 52
26.938 -12.028 0.752 98 91 63
26.973 -12.097 0.674 23 23 15
26.798 -12.038 0.626 130 127 94
26.921 -12.067 0.676 98 94 65
26.933 -12.081 0.665 97 92 72
26.928 -12.082 0.660 107 101 79
26.900 -12.041 0.700 87 83 54
26.907 -12.045 0.701 90 86 57
26.853 -12.055 0.642 95 92 57
26.949 -12.061 0.710 86 80 64
26.933 -12.037 0.732 90 83 57
26.931 -12.047 0.716 90 84 62
26.955 -12.043 0.742 85 79 55
26.836 -12.034 0.660 152 149 114
26.910 -12.070 0.664 104 97 71
26.951 -12.074 0.691 101 98 81
26.823 -12.045 0.634 151 148 117
26.808 -12.036 0.636 138 135 104
26.984 -12.078 0.711 29 30 16
26.877 -12.037 0.690 88 83 54
26.957 -12.058 0.720 89 82 63
26.976 -12.060 0.733 90 83 64
26.835 -12.037 0.655 166 163 128
26.938 -12.029 0.749 98 91 63
26.953 -12.063 0.710 88 82 66
26.932 -12.054 0.705 91 85 61
26.955 -12.086 0.676 56 52 40
26.847 -12.055 0.638 112 109 74
26.886 -12.029 0.707 88 82 56
26.967 -12.050 0.741 83 78 56
26.941 -12.074 0.683 95 89 73
26.888 -12.048 0.680 96 91 62
26.962 -12.078 0.694 76 74 59
26.971 -12.093 0.678 29 29 19
26.960 -12.042 0.747 87 81 59
26.858 -12.059 0.640 92 89 54
26.935 -12.047 0.719 89 83 61
26.920 -12.078 0.660 99 91 68
26.989 -12.102 0.678 27 26 22
26.940 -12.076 0.679 94 91 74
26.927 -12.030 0.738 94 84 57
26.978 -12.101 0.671 27 24 19
26.920 -12.043 0.713 92 86 60
26.928 -12.033 0.735 96 86 59
26.961 -12.090 0.674 20 17 8
26.941 -12.050 0.721 89 81 58
26.905 -12.048 0.694 92 88 59
26.983 -12.066 0.728 92 85 66
26.953 -12.039 0.746 87 81 57
26.887 -12.066 0.652 100 95 66
26.844 -12.041 0.656 133 130 95
26.974 -12.035 0.768 87 82 60
26.873 -12.057 0.654 98 96 58
26.957 -12.060 0.718 89 82 63
26.929 -12.066 0.685 104 99 77
26.913 -12.052 0.695 92 88 59
26.955 -12.035 0.753 87 81 57
26.971 -12.071 0.711 96 94 79
26.927 -12.047 0.713 88 82 58
26.952 -12.028 0.763 83 76 50
26.949 -12.079 0.681 105 102 87
26.966 -12.070 0.709 93 90 75
26.988 -12.101 0.679 27 26 22
26.944 -12.064 0.701 87 81 59
26.916 -12.059 0.685 100 97 66
26.972 -12.096 0.674 23 23 15
26.887 -12.053 0.672 93 88 58
26.948 -12.053 0.722 93 87 63
26.896 -12.050 0.684 92 86 60
26.955 -12.093 0.664 29 27 15
26.974 -12.046 0.753 83 77 53
26.911 -12.028 0.728 93 86 57
26.978 -12.051 0.748 83 77 53
26.986 -12.104 0.672 27 23 22
26.854 -12.047 0.656 91 88 55
26.931 -12.044 0.720 94 88 66
26.909 -12.047 0.698 87 83 54
26.994 -12.102 0.682 29 28 23
26.911 -12.067 0.670 97 90 62
26.875 -12.039 0.684 92 88 61
26.901 -12.064 0.667 99 92 66
26.891 -12.062 0.662 100 96 69
26.974 -12.059 0.732 90 84 62
26.843 -12.033 0.667 153 150 117
26.873 -12.048 0.668 94 90 63
26.956 -12.051 0.730 86 80 58
26.924 -12.057 0.694 99 95 70
26.942 -12.037 0.741 84 77 51
26.934 -12.080 0.667 94 89 69
26.814 -12.039 0.637 134 131 100
26.954 -12.049 0.731 84 78 56
26.834 -12.034 0.658 159 156 121
26.910 -12.052 0.691 90 86 57
26.894 -12.071 0.650 94 89 60
26.862 -12.045 0.666 90 90 56
26.943 -12.081 0.675 107 104 89
26.848 -12.046 0.653 128 125 90
26.898 -12.044 0.694 89 85 56
26.958 -12.070 0.702 99 93 79
26.915 -12.059 0.685 100 97 66
26.915 -12.077 0.656 99 93 67
26.950 -12.050 0.727 87 81 57
26.926 -12.043 0.717 92 86 62
26.863 -12.114 0.547 89 85 56
26.916 -12.137 0.532 95 91 62
26.911 -12.122 0.549 85 80 50
26.899 -12.097 0.576 92 87 57
26.877 -12.142 0.518 93 88 58
26.867 -12.077 0.592 103 98 66
26.843 -12.096 0.564 93 89 60
26.975 -12.135 0.549 66 63 48
26.858 -12.076 0.591 99 96 65
26.910 -12.120 0.551 91 86 56
26.931 -12.139 0.534 95 92 61
26.852 -12.110 0.550 96 91 61
26.863 -12.102 0.562 93 89 60
26.862 -12.100 0.564 96 92 63
26.813 -12.057 0.604 138 135 100
26.869 -12.113 0.550 88 84 55
26.901 -12.114 0.556 92 87 57
26.878 -12.109 0.557 93 89 60
26.889 -12.129 0.536 86 83 52
26.896 -12.097 0.575 90 85 55
26.921 -12.130 0.542 87 82 52
26.875 -12.107 0.559 89 85 56
26.866 -12.105 0.559 88 84 55
26.898 -12.146 0.518 93 88 56
26.913 -12.127 0.543 91 86 56
26.839 -12.066 0.599 97 94 61
26.927 -12.137 0.534 91 86 56
26.873 -12.091 0.577 90 90 56
26.836 -12.079 0.583 109 106 73
26.806 -12.044 0.617 140 137 102
26.933 -12.117 0.560 94 91 60
26.927 -12.127 0.547 94 89 59
26.911 -12.122 0.549 85 80 50
26.856 -12.087 0.579 101 98 67
26.843 -12.088 0.574 79 76 45
26.955 -12.128 0.553 91 88 57
26.983 -12.147 0.537 42 38 29
26.842 -12.064 0.601 92 89 56
26.853 -12.071 0.597 86 83 50
26.877 -12.136 0.525 93 88 58
26.868 -12.079 0.590 89 84 52
26.854 -12.102 0.559 94 90 61
26.816 -12.062 0.599 141 138 103
26.821 -12.065 0.595 127 124 89
26.874 -12.138 0.522 94 89 59
26.833 -12.088 0.571 110 106 77
26.976 -12.145 0.537 69 66 47
26.948 -12.125 0.555 92 89 58
26.853 -12.086 0.578 101 98 67
26.879 -12.130 0.532 98 93 63
26.943 -12.129 0.550 93 90 59
26.922 -12.121 0.552 93 90 59
26.814 -12.061 0.600 137 134 99
26.841 -12.074 0.590 95 92 59
26.893 -12.102 0.569 88 83 53
26.931 -12.117 0.560 94 91 60
26.849 -12.073 0.593 102 99 66
26.836 -12.069 0.595 98 95 60
26.873 -12.132 0.528 87 82 52
26.855 -12.092 0.572 97 94 63
26.848 -12.097 0.564 90 86 57
26.830 -12.075 0.586 115 112 79
26.811 -12.047 0.615 135 132 97
26.863 -12.103 0.560 88 84 55
26.819 -12.061 0.600 136 134 96
26.909 -12.142 0.525 85 82 51
26.955 -12.127 0.554 92 89 58
26.852 -12.087 0.577 92 89 56
26.832 -12.074 0.588 107 104 71
26.918 -12.137 0.532 95 91 62
26.816 -12.052 0.611 130 127 92
26.952 -12.134 0.545 92 91 60
26.887 -12.135 0.528 91 86 54
26.848 -12.105 0.555 83 78 49
26.888 -12.112 0.556 87 83 54
26.965 -12.147 0.533 89 87 62
26.860 -12.093 0.572 89 86 55
26.909 -12.143 0.524 85 82 51
26.947 -12.136 0.542 98 95 64
26.842 -12.093 0.567 97 93 64
26.850 -12.082 0.582 86 83 50
26.897 -12.144 0.519 90 85 53
26.855 -12.082 0.584 96 93 62
26.822 -12.054 0.609 130 127 92
26.857 -12.103 0.559 95 91 62
26.895 -12.104 0.566 87 82 52
26.936 -12.115 0.564 92 89 58
26.912 -12.120 0.552 87 82 52
26.948 -12.145 0.531 92 89 58
26.927 -12.142 0.528 87 84 53
26.882 -12.136 0.526 95 90 58
26.851 -12.099 0.563 88 84 55
26.929 -12.110 0.567 91 88 57
26.895 -12.092 0.581 92 87 57
26.917 -12.130 0.540 89 84 54
26.926 -12.138 0.534 87 82 52
26.885 -12.135 0.527 93 88 56
26.872 -12.108 0.557 85 81 52
26.962 -12.143 0.536 89 88 60
26.870 -12.121 0.541 95 90 60
26.908 -12.105 0.568 97 92 62
26.838 -12.092 0.568 97 93 64
26.937 -12.141 0.533 86 83 52
26.886 -12.133 0.530 96 91 59
26.816 -12.080 0.581 125 121 92
26.879 -12.148 0.511 98 93 63
26.833 -12.101 0.560 113 108 78
26.814 -12.075 0.586 132 128 99
26.845 -12.112 0.548 102 97 65
26.796 -12.054 0.607 116 116 82
26.823 -12.088 0.573 126 122 95
26.829 -12.110 0.552 124 119 89
26.831 -12.113 0.549 121 117 79
26.812 -12.065 0.595 131 128 95
26.819 -12.117 0.547 107 100 71
26.798 -12.052 0.609 112 112 78
26.813 -12.069 0.591 126 123 92
26.820 -12.112 0.551 113 106 78
26.846 -12.126 0.535 95 89 63
26.812 -12.104 0.560 111 104 78
26.810 -12.071 0.590 126 123 92
26.834 -12.098 0.562 115 110 81
26.849 -12.133 0.529 99 94 62
26.830 -12.098 0.562 132 127 97
26.823 -12.079 0.580 136 132 103
26.808 -12.092 0.571 98 93 64
26.803 -12.078 0.584 124 120 93
26.827 -12.124 0.540 119 113 81
26.838 -12.105 0.556 98 93 63
26.804 -12.067 0.595 116 116 82
26.834 -12.115 0.547 116 112 77
26.812 -12.082 0.580 121 117 90
26.872 -12.139 0.520 91 86 56
26.825 -12.101 0.561 115 110 80
26.838 -12.107 0.554 101 96 66
26.820 -12.096 0.566 126 122 97
26.800 -12.050 0.611 116 113 80
26.808 -12.098 0.566 109 104 74
26.865 -12.134 0.526 98 93 64
26.791 -12.331 0.134 14 14 12
26.768 -12.321 0.151 13 13 11
26.772 -12.315 0.143 13 13 11
26.773 -12.266 0.114 15 15 13
26.777 -12.293 0.126 11 11 9
26.797 -12.336 0.131 14 14 12
26.780 -12.294 0.123 11 11 9
26.811 -12.358 0.130 14 14 12
26.762 -12.344 0.170 13 13 11
26.784 -12.349 0.151 14 14 12
26.792 -12.359 0.149 14 16 13
26.790 -12.318 0.127 16 16 14
26.798 -12.347 0.136 13 13 11
26.797 -12.355 0.142 16 15 13
26.814 -12.369 0.133 15 15 13
26.786 -12.329 0.137 15 15 13
26.766 -12.351 0.170 14 13 11
26.804 -12.381 0.150 14 16 15
26.784 -12.286 0.115 11 11 9
26.801 -12.379 0.151 11 15 14
26.791 -12.331 0.134 14 14 12
26.775 -12.277 0.118 10 10 8
26.780 -12.341 0.151 14 14 12
26.770 -12.292 0.132 10 10 8
26.813 -12.369 0.134 15 15 13
26.775 -12.360 0.166 14 14 12
26.814 -12.382 0.140 13 15 14
26.811 -12.376 0.140 14 16 15
26.779 -12.309 0.132 13 13 11
26.812 -12.374 0.138 14 16 13
26.772 -12.312 0.141 13 13 11
26.777 -12.278 0.117 10 10 8
26.792 -12.313 0.122 14 14 12
26.797 -12.340 0.133 13 13 11
26.793 -12.313 0.121 14 14 12
26.792 -12.367 0.154 14 16 13
26.771 -12.309 0.141 12 12 10
26.806 -12.357 0.134 14 14 12
26.781 -12.301 0.126 12 12 10
26.776 -12.301 0.132 12 12 10
26.805 -12.359 0.136 14 14 12
26.780 -12.291 0.122 9 9 7
26.786 -12.361 0.156 16 16 14
26.806 -12.357 0.134 14 14 12
26.786 -12.333 0.140 14 14 12
26.824 -12.392 0.137 12 12 12
26.783 -12.279 0.112 13 13 11
26.784 -12.340 0.145 15 15 13
26.821 -12.387 0.136 15 15 15
26.767 -12.313 0.147 13 13 11
26.784 -12.356 0.155 16 16 14
26.778 -12.291 0.124 10 10 8
26.781 -12.341 0.150 15 15 13
26.775 -12.318 0.142 13 13 11
26.767 -12.333 0.158 13 13 11
26.780 -12.327 0.142 15 15 13
26.773 -12.361 0.169 14 14 12
26.766 -12.256 0.072 19 19 19
26.767 -12.261 0.079 19 19 19
26.771 -12.199 0.052 23 22 20
26.776 -12.185 0.069 22 22 20
26.786 -12.086 0.045 48 47 43
26.768 -12.233 0.066 22 22 22
26.761 -12.278 0.061 16 16 16
26.759 -12.261 0.040 14 16 13
26.787 -12.081 0.047 29 30 25
26.764 -12.254 0.058 18 18 18
26.770 -12.230 0.071 23 23 23
26.774 -12.230 0.090 20 18 19
26.772 -12.207 0.063 22 24 23
26.775 -12.219 0.086 22 20 21
26.779 -12.144 0.053 27 26 22
26.772 -12.192 0.053 22 21 19
26.770 -12.253 0.086 23 21 22
26.768 -12.216 0.051 20 20 18
26.779 -12.122 0.039 26 26 26
26.765 -12.245 0.057 16 16 16
26.770 -12.206 0.053 23 22 20
26.773 -12.243 0.097 19 18 16
26.764 -12.239 0.047 19 20 15
26.783 -12.105 0.045 19 17 18
26.769 -12.214 0.057 21 21 19
26.763 -12.252 0.053 18 18 16
26.777 -12.179 0.070 22 22 20
26.769 -12.222 0.061 20 20 18
26.769 -12.245 0.076 20 20 20
26.783 -12.102 0.042 36 34 35
26.787 -12.084 0.051 87 88 83
26.788 -12.067 0.044 21 22 17
26.790 -12.051 0.043 36 40 39
26.772 -12.218 0.073 22 22 22
26.775 -12.210 0.081 22 20 21
26.779 -12.155 0.060 25 21 22
26.761 -12.267 0.056 16 18 17
26.771 -12.222 0.072 22 22 22
26.780 -12.140 0.056 22 21 16
26.765 -12.213 0.037 21 20 18
26.778 -12.170 0.069 23 22 20
26.760 -12.265 0.045 17 19 16
26.786 -12.075 0.040 27 28 23
26.766 -12.246 0.061 16 16 16
26.770 -12.253 0.089 21 19 20
26.780 -12.119 0.038 25 25 25
26.761 -12.264 0.053 16 18 17
26.759 -12.286 0.056 15 15 15
26.778 -12.162 0.062 30 26 27
26.785 -12.085 0.040 30 29 27
26.771 -12.239 0.082 21 19 20
26.771 -12.201 0.054 24 23 21
26.772 -12.248 0.093 19 18 16
26.761 -12.274 0.058 18 18 18
26.786 -12.081 0.042 27 28 23
26.763 -12.266 0.065 17 17 15
26.757 -12.287 0.048 11 13 10
26.773 -12.209 0.071 17 19 18
26.766 -12.222 0.047 20 20 18
26.787 -12.074 0.040 27 28 23
26.775 -12.212 0.082 22 20 21
26.763 -12.247 0.049 18 18 16
26.774 -12.218 0.082 23 21 22
26.776 -12.148 0.043 24 25 19
26.769 -12.223 0.062 20 20 18
26.762 -12.277 0.068 15 15 13
26.777 -12.157 0.053 28 27 25
26.774 -12.217 0.084 22 20 21
26.777 -12.157 0.053 28 27 25
26.777 -12.196 0.079 20 20 18
26.777 -12.165 0.058 26 26 24
26.770 -12.248 0.086 22 20 21
26.779 -12.165 0.071 24 23 19
26.778 -12.137 0.043 27 28 23
26.780 -12.166 0.073 23 22 18
26.765 -12.215 0.037 19 18 16
26.759 -12.263 0.042 11 13 10
26.776 -12.207 0.083 20 20 18
26.773 -12.203 0.066 22 24 23
26.779 -12.141 0.053 24 23 19
26.765 -12.243 0.056 19 19 19
26.776 -12.206 0.081 20 20 18
26.778 -12.145 0.049 22 23 18
26.779 -12.138 0.047 26 27 22
26.774 -12.181 0.057 21 21 19
26.770 -12.189 0.044 21 20 18
26.774 -12.193 0.066 21 23 22
26.774 -12.203 0.071 22 24 23
26.761 -12.253 0.043 17 16 12
26.772 -12.208 0.066 20 22 21
26.778 -12.190 0.080 20 19 17
26.778 -12.128 0.037 25 25 25
26.770 -12.212 0.060 21 22 17
26.772 -12.240 0.087 21 19 20
26.766 -12.254 0.068 19 19 19
26.790 -12.052 0.040 44 48 47
26.774 -12.226 0.087 21 19 20
26.784 -12.114 0.057 24 24 22
26.782 -12.242 0.090 15 14 9
26.792 -12.197 0.068 23 20 15
26.818 -12.271 0.047 47 43 32
26.821 -12.246 0.039 73 67 55
26.817 -12.270 0.048 49 45 34
26.789 -12.080 0.051 52 52 50
26.787 -12.160 0.068 25 22 15
26.811 -12.199 0.043 63 55 42
26.792 -12.235 0.075 21 18 13
26.787 -12.216 0.078 20 16 13
26.798 -12.244 0.068 20 17 10
26.788 -12.080 0.051 52 52 50
26.791 -12.239 0.078 19 16 11
26.778 -12.232 0.093 16 15 13
26.786 -12.158 0.069 27 24 19
26.800 -12.085 0.037 35 31 28
26.793 -12.096 0.048 97 97 89
26.805 -12.165 0.045 27 23 11
26.824 -12.292 0.042 46 43 34
26.795 -12.160 0.058 30 27 20
26.791 -12.111 0.054 25 25 17
26.804 -12.194 0.051 24 20 9
26.785 -12.186 0.076 23 19 16
26.791 -12.117 0.054 24 21 16
26.792 -12.073 0.045 29 28 23
26.785 -12.216 0.082 17 16 14
26.790 -12.093 0.052 92 91 86
26.796 -12.209 0.065 23 20 15
26.779 -12.209 0.088 17 16 14
26.802 -12.170 0.050 27 24 15
26.796 -12.092 0.043 82 79 72
26.817 -12.268 0.048 49 45 34
26.812 -12.198 0.041 62 55 37
26.791 -12.237 0.076 19 16 11
26.799 -12.078 0.037 27 23 22
26.787 -12.217 0.078 20 16 13
26.790 -12.172 0.066 21 18 13
26.784 -12.187 0.077 23 19 16
26.817 -12.282 0.051 45 42 35
26.778 -12.221 0.091 22 21 19
26.789 -12.198 0.073 19 15 12
26.801 -12.131 0.043 30 27 18
26.786 -12.130 0.063 24 23 19
26.825 -12.294 0.042 46 43 34
26.791 -12.185 0.067 22 19 14
26.815 -12.284 0.053 30 29 24
26.816 -12.240 0.045 62 55 45
26.803 -12.137 0.042 31 27 16
26.789 -12.239 0.081 18 15 10
26.781 -12.174 0.079 22 18 15
26.807 -12.259 0.060 23 20 11
26.797 -12.092 0.041 82 79 72
26.793 -12.217 0.070 21 18 13
26.794 -12.185 0.063 23 20 15
26.800 -12.234 0.064 24 21 16
26.801 -12.210 0.059 24 20 11
26.796 -12.151 0.054 26 21 15
26.809 -12.190 0.044 37 31 17
26.813 -12.247 0.049 51 47 36
26.794 -12.146 0.056 27 24 17
26.787 -12.097 0.056 21 21 13
26.791 -12.199 0.070 20 16 13
26.794 -12.246 0.074 21 18 13
26.798 -12.090 0.041 38 35 30
26.804 -12.219 0.056 27 22 18
26.791 -12.219 0.074 20 16 13
26.822 -12.248 0.038 67 61 49
26.795 -12.157 0.057 27 24 17
26.809 -12.188 0.044 37 31 17
26.815 -12.283 0.053 45 42 35
26.814 -12.229 0.044 63 56 46
26.800 -12.107 0.040 68 64 55
26.803 -12.257 0.065 21 17 14
26.784 -12.140 0.068 22 21 17
26.795 -12.109 0.048 28 25 18
26.789 -12.248 0.081 19 18 13
26.802 -12.134 0.043 30 26 17
26.796 -12.227 0.068 23 19 16
26.805 -12.172 0.046 31 23 12
26.779 -12.189 0.084 20 19 17
26.808 -12.197 0.047 34 28 16
26.818 -12.260 0.044 55 51 39
26.798 -12.094 0.041 49 46 39
26.804 -12.220 0.057 27 22 18
26.791 -12.157 0.062 30 27 20
26.794 -12.120 0.051 22 19 14
26.792 -12.236 0.076 20 17 12
26.783 -12.214 0.084 16 15 13
26.784 -12.157 0.072 27 24 19
26.815 -12.254 0.048 49 45 34
26.792 -12.155 0.060 30 27 22
26.820 -12.277 0.046 42 39 30
26.807 -12.272 0.062 23 22 17
26.780 -12.187 0.082 20 19 17
26.796 -12.220 0.067 23 19 16
26.812 -12.280 0.056 28 27 22
26.804 -12.154 0.044 31 27 16
26.791 -12.185 0.067 22 19 14
26.789 -12.235 0.079 19 16 11
26.812 -12.182 0.038 68 61 43
26.803 -12.264 0.066 20 16 13
26.796 -12.201 0.064 23 20 15
26.787 -12.230 0.081 16 15 11
26.793 -12.152 0.058 27 22 16
26.811 -12.184 0.040 46 39 21
26.921 -12.264 0.053 57 50 34
26.901 -12.257 0.064 49 43 31
26.866 -12.261 0.067 49 45 34
26.833 -12.282 0.054 36 33 24
26.947 -12.257 0.054 40 34 20
26.851 -12.258 0.073 35 33 21
26.956 -12.250 0.060 41 37 25
26.972 -12.269 0.038 52 50 29
26.988 -12.249 0.054 54 41 32
26.904 -12.283 0.038 57 50 32
26.937 -12.256 0.058 40 34 20
26.875 -12.277 0.049 52 49 34
26.891 -12.271 0.052 48 42 28
26.850 -12.274 0.058 41 39 27
26.882 -12.265 0.060 51 47 35
26.912 -12.261 0.058 52 44 31
27.029 -12.253 0.042 55 48 38
26.882 -12.257 0.068 45 41 30
26.896 -12.281 0.041 55 48 32
26.847 -12.250 0.082 31 28 19
26.833 -12.297 0.038 40 38 26
26.971 -12.253 0.054 46 43 28
26.855 -12.285 0.045 55 53 40
26.884 -12.285 0.039 37 31 15
27.032 -12.254 0.040 60 54 42
26.858 -12.251 0.079 38 36 24
26.985 -12.248 0.056 52 42 32
26.948 -12.251 0.060 40 34 20
27.022 -12.257 0.040 58 49 32
26.856 -12.253 0.078 33 31 19
26.902 -12.281 0.040 54 47 31
26.918 -12.279 0.038 66 59 40
26.940 -12.265 0.049 57 50 34
26.912 -12.265 0.053 53 46 30
26.969 -12.270 0.037 60 58 37
26.845 -12.289 0.044 42 38 27
26.890 -12.262 0.061 51 45 33
26.893 -12.285 0.038 44 37 21
26.846 -12.281 0.052 50 46 37
26.932 -12.277 0.038 64 55 38
26.861 -12.286 0.043 48 46 33
26.875 -12.286 0.040 48 45 30
26.959 -12.266 0.043 60 59 39
26.960 -12.268 0.041 56 53 34
26.798 -12.267 0.076 19 15 12
26.854 -12.271 0.060 45 43 31
26.896 -12.280 0.042 55 48 32
26.820 -12.263 0.075 40 37 32
26.849 -12.289 0.043 46 42 31
26.953 -12.249 0.062 47 43 31
26.827 -12.280 0.057 37 34 25
26.873 -12.265 0.062 55 51 39
26.931 -12.274 0.041 71 62 45
26.811 -12.277 0.063 31 28 23
26.835 -12.259 0.076 38 35 28
26.933 -12.273 0.041 71 62 45
26.966 -12.255 0.053 45 43 28
26.934 -12.254 0.059 51 45 31
26.886 -12.257 0.067 39 35 24
26.996 -12.262 0.040 62 48 35
26.958 -12.269 0.041 69 62 43
26.859 -12.278 0.052 51 49 37
26.843 -12.283 0.050 38 34 25
26.782 -12.251 0.095 18 17 15
27.019 -12.259 0.038 61 53 34
26.943 -12.249 0.064 45 39 27
26.991 -12.259 0.043 54 42 28
26.850 -12.269 0.063 44 42 30
26.936 -12.254 0.061 39 33 19
26.849 -12.277 0.054 40 38 26
26.785 -12.249 0.096 15 14 12
27.018 -12.251 0.046 59 50 35
26.855 -12.289 0.042 52 48 36
26.803 -12.254 0.087 26 22 19
26.793 -12.264 0.080 17 13 10
26.821 -12.276 0.062 30 27 22
26.926 -12.276 0.040 74 67 49
26.952 -12.250 0.061 52 48 36
26.981 -12.262 0.043 57 51 35
26.823 -12.267 0.070 32 29 24
26.854 -12.291 0.040 42 38 27
26.971 -12.254 0.053 57 54 39
26.880 -12.254 0.071 43 39 28
26.796 -12.246 0.097 21 17 16
26.883 -12.259 0.066 48 44 32
26.851 -12.294 0.038 42 38 27
26.946 -12.260 0.052 51 43 30
26.875 -12.281 0.046 53 50 35
26.819 -12.282 0.056 30 27 20
27.033 -12.251 0.043 51 46 40
27.009 -12.254 0.045 55 46 29
26.858 -12.281 0.049 53 51 38
26.980 -12.266 0.039 58 55 36
26.799 -12.259 0.084 20 16 13
26.838 -12.254 0.080 42 39 32
26.794 -12.257 0.086 19 15 14
26.859 -12.251 0.079 38 36 24
26.985 -12.252 0.052 45 35 23
26.845 -12.295 0.037 45 41 30
27.001 -12.252 0.048 54 40 29
27.007 -12.262 0.038 71 60 42
26.877 -12.264 0.062 41 37 25
26.822 -12.263 0.075 31 28 23
26.973 -12.269 0.037 51 49 28
26.840 -12.276 0.058 34 31 22
26.843 -12.294 0.039 37 33 22
26.794 -12.260 0.083 18 14 11
26.869 -12.264 0.064 59 55 43
27.002 -12.084 0.803 130 128 103
27.041 -12.116 0.797 107 105 84
27.027 -12.122 0.809 140 139 111
26.965 -12.073 0.821 154 154 130
27.057 -12.126 0.792 94 89 69
27.008 -12.099 0.808 144 147 120
26.949 -12.076 0.833 189 187 162
26.975 -12.082 0.820 146 146 122
26.970 -12.070 0.816 145 145 119
27.003 -12.101 0.812 130 133 106
26.956 -12.048 0.812 144 147 120
26.950 -12.073 0.831 196 195 167
27.043 -12.122 0.798 108 106 85
27.012 -12.076 0.791 83 82 54
27.039 -12.114 0.797 107 106 76
27.022 -12.095 0.797 104 99 79
27.056 -12.141 0.802 133 127 101
26.981 -12.092 0.822 161 163 139
27.036 -12.120 0.802 139 132 104
26.964 -12.086 0.830 199 197 174
27.028 -12.126 0.811 135 133 108
26.977 -12.069 0.811 149 149 123
27.038 -12.132 0.808 136 132 105
26.967 -12.071 0.818 156 156 132
26.981 -12.044 0.793 83 77 53
27.012 -12.102 0.807 137 137 111
26.981 -12.082 0.815 141 141 115
26.953 -12.083 0.834 206 204 183
27.057 -12.137 0.798 114 107 81
27.035 -12.129 0.808 130 126 99
26.983 -12.066 0.805 142 138 113
27.018 -12.099 0.801 125 125 99
26.975 -12.053 0.803 132 130 105
26.990 -12.102 0.822 162 164 140
27.080 -12.155 0.794 96 85 65
26.976 -12.077 0.816 143 143 117
26.995 -12.106 0.821 139 141 117
26.971 -12.058 0.808 142 142 116
26.966 -12.075 0.821 154 154 130
26.965 -12.042 0.803 130 126 101
26.954 -12.043 0.810 147 150 123
26.967 -12.057 0.810 148 151 124
27.053 -12.135 0.800 128 118 93
26.972 -12.055 0.806 150 150 124
26.975 -12.052 0.802 132 130 105
27.042 -12.116 0.796 95 93 72
27.074 -12.151 0.796 96 85 63
26.973 -12.046 0.800 118 116 95
26.984 -12.091 0.819 146 148 124
27.041 -12.134 0.807 144 140 113
27.014 -12.115 0.814 136 134 109
27.023 -12.086 0.791 86 81 62
27.063 -12.142 0.798 104 96 73
26.951 -12.081 0.834 206 204 183
26.965 -12.058 0.812 146 149 122
27.018 -12.093 0.798 123 117 95
26.963 -12.034 0.800 113 109 82
26.976 -12.083 0.820 145 145 121
26.981 -12.098 0.825 158 160 136
26.963 -12.047 0.807 147 141 115
26.964 -12.070 0.820 141 143 119
26.985 -12.068 0.805 143 139 114
27.007 -12.095 0.806 135 135 109
26.965 -12.081 0.825 160 158 135
26.978 -12.055 0.802 125 123 98
26.951 -12.068 0.827 180 180 156
27.033 -12.108 0.797 110 106 79
26.938 -12.065 0.834 200 206 178
26.967 -12.077 0.822 158 158 134
26.982 -12.040 0.790 89 76 60
26.963 -12.063 0.816 147 150 123
27.053 -12.136 0.800 128 118 93
26.978 -12.093 0.824 160 162 138
26.975 -12.027 0.788 84 77 51
26.990 -12.088 0.813 140 143 116
26.992 -12.057 0.794 82 77 57
27.044 -12.153 0.813 132 136 103
27.060 -12.203 0.823 140 144 109
27.064 -12.167 0.808 146 150 115
26.953 -12.091 0.837 155 153 138
27.049 -12.169 0.816 146 152 116
27.005 -12.136 0.827 186 186 158
27.083 -12.215 0.816 140 144 107
27.028 -12.145 0.819 163 166 139
27.073 -12.215 0.820 138 142 105
27.081 -12.216 0.817 139 143 106
26.989 -12.113 0.827 175 174 153
27.079 -12.244 0.828 136 146 112
26.989 -12.129 0.833 204 203 182
27.057 -12.147 0.804 137 133 106
27.002 -12.152 0.834 210 213 194
27.087 -12.168 0.796 94 89 60
27.079 -12.242 0.827 138 147 116
26.975 -12.109 0.833 194 193 172
27.056 -12.187 0.819 140 144 109
27.083 -12.174 0.801 150 147 116
27.081 -12.200 0.811 139 143 108
27.083 -12.197 0.809 137 141 106
27.048 -12.148 0.809 132 131 101
27.023 -12.160 0.827 187 190 159
27.081 -12.162 0.797 103 101 78
27.081 -12.252 0.830 145 156 122
27.048 -12.185 0.823 141 145 110
27.011 -12.124 0.819 139 137 114
26.997 -12.142 0.833 200 200 176
26.978 -12.120 0.835 208 207 187
26.993 -12.132 0.832 196 196 172
27.074 -12.209 0.818 140 144 109
27.055 -12.232 0.836 135 146 114
27.028 -12.129 0.813 135 135 111
27.057 -12.231 0.835 135 146 114
27.067 -12.225 0.828 134 143 112
27.048 -12.159 0.813 131 135 102
27.087 -12.176 0.799 144 147 118
27.072 -12.227 0.826 138 142 105
27.080 -12.257 0.832 143 157 122
27.021 -12.168 0.831 140 144 111
27.035 -12.146 0.816 120 123 94
27.045 -12.201 0.830 138 142 109
26.985 -12.136 0.837 72 70 55
27.087 -12.174 0.799 143 146 119
26.997 -12.133 0.830 191 191 165
27.056 -12.212 0.829 135 143 106
27.078 -12.208 0.815 142 146 111
27.033 -12.161 0.822 139 145 111
27.026 -12.133 0.815 132 132 108
27.032 -12.200 0.836 138 140 103
27.075 -12.218 0.821 138 142 105
27.076 -12.167 0.802 143 147 112
26.991 -12.136 0.834 212 211 190
26.936 -12.074 0.840 43 36 26
27.075 -12.248 0.832 144 155 121
27.012 -12.146 0.827 180 183 156
27.045 -12.175 0.820 137 141 106
26.991 -12.123 0.830 185 185 161
27.031 -12.155 0.821 134 139 107
27.053 -12.157 0.810 135 136 104
26.957 -12.102 0.839 57 57 45
26.984 -12.127 0.834 215 214 194
26.953 -12.098 0.840 32 30 18
26.989 -12.137 0.836 169 168 148
27.081 -12.220 0.819 139 143 106
27.033 -12.161 0.822 140 146 112
27.002 -12.161 0.838 81 82 66
27.041 -12.191 0.829 143 143 115
27.048 -12.204 0.830 136 142 108
27.078 -12.164 0.800 123 121 96
26.980 -12.102 0.828 176 178 154
27.048 -12.171 0.818 145 151 115
27.010 -12.158 0.832 203 208 178
27.027 -12.167 0.827 137 142 110
27.008 -12.134 0.825 171 171 145
27.007 -12.143 0.829 193 196 169
27.069 -12.155 0.800 130 124 92
27.071 -12.216 0.822 138 142 105
26.954 -12.098 0.839 60 58 46
27.069 -12.186 0.812 137 141 106
27.074 -12.160 0.800 116 114 89
27.021 -12.181 0.835 143 145 106
27.068 -12.225 0.827 135 144 113
27.048 -12.150 0.810 136 135 105
27.061 -12.239 0.836 148 157 128
27.046 -12.181 0.823 138 142 107
27.047 -12.168 0.817 145 151 115
27.009 -12.163 0.835 136 139 112
27.056 -12.202 0.825 139 143 108
27.065 -12.217 0.825 138 142 107
27.085 -12.226 0.819 137 143 105
27.015 -12.148 0.826 181 184 155
27.061 -12.194 0.819 143 147 112
26.993 -12.112 0.824 161 161 137
26.997 -12.145 0.834 209 208 187
27.049 -12.196 0.826 139 143 108
27.028 -12.197 0.837 139 140 106
27.036 -12.159 0.820 143 149 115
27.029 -12.157 0.822 159 164 132
27.008 -12.118 0.819 133 133 109
27.067 -12.172 0.808 145 149 114
26.924 -12.028 0.746 91 85 59
26.919 -12.050 0.790 155 151 122
26.916 -12.045 0.777 138 134 107
26.822 -12.042 0.667 145 146 115
26.864 -12.037 0.702 157 153 126
26.882 -12.045 0.740 157 157 131
26.919 -12.030 0.745 98 92 66
26.922 -12.026 0.740 92 87 58
26.869 -12.039 0.712 174 171 140
26.935 -12.047 0.801 158 158 132
26.931 -12.044 0.792 158 157 126
26.922 -12.027 0.742 90 84 58
26.905 -12.038 0.749 161 160 130
26.929 -12.059 0.823 188 190 166
26.911 -12.029 0.735 86 80 54
26.932 -12.058 0.825 185 188 161
26.889 -12.047 0.752 162 159 126
26.913 -12.055 0.795 177 173 144
26.889 -12.054 0.766 167 167 133
26.822 -12.036 0.653 154 154 120
26.876 -12.040 0.722 160 156 127
26.840 -12.038 0.679 157 156 126
26.927 -12.057 0.816 165 164 144
26.871 -12.032 0.698 106 102 75
26.905 -12.054 0.785 171 167 140
26.898 -12.029 0.720 90 87 56
26.909 -12.044 0.768 154 153 125
26.858 -12.039 0.701 171 167 140
26.839 -12.045 0.693 151 150 120
26.912 -12.060 0.805 185 185 161
26.814 -12.041 0.656 135 134 104
26.933 -12.062 0.833 213 215 193
26.870 -12.051 0.741 161 161 135
26.929 -12.053 0.808 157 156 135
26.860 -12.042 0.709 153 149 122
26.968 -12.027 0.789 80 74 50
26.848 -12.035 0.680 168 164 135
26.828 -12.036 0.660 161 161 127
26.951 -12.042 0.805 161 159 136
26.922 -12.061 0.819 188 189 171
26.935 -12.028 0.759 86 80 58
26.843 -12.044 0.695 154 153 123
26.826 -12.035 0.655 159 159 125
26.827 -12.041 0.671 156 157 125
26.933 -12.050 0.806 160 160 136
26.944 -12.045 0.804 150 150 126
26.885 -12.046 0.747 162 161 131
26.899 -12.032 0.729 96 92 63
26.894 -12.047 0.758 156 153 122
26.856 -12.048 0.718 147 146 116
26.916 -12.060 0.812 182 183 167
26.837 -12.045 0.691 163 162 132
26.848 -12.047 0.707 159 158 128
26.887 -12.046 0.747 145 144 113
26.863 -12.032 0.689 135 131 104
26.950 -12.031 0.780 76 70 46
26.923 -12.047 0.789 151 147 118
26.904 -12.052 0.779 155 151 124
26.890 -12.030 0.713 88 84 55
26.880 -12.055 0.760 159 159 125
26.866 -12.040 0.710 141 137 110
26.937 -12.036 0.776 108 103 81
26.903 -12.035 0.740 115 111 84
26.864 -12.031 0.688 102 98 73
26.903 -12.051 0.776 149 145 118
26.919 -12.056 0.803 164 163 142
26.824 -12.040 0.664 151 152 118
26.867 -12.037 0.706 137 133 108
26.897 -12.056 0.780 159 155 126
26.893 -12.047 0.757 156 153 122
26.898 -12.041 0.749 154 153 123
26.909 -12.031 0.736 87 83 56
26.833 -12.041 0.678 156 155 125
26.924 -12.040 0.774 144 139 117
26.955 -12.041 0.807 146 144 121
26.912 -12.056 0.796 177 173 144
26.932 -12.043 0.789 154 153 122
26.938 -12.026 0.755 85 79 55
26.966 -12.027 0.787 85 79 55
26.856 -12.038 0.696 156 152 125
26.957 -12.037 0.801 139 137 112
26.936 -12.057 0.823 168 171 144
26.920 -12.054 0.802 162 162 136
26.919 -12.062 0.819 196 197 183
26.931 -12.061 0.828 190 192 168
26.925 -12.053 0.805 152 151 131
26.916 -12.055 0.800 154 154 126
26.872 -12.050 0.739 147 147 119
26.848 -12.040 0.691 169 165 138
26.897 -12.049 0.766 139 135 106
26.797 -12.037 0.629 126 125 95
26.921 -12.055 0.805 164 163 142
26.884 -12.039 0.728 157 153 124
26.913 -12.038 0.759 134 133 105
26.830 -12.044 0.682 156 156 128
26.928 -12.036 0.770 117 112 90
26.906 -12.054 0.786 171 167 140
26.916 -12.031 0.745 91 85 59
26.900 -12.037 0.741 137 136 108
26.954 -12.033 0.789 93 87 63
26.888 -12.048 0.753 162 159 126
26.636 -12.400 0.039 20 16 13
26.634 -12.403 0.036 19 15 14
26.641 -12.382 0.059 22 19 14
26.641 -12.400 0.041 20 16 13
26.635 -12.380 0.060 21 18 13
26.642 -12.380 0.061 22 19 14
26.632 -12.356 0.083 37 34 25
26.648 -12.404 0.038 21 17 14
26.631 -12.365 0.076 30 26 23
26.636 -12.375 0.065 24 21 14
26.654 -12.415 0.082 17 16 11
26.657 -12.418 0.068 21 18 13
26.648 -12.396 0.077 24 21 16
26.645 -12.387 0.073 24 21 16
26.659 -12.419 0.054 23 18 14
26.638 -12.369 0.082 28 25 20
26.645 -12.391 0.084 21 17 14
26.650 -12.399 0.068 22 19 14
26.662 -12.427 0.053 21 17 14
26.642 -12.382 0.084 22 18 15
26.649 -12.392 0.057 21 18 13
26.649 -12.407 0.094 19 18 16
26.654 -12.417 0.088 15 16 11
26.653 -12.421 0.100 18 18 16
26.661 -12.422 0.054 22 18 15
26.647 -12.394 0.077 24 21 16
26.647 -12.392 0.074 24 21 16
26.659 -12.419 0.054 23 18 14
26.657 -12.418 0.069 21 18 13
26.651 -12.404 0.072 22 19 14
26.652 -12.418 0.098 18 18 16
26.658 -12.425 0.076 17 16 12
26.654 -12.407 0.059 21 18 13
26.640 -12.373 0.076 32 27 23
26.640 -12.379 0.090 27 21 21
26.656 -12.411 0.056 22 17 14
26.654 -12.401 0.048 22 19 14
26.562 -12.323 0.050 26 23 18
26.542 -12.289 0.066 55 48 32
26.549 -12.297 0.070 59 52 34
26.549 -12.301 0.058 35 31 20
26.567 -12.333 0.040 24 21 16
26.531 -12.281 0.042 33 29 20
26.542 -12.290 0.064 55 48 32
26.535 -12.276 0.071 62 52 42
26.524 -12.272 0.040 33 28 22
26.533 -12.277 0.063 63 55 42
26.565 -12.325 0.057 25 22 17
26.556 -12.307 0.071 59 52 34
26.537 -12.288 0.045 31 27 18
26.542 -12.284 0.077 69 61 50
26.552 -12.305 0.060 34 30 21
26.542 -12.299 0.036 27 24 19
26.561 -12.319 0.056 28 24 21
26.559 -12.311 0.071 51 44 26
26.580 -12.348 0.051 22 19 14
26.591 -12.367 0.041 22 17 14
26.532 -12.276 0.060 48 41 25
26.553 -12.304 0.066 53 47 35
26.573 -12.341 0.043 23 20 15
26.539 -12.278 0.081 27 20 12
26.556 -12.309 0.066 49 42 32
26.519 -12.262 0.048 29 25 22
26.572 -12.335 0.054 21 18 13
26.520 -12.261 0.053 23 19 16
26.530 -12.269 0.074 31 24 16
26.571 -12.335 0.051 22 19 14
26.537 -12.277 0.080 27 20 10
26.536 -12.277 0.074 58 50 39
26.531 -12.270 0.072 47 38 29
26.536 -12.279 0.069 62 52 40
26.558 -12.318 0.046 25 22 17
26.562 -12.323 0.052 26 23 18
26.579 -12.348 0.050 23 20 15
26.586 -12.358 0.046 23 18 14
26.564 -12.329 0.039 25 22 17
26.556 -12.308 0.068 54 48 34
26.576 -12.346 0.041 22 19 14
26.588 -12.362 0.043 23 18 15
26.580 -12.351 0.042 22 19 14
26.570 -12.340 0.036 22 18 15
26.521 -12.268 0.039 31 28 23
26.562 -12.318 0.063 31 28 23
26.531 -12.276 0.054 44 37 21
26.571 -12.339 0.040 23 20 15
26.533 -12.281 0.052 41 37 26
26.541 -12.278 0.091 19 20 14
26.608 -12.351 0.070 30 26 17
26.605 -12.348 0.071 30 26 17
26.604 -12.365 0.054 23 20 15
26.555 -12.285 0.094 17 16 14
26.613 -12.383 0.043 20 17 12
26.595 -12.368 0.044 22 17 14
26.574 -12.326 0.069 29 24 20
26.631 -12.372 0.068 26 23 16
26.588 -12.356 0.050 23 18 14
26.548 -12.284 0.089 18 15 10
26.608 -12.364 0.058 22 18 15
26.618 -12.372 0.057 23 19 16
26.619 -12.358 0.073 29 24 18
26.569 -12.313 0.078 63 56 38
26.608 -12.335 0.086 50 43 25
26.618 -12.349 0.081 39 32 26
26.587 -12.343 0.062 26 23 16
26.612 -12.382 0.043 20 17 12
26.616 -12.373 0.055 24 20 17
26.589 -12.363 0.045 23 18 15
26.621 -12.349 0.083 40 36 27
26.621 -12.365 0.066 26 23 16
26.623 -12.362 0.071 30 27 20
26.593 -12.359 0.051 24 19 15
26.584 -12.345 0.058 22 19 10
26.584 -12.322 0.081 56 49 33
26.586 -12.337 0.067 29 24 21
26.622 -12.397 0.037 19 15 14
26.612 -12.354 0.072 30 25 19
26.619 -12.348 0.082 41 34 26
26.591 -12.364 0.045 23 18 15
26.607 -12.382 0.039 19 15 12
26.598 -12.361 0.054 25 20 16
26.571 -12.324 0.068 31 26 20
26.614 -12.386 0.041 19 15 12
26.596 -12.366 0.047 23 18 14
26.595 -12.336 0.076 42 33 24
26.621 -12.346 0.086 41 34 24
26.599 -12.377 0.038 19 15 14
26.622 -12.387 0.047 21 18 13
26.628 -12.394 0.044 20 16 13
26.606 -12.348 0.073 31 26 20
26.623 -12.365 0.069 27 24 17
26.590 -12.341 0.066 30 25 22
26.628 -12.383 0.055 22 18 15
26.624 -12.382 0.053 21 17 14
26.607 -12.359 0.062 24 21 14
26.607 -12.384 0.038 19 15 14
26.560 -12.298 0.085 74 66 53
26.608 -12.365 0.058 22 18 15
26.619 -12.393 0.038 19 15 14
26.605 -12.349 0.071 30 26 17
26.573 -12.325 0.069 31 26 22
26.623 -12.349 0.085 41 34 24
26.570 -12.318 0.073 40 34 22
26.599 -12.354 0.061 24 21 16
26.570 -12.307 0.084 72 65 47
26.580 -12.333 0.067 30 25 21
26.501 -12.233 0.059 18 17 13
26.470 -12.221 0.044 16 15 11
26.533 -12.239 0.087 19 18 13
26.465 -12.215 0.050 15 14 10
26.537 -12.244 0.081 14 15 10
26.459 -12.217 0.037 18 17 13
26.534 -12.249 0.066 21 22 17
26.473 -12.218 0.053 19 18 14
26.495 -12.227 0.063 18 18 16
26.509 -12.239 0.056 21 17 14
26.486 -12.228 0.050 20 20 18
26.496 -12.227 0.065 19 19 17
26.500 -12.239 0.041 16 16 16
26.488 -12.226 0.055 23 23 21
26.509 -12.234 0.064 18 17 12
26.484 -12.223 0.056 23 23 21
26.506 -12.243 0.042 17 15 18
26.515 -12.244 0.053 23 19 16
26.512 -12.244 0.047 22 18 17
26.526 -12.247 0.059 23 20 13
26.452 -12.211 0.040 23 20 15
26.503 -12.235 0.055 20 19 15
26.493 -12.235 0.042 17 17 17
26.495 -12.232 0.050 18 18 16
26.526 -12.244 0.067 33 32 27
26.529 -12.246 0.065 28 27 22
26.491 -12.225 0.062 20 20 18
26.458 -12.215 0.039 20 17 12
26.539 -12.248 0.076 17 19 16
26.520 -12.239 0.069 42 39 34
26.482 -12.230 0.038 16 15 13
26.485 -12.222 0.060 22 22 20
26.456 -12.214 0.040 21 18 13
26.739 -12.365 0.130 15 15 13
26.760 -12.354 0.177 14 13 11
26.746 -12.345 0.129 15 15 13
26.734 -12.375 0.127 16 16 14
26.755 -12.334 0.143 13 15 12
26.748 -12.362 0.153 14 14 12
26.748 -12.367 0.158 14 14 12
26.761 -12.329 0.155 12 12 10
26.748 -12.362 0.153 14 14 12
26.730 -12.392 0.134 8 10 7
26.762 -12.319 0.145 13 13 11
26.754 -12.360 0.166 13 13 11
26.759 -12.297 0.113 16 18 15
26.757 -12.325 0.139 13 13 11
26.752 -12.317 0.116 16 18 15
26.745 -12.339 0.120 11 11 9
26.763 -12.288 0.115 15 17 14
26.744 -12.358 0.136 14 13 11
26.758 -12.352 0.171 12 12 10
26.763 -12.286 0.113 16 18 15
26.749 -12.349 0.141 12 14 11
26.753 -12.359 0.163 13 13 11
26.752 -12.360 0.160 13 13 11
26.746 -12.360 0.144 13 15 12
26.764 -12.281 0.111 15 17 14
26.754 -12.345 0.151 13 13 11
26.764 -12.293 0.123 14 14 14
26.756 -12.358 0.172 12 12 10
26.757 -12.312 0.124 13 13 13
26.745 -12.347 0.130 14 14 12
26.756 -12.331 0.142 14 14 12
26.758 -12.322 0.139 13 13 11
26.745 -12.341 0.121 12 12 10
26.770 -12.259 0.104 17 17 15
26.757 -12.319 0.132 13 13 13
26.759 -12.352 0.174 13 12 10
26.751 -12.359 0.158 13 13 11
26.755 -12.334 0.143 13 15 12
26.760 -12.293 0.113 15 17 14
26.759 -12.338 0.157 13 13 11
26.769 -12.274 0.118 12 12 10
26.752 -12.361 0.163 13 13 11
26.749 -12.333 0.124 13 13 11
26.767 -12.275 0.112 13 13 11
26.727 -12.395 0.128 11 13 12
26.752 -12.318 0.117 13 15 12
26.739 -12.380 0.147 14 14 14
26.763 -12.311 0.141 13 13 11
26.752 -12.352 0.153 13 13 11
26.589 -12.288 0.094 22 23 18
26.656 -12.332 0.088 18 18 16
26.664 -12.284 0.095 9 11 10
26.748 -12.250 0.101 13 12 8
26.720 -12.255 0.100 17 16 14
26.742 -12.249 0.101 13 12 10
26.700 -12.281 0.096 10 10 10
26.659 -12.280 0.095 10 12 11
26.631 -12.257 0.098 12 12 10
26.624 -12.336 0.087 9 7 8
26.644 -12.285 0.095 13 12 10
26.659 -12.308 0.092 15 15 13
26.650 -12.311 0.091 18 18 16
26.625 -12.267 0.097 12 14 13
26.663 -12.271 0.097 11 11 11
26.665 -12.288 0.094 12 12 10
26.597 -12.303 0.092 17 22 16
26.649 -12.250 0.099 14 10 9
26.576 -12.253 0.098 16 16 14
26.687 -12.292 0.094 12 12 12
26.763 -12.247 0.101 18 18 16
26.618 -12.262 0.097 14 14 14
26.671 -12.300 0.093 13 13 13
26.653 -12.268 0.097 10 12 11
26.602 -12.259 0.098 15 15 15
26.715 -12.246 0.101 18 17 12
26.632 -12.334 0.088 14 12 13
26.578 -12.279 0.095 21 22 17
26.720 -12.271 0.097 15 14 12
26.651 -12.303 0.092 14 14 12
26.633 -12.349 0.086 13 12 10
26.672 -12.298 0.093 13 13 13
26.670 -12.278 0.096 11 11 11
26.746 -12.252 0.100 12 11 7
26.698 -12.302 0.093 10 10 10
26.654 -12.297 0.093 15 15 13
26.678 -12.310 0.092 12 14 13
26.590 -12.254 0.098 14 14 12
26.687 -12.269 0.097 11 10 8
26.605 -12.311 0.091 16 18 15
26.647 -12.303 0.092 16 15 13
26.634 -12.279 0.095 13 13 13
26.699 -12.262 0.098 16 15 13
26.632 -12.337 0.087 11 9 10
26.647 -12.270 0.097 10 12 11
26.725 -12.246 0.101 16 15 13
26.703 -12.274 0.097 9 9 9
26.613 -12.269 0.096 13 15 14
26.627 -12.270 0.097 12 14 13
26.689 -12.248 0.100 20 19 17
26.737 -12.251 0.100 14 13 11
26.686 -12.251 0.100 19 18 16
26.734 -12.262 0.099 16 15 13
26.689 -12.309 0.092 12 12 12
26.674 -12.264 0.098 11 11 9
26.700 -12.257 0.099 20 16 15
26.738 -12.251 0.100 14 13 11
26.746 -12.259 0.100 10 9 5
26.645 -12.315 0.090 20 19 17
26.589 -12.286 0.094 21 22 17
26.603 -12.284 0.094 13 17 16
26.657 -12.265 0.097 10 12 11
26.673 -12.264 0.098 10 10 8
26.648 -12.278 0.096 11 13 12
26.635 -12.340 0.087 10 8 9
26.749 -12.246 0.101 14 13 9
26.617 -12.282 0.095 15 15 17
26.673 -12.302 0.093 13 13 13
26.631 -12.311 0.091 21 20 16
26.653 -12.278 0.096 11 13 12
26.663 -12.273 0.096 10 12 11
26.593 -12.261 0.097 14 14 12
26.644 -12.260 0.098 11 11 9
26.612 -12.256 0.098 15 15 15
26.695 -12.258 0.099 18 14 13
26.620 -12.261 0.098 13 13 13
26.570 -12.258 0.097 17 17 15
26.754 -12.261 0.099 14 14 12
26.630 -12.256 0.099 12 12 10
26.763 -12.247 0.101 18 18 16
26.689 -12.261 0.098 15 14 12
26.566 -12.247 0.099 15 15 13
26.729 -12.246 0.101 16 15 13
26.650 -12.288 0.094 15 14 12
26.601 -12.297 0.092 19 24 20
26.611 -12.263 0.097 14 14 14
26.676 -12.266 0.098 12 11 9
26.669 -12.318 0.090 16 16 16
26.613 -12.257 0.098 14 14 14
26.739 -12.271 0.098 12 11 9
26.652 -12.262 0.098 10 12 9
26.668 -12.267 0.097 11 11 9
26.716 -12.250 0.100 17 16 12
26.646 -12.248 0.100 12 11 9
26.623 -12.338 0.087 8 6 7
26.633 -12.336 0.087 11 9 10
26.633 -12.331 0.088 18 16 17
26.646 -12.341 0.087 13 11 12
26.591 -12.298 0.092 20 25 19
26.650 -12.301 0.092 16 15 13
26.743 -12.267 0.098 12 11 9
26.692 -12.262 0.098 15 14 12
26.672 -12.269 0.097 12 12 12
26.659 -12.257 0.099 12 12 10
26.699 -12.254 0.099 20 16 15
26.691 -12.273 0.097 12 11 9
26.566 -12.263 0.097 19 19 17
26.699 -12.301 0.093 10 10 10
26.663 -12.251 0.099 14 14 12
26.661 -12.276 0.096 10 12 11
26.761 -12.252 0.101 17 17 15
26.590 -12.265 0.097 15 15 13
26.600 -12.258 0.098 15 15 15
26.649 -12.306 0.092 16 15 13
26.593 -12.274 0.096 17 17 15
26.641 -12.273 0.096 9 13 12
26.723 -12.248 0.101 16 15 13
26.589 -12.265 0.097 15 15 13
26.692 -12.274 0.097 12 11 9
26.666 -12.283 0.095 9 9 9
26.626 -12.274 0.096 13 15 14
26.673 -12.269 0.097 11 11 9
26.693 -12.347 0.103 10 8 11
26.741 -12.315 0.110 18 18 18
26.718 -12.370 0.118 18 20 15
26.724 -12.383 0.124 24 24 22
26.753 -12.308 0.112 21 20 18
26.708 -12.385 0.119 19 19 19
26.702 -12.324 0.100 14 14 14
26.713 -12.318 0.102 12 12 12
26.699 -12.327 0.099 15 15 15
26.741 -12.288 0.103 8 8 8
26.667 -12.346 0.094 9 11 10
26.680 -12.371 0.105 16 15 13
26.719 -12.391 0.124 25 23 24
26.682 -12.341 0.098 11 9 12
26.749 -12.300 0.108 13 13 13
26.722 -12.316 0.104 13 13 13
26.699 -12.328 0.100 15 15 15
26.701 -12.310 0.095 10 10 10
26.725 -12.391 0.126 18 16 17
26.755 -12.303 0.111 20 19 17
26.698 -12.306 0.093 10 10 10
26.749 -12.294 0.107 11 11 11
26.742 -12.331 0.115 11 11 9
26.708 -12.320 0.100 12 12 12
26.688 -12.347 0.101 10 8 11
26.693 -12.318 0.095 11 11 11
26.741 -12.299 0.106 12 12 12
26.710 -12.295 0.094 9 9 9
26.703 -12.360 0.110 10 10 10
26.763 -12.261 0.102 16 16 14
26.736 -12.360 0.121 15 15 13
26.712 -12.316 0.101 12 12 12
26.722 -12.369 0.119 19 20 15
26.734 -12.323 0.110 16 16 16
26.710 -12.366 0.114 14 14 14
26.695 -12.369 0.110 12 10 11
26.712 -12.363 0.114 14 14 12
26.745 -12.284 0.103 9 9 9
26.709 -12.308 0.097 10 10 10
26.679 -12.361 0.102 17 15 16
26.744 -12.319 0.112 18 18 18
26.745 -12.335 0.117 9 9 7
26.648 -12.350 0.089 11 10 8
26.719 -12.389 0.124 25 23 24
26.670 -12.355 0.097 11 11 11
26.688 -12.373 0.109 11 10 8
26.723 -12.307 0.102 13 13 13
26.722 -12.368 0.119 19 20 15
26.746 -12.326 0.115 14 14 12
26.651 -12.361 0.093 18 17 15
26.698 -12.354 0.107 11 9 10
26.725 -12.375 0.122 21 23 18
26.703 -12.373 0.114 13 13 13
26.702 -12.331 0.101 15 15 15
26.726 -12.362 0.119 14 14 12
26.727 -12.337 0.111 13 12 10
26.692 -12.359 0.106 15 13 14
26.721 -12.379 0.122 27 28 23
26.734 -12.286 0.100 9 9 9
26.740 -12.351 0.120 14 13 11
26.739 -12.338 0.116 12 11 9
26.750 -12.313 0.113 20 20 20
26.733 -12.285 0.099 9 9 9
26.725 -12.359 0.117 13 13 11
26.653 -12.343 0.088 11 11 11
26.684 -12.378 0.109 12 11 9
26.725 -12.325 0.107 16 16 16
26.714 -12.294 0.095 9 9 9
26.719 -12.321 0.104 13 13 13
26.695 -12.360 0.108 11 9 10
26.738 -12.334 0.114 12 12 10
26.706 -12.377 0.116 15 15 15
26.707 -12.347 0.108 9 9 9
26.711 -12.334 0.105 14 14 14
26.707 -12.339 0.105 12 12 12
26.734 -12.278 0.097 8 8 8
26.691 -12.320 0.095 11 11 11
26.671 -12.352 0.097 9 9 9
26.683 -12.331 0.095 16 16 16
26.743 -12.316 0.111 19 19 19
26.730 -12.375 0.123 20 22 17
26.750 -12.280 0.103 9 9 9
26.703 -12.343 0.105 10 10 10
26.701 -12.356 0.108 11 9 10
26.708 -12.348 0.108 8 8 8
26.674 -12.344 0.096 9 11 10
26.702 -12.327 0.100 14 14 14
26.700 -12.334 0.102 14 14 14
26.754 -12.276 0.103 10 10 10
27.117 -12.312 0.799 130 132 95
27.114 -12.275 0.822 133 131 92
27.123 -12.285 0.813 132 130 91
27.108 -12.309 0.804 131 130 99
27.102 -12.272 0.828 131 131 93
27.111 -12.292 0.813 132 129 94
27.114 -12.304 0.805 130 131 97
27.107 -12.278 0.823 134 131 90
27.119 -12.323 0.793 125 133 96
27.115 -12.324 0.793 128 132 99
27.116 -12.276 0.821 133 131 92
27.124 -12.274 0.819 130 129 98
27.109 -12.304 0.807 130 131 97
27.120 -12.317 0.796 126 134 93
27.114 -12.313 0.800 130 131 97
27.123 -12.304 0.802 133 130 95
27.118 -12.274 0.821 132 129 98
26.545 -12.252 0.095 17 18 12
26.550 -12.248 0.097 27 25 13
26.542 -12.252 0.091 16 17 11
26.533 -12.251 0.066 20 20 12
26.534 -12.253 0.073 20 19 14
26.525 -12.261 0.071 18 13 9
26.526 -12.261 0.076 19 15 14
26.538 -12.256 0.088 14 18 17
26.530 -12.259 0.079 19 18 16
26.543 -12.253 0.094 17 18 12
