28.313 -12.183 0.261 10 10 12
28.288 -12.181 0.253 31 32 36
28.277 -12.180 0.251 14 19 25
28.331 -12.194 0.282 10 11 15
28.310 -12.173 0.241 23 22 27
28.311 -12.172 0.240 23 22 27
28.314 -12.180 0.255 9 9 11
28.302 -12.162 0.221 41 40 58
28.330 -12.176 0.250 10 10 12
28.312 -12.171 0.239 25 24 29
28.305 -12.156 0.210 51 53 66
28.302 -12.164 0.225 14 12 17
28.326 -12.157 0.215 36 37 41
28.347 -12.193 0.283 10 11 13
28.299 -12.175 0.245 31 30 35
28.293 -12.166 0.227 65 72 90
28.301 -12.156 0.210 18 24 40
28.284 -12.177 0.247 15 12 21
28.312 -12.155 0.209 49 47 58
28.317 -12.162 0.222 39 38 43
28.353 -12.194 0.284 11 11 13
28.295 -12.171 0.236 13 11 14
28.326 -12.178 0.253 11 11 13
28.314 -12.181 0.256 9 9 11
28.288 -12.176 0.245 16 9 17
28.319 -12.149 0.199 32 30 41
28.353 -12.199 0.293 9 11 10
28.323 -12.150 0.202 25 29 32
28.322 -12.167 0.233 11 10 15
28.267 -12.176 0.243 27 24 41
28.344 -12.199 0.292 10 11 13
28.348 -12.176 0.251 10 11 13
28.318 -12.172 0.240 7 6 11
28.345 -12.193 0.281 10 11 13
28.318 -12.185 0.265 11 11 13
28.332 -12.160 0.220 20 20 22
28.328 -12.151 0.203 7 11 14
28.323 -12.168 0.234 7 6 11
28.325 -12.184 0.263 11 11 13
28.342 -12.175 0.248 10 11 13
28.295 -12.167 0.229 27 29 41
28.310 -12.150 0.200 22 20 33
28.308 -12.171 0.237 30 29 34
28.349 -12.199 0.293 9 11 10
28.320 -12.185 0.265 11 11 13
28.319 -12.150 0.201 40 38 49
28.261 -12.178 0.246 11 19 38
28.318 -12.155 0.210 9 10 14
28.266 -12.177 0.245 27 25 39
28.264 -12.174 0.238 4 23 91
28.314 -12.150 0.200 21 19 32
28.350 -12.191 0.279 10 11 13
28.339 -12.177 0.253 11 11 13
28.320 -12.184 0.262 11 11 13
28.322 -12.185 0.265 11 11 13
28.328 -12.152 0.206 24 25 29
28.334 -12.159 0.219 12 12 14
28.294 -12.183 0.258 22 23 27
28.304 -12.185 0.263 10 9 14
28.275 -12.177 0.245 54 51 70
28.306 -12.162 0.222 15 13 18
28.286 -12.250 0.260 28 27 41
28.329 -12.252 0.290 21 25 28
28.327 -12.226 0.282 6 6 6
28.287 -12.243 0.258 12 12 14
28.337 -12.251 0.295 18 21 28
28.337 -12.230 0.290 7 7 7
28.348 -12.218 0.295 10 8 11
28.265 -12.248 0.245 20 22 79
28.350 -12.238 0.301 23 24 26
28.347 -12.215 0.293 9 9 11
28.329 -12.251 0.289 21 25 28
28.340 -12.227 0.291 7 7 9
28.304 -12.243 0.271 9 9 11
28.309 -12.244 0.274 18 17 25
28.343 -12.236 0.295 7 8 10
28.345 -12.244 0.299 26 27 31
28.287 -12.249 0.260 25 23 34
28.344 -12.221 0.292 11 9 12
28.256 -12.243 0.238 14 18 27
28.305 -12.251 0.273 27 28 32
28.337 -12.248 0.294 24 27 32
28.293 -12.247 0.264 15 14 19
28.334 -12.228 0.287 8 8 8
28.309 -12.230 0.271 7 7 9
28.343 -12.239 0.296 16 17 19
28.336 -12.232 0.290 5 7 6
28.295 -12.240 0.264 11 11 13
28.269 -12.245 0.247 48 47 140
28.303 -12.242 0.270 8 8 10
28.278 -12.241 0.252 39 36 47
28.310 -12.228 0.271 7 7 9
28.330 -12.219 0.283 9 7 10
28.299 -12.222 0.264 7 7 9
28.284 -12.188 0.259 19 20 24
28.292 -12.230 0.259 7 7 9
28.302 -12.211 0.267 6 6 8
28.311 -12.194 0.274 10 10 12
28.266 -12.204 0.247 23 23 31
28.304 -12.218 0.268 5 5 7
28.302 -12.201 0.269 7 7 9
28.273 -12.188 0.253 22 33 39
28.299 -12.197 0.267 8 8 10
28.308 -12.220 0.270 5 5 7
28.251 -12.226 0.236 24 31 138
28.252 -12.233 0.236 30 31 96
28.252 -12.204 0.239 30 63 170
28.313 -12.222 0.272 8 8 10
28.248 -12.234 0.234 23 25 84
28.256 -12.205 0.241 68 95 202
28.330 -12.202 0.285 9 10 14
28.264 -12.214 0.245 5 17 43
28.280 -12.227 0.253 8 7 15
28.257 -12.206 0.242 59 79 165
28.273 -12.193 0.252 42 51 60
28.307 -12.221 0.269 5 5 7
28.270 -12.186 0.252 68 71 88
28.312 -12.217 0.272 7 7 9
28.258 -12.197 0.244 57 70 175
28.295 -12.226 0.261 7 7 9
28.246 -12.244 0.231 32 43 49
28.293 -12.227 0.260 7 7 9
28.316 -12.201 0.277 10 10 12
28.297 -12.219 0.263 7 7 9
28.336 -12.205 0.288 9 10 12
28.269 -12.184 0.251 69 70 88
28.275 -12.231 0.250 37 34 45
28.258 -12.224 0.240 56 72 183
28.285 -12.186 0.260 13 14 18
28.294 -12.206 0.263 6 6 8
28.271 -12.207 0.250 62 63 81
28.313 -12.212 0.273 7 7 9
28.315 -12.209 0.275 8 8 10
28.264 -12.192 0.247 20 19 27
28.248 -12.231 0.234 22 28 104
28.272 -12.215 0.250 58 57 71
28.281 -12.216 0.255 8 9 1
28.280 -12.220 0.253 11 10 15
28.294 -12.205 0.263 6 6 8
28.233 -12.251 0.208 69 74 68
28.233 -12.249 0.201 66 78 66
28.258 -12.251 0.241 31 40 39
28.196 -12.238 0.155 45 41 30
28.178 -12.246 0.158 91 80 58
28.157 -12.249 0.172 105 87 51
28.200 -12.250 0.136 84 70 44
28.147 -12.250 0.177 120 87 56
28.189 -12.247 0.149 72 61 43
28.162 -12.250 0.166 116 85 54
28.165 -12.249 0.165 109 84 54
28.198 -12.250 0.137 84 70 44
28.161 -12.244 0.175 108 93 70
28.199 -12.244 0.145 46 38 25
28.147 -12.250 0.177 120 87 56
28.211 -12.246 0.160 33 26 20
28.198 -12.239 0.152 45 39 27
28.211 -12.241 0.170 30 26 23
28.220 -12.243 0.184 25 22 17
28.214 -12.246 0.164 33 25 22
28.198 -12.238 0.156 45 41 30
28.193 -12.227 0.174 38 27 23
28.216 -12.242 0.179 27 24 19
28.195 -12.230 0.170 39 30 25
28.230 -12.244 0.201 12 11 7
28.211 -12.245 0.162 33 26 20
28.216 -12.245 0.172 32 28 25
28.201 -12.232 0.177 22 15 7
28.217 -12.240 0.185 21 18 13
28.225 -12.237 0.208 16 14 17
28.207 -12.249 0.144 45 33 19
28.223 -12.237 0.205 21 19 20
28.203 -12.247 0.142 40 28 16
28.209 -12.243 0.165 34 29 25
28.207 -12.236 0.179 31 27 18
28.353 -12.092 0.244 17 24 105
28.353 -12.093 0.244 16 24 99
28.348 -12.035 0.240 18 31 136
28.354 -12.023 0.264 18 33 158
28.342 -12.053 0.204 17 27 98
28.348 -12.057 0.233 17 24 128
28.350 -12.072 0.240 18 28 123
28.354 -12.020 0.266 19 35 157
28.346 -12.067 0.219 16 27 116
28.351 -12.065 0.242 22 31 134
28.350 -12.052 0.244 19 32 136
28.347 -12.038 0.235 15 27 125
28.343 -12.055 0.212 16 29 108
28.350 -12.068 0.239 18 28 126
28.352 -12.059 0.252 19 30 145
28.344 -12.048 0.215 20 28 113
28.343 -12.046 0.215 20 28 113
28.350 -12.058 0.240 19 28 133
28.355 -12.108 0.248 10 13 64
28.347 -12.071 0.224 17 27 116
28.352 -12.085 0.241 18 25 115
28.349 -12.094 0.226 13 21 96
28.353 -12.050 0.256 18 33 148
28.355 -12.122 0.246 37 40 59
28.350 -12.042 0.248 20 32 144
28.352 -12.105 0.238 11 13 70
28.344 -12.045 0.216 20 28 113
28.345 -12.051 0.222 18 28 115
28.352 -12.078 0.244 17 27 122
28.351 -12.057 0.246 22 33 141
28.351 -12.086 0.240 18 25 115
28.342 -12.056 0.206 19 29 101
28.347 -12.042 0.232 14 28 117
28.343 -12.075 0.207 21 28 109
28.345 -12.076 0.216 16 26 115
28.350 -12.081 0.236 17 24 115
28.352 -12.023 0.258 18 33 160
28.350 -12.064 0.241 18 27 128
28.355 -12.029 0.266 17 33 155
28.354 -12.105 0.247 13 15 72
28.353 -12.071 0.252 17 30 134
28.353 -12.032 0.259 19 33 158
28.353 -12.100 0.241 14 21 93
28.353 -12.045 0.259 17 32 149
28.343 -12.052 0.210 19 28 107
28.352 -12.089 0.241 18 24 110
28.355 -12.024 0.267 18 34 156
28.354 -12.084 0.253 17 28 120
28.352 -12.106 0.236 11 13 70
28.347 -12.060 0.227 17 28 117
28.350 -12.068 0.240 18 28 126
28.352 -12.047 0.254 19 34 151
28.354 -12.044 0.262 19 34 151
28.349 -12.141 0.235 9 11 10
28.338 -12.111 0.203 11 15 53
28.351 -12.123 0.234 29 31 44
28.344 -12.142 0.224 9 7 8
28.347 -12.125 0.225 29 34 53
28.335 -12.140 0.203 16 19 24
28.338 -12.062 0.191 7 11 49
28.352 -12.130 0.239 6 6 14
28.350 -12.142 0.237 7 9 8
28.335 -12.114 0.196 20 21 49
28.331 -12.122 0.188 24 25 45
28.338 -12.144 0.210 33 34 36
28.344 -12.157 0.227 9 8 13
28.338 -12.059 0.191 7 11 49
28.340 -12.152 0.217 6 6 6
28.350 -12.160 0.241 10 9 14
28.336 -12.117 0.199 26 28 53
28.335 -12.114 0.197 20 21 49
28.339 -12.137 0.210 22 25 30
28.351 -12.116 0.233 27 32 70
28.352 -12.114 0.236 33 36 69
28.349 -12.135 0.234 11 12 16
28.337 -12.125 0.204 17 22 41
28.349 -12.100 0.226 12 20 93
28.347 -12.166 0.237 10 9 14
28.334 -12.100 0.191 6 5 36
28.333 -12.144 0.199 16 17 22
28.345 -12.098 0.217 13 23 85
28.346 -12.146 0.229 12 8 7
28.343 -12.139 0.220 7 7 9
28.353 -12.149 0.246 8 10 7
28.352 -12.173 0.249 10 11 13
28.344 -12.100 0.213 13 23 82
28.345 -12.163 0.231 7 6 14
28.343 -12.120 0.216 19 25 51
28.348 -12.105 0.225 6 13 67
28.347 -12.155 0.234 9 8 13
28.338 -12.136 0.208 26 29 34
28.346 -12.147 0.230 11 7 6
28.338 -12.074 0.194 11 14 57
28.339 -12.144 0.213 13 14 16
28.354 -12.122 0.242 32 35 54
28.353 -12.150 0.247 9 8 13
28.222 -12.002 0.042 25 29 76
28.326 -11.936 0.047 52 49 32
28.194 -11.982 0.054 51 44 28
28.282 -11.935 0.055 55 49 33
28.194 -11.987 0.052 57 49 36
28.269 -11.954 0.051 63 59 47
28.261 -11.958 0.051 69 59 49
28.313 -11.940 0.048 65 54 50
28.296 -11.951 0.047 56 51 32
28.332 -11.914 0.054 44 38 26
28.256 -11.926 0.063 63 57 45
28.244 -11.988 0.043 28 29 60
28.313 -11.919 0.056 63 57 45
28.217 -12.008 0.041 28 34 94
28.284 -11.969 0.043 49 49 41
28.297 -11.928 0.055 59 53 37
28.317 -11.923 0.053 69 63 51
28.209 -12.009 0.042 30 33 86
28.224 -11.930 0.067 45 36 21
28.199 -11.946 0.066 61 51 41
28.292 -11.949 0.049 61 56 37
28.296 -11.963 0.043 40 37 28
28.214 -11.932 0.068 59 50 33
28.231 -11.968 0.052 48 42 30
28.284 -11.951 0.049 57 51 35
28.207 -11.939 0.067 77 67 55
28.305 -11.935 0.051 56 47 38
28.234 -11.929 0.066 56 48 35
28.224 -11.992 0.045 29 31 56
28.258 -11.943 0.056 51 45 31
28.258 -11.954 0.052 83 73 63
28.203 -11.984 0.051 70 63 53
28.255 -11.961 0.051 51 41 29
28.286 -11.964 0.044 49 42 32
28.274 -11.935 0.056 71 65 49
28.241 -11.990 0.043 32 33 63
28.303 -11.915 0.058 65 59 45
28.330 -11.916 0.054 61 54 44
28.206 -11.988 0.050 62 58 49
28.324 -11.938 0.047 73 64 57
28.294 -11.951 0.047 60 55 36
28.353 -11.910 0.052 43 44 26
28.210 -11.984 0.050 67 62 58
28.222 -11.961 0.056 43 37 25
28.285 -11.919 0.060 63 57 45
28.312 -11.914 0.057 47 43 31
28.234 -11.935 0.063 59 62 35
28.236 -11.934 0.063 65 58 42
28.273 -11.935 0.057 56 50 34
28.230 -11.951 0.058 46 43 28
28.246 -11.943 0.058 55 47 44
28.285 -11.922 0.059 65 59 45
28.234 -11.945 0.060 57 56 38
28.232 -11.937 0.063 59 62 35
28.232 -11.978 0.048 43 39 40
28.335 -11.929 0.048 71 65 53
28.206 -12.014 0.040 33 36 89
28.198 -11.941 0.067 75 65 55
28.298 -11.936 0.052 72 66 54
28.338 -11.920 0.051 64 55 46
28.297 -11.933 0.053 77 71 59
28.315 -11.938 0.049 66 55 51
28.302 -11.945 0.048 66 58 47
28.294 -11.926 0.056 63 57 45
28.238 -11.973 0.049 51 46 40
28.194 -11.969 0.058 80 71 56
28.200 -11.940 0.067 74 64 52
28.301 -11.956 0.045 53 48 29
28.232 -11.992 0.044 26 28 66
28.265 -11.948 0.053 49 43 31
28.251 -11.925 0.064 69 63 51
28.319 -11.940 0.047 60 51 44
28.245 -11.977 0.047 38 36 37
28.270 -11.962 0.048 45 43 18
28.260 -11.950 0.054 56 50 38
28.252 -11.929 0.062 58 50 37
28.188 -12.020 0.041 87 79 68
28.267 -11.951 0.052 63 57 45
28.235 -11.999 0.041 28 31 84
28.200 -11.986 0.051 69 63 49
28.196 -11.988 0.051 57 49 36
28.220 -11.949 0.061 60 50 38
28.215 -11.935 0.066 59 50 35
28.314 -11.943 0.047 59 48 42
28.211 -11.967 0.056 55 52 33
28.216 -11.993 0.046 35 34 48
28.193 -11.968 0.059 80 71 56
28.272 -11.956 0.050 63 59 47
28.192 -11.975 0.056 60 51 36
28.270 -11.938 0.056 55 49 35
28.241 -11.947 0.058 60 53 47
28.265 -11.945 0.055 63 57 45
28.290 -11.960 0.045 46 43 28
28.234 -11.939 0.062 65 67 43
28.223 -12.002 0.041 24 30 82
28.196 -11.942 0.067 75 65 55
28.223 -11.954 0.058 73 67 55
28.233 -11.945 0.060 57 56 38
28.341 -11.957 0.047 42 41 39
28.317 -11.971 0.045 36 36 46
28.277 -12.010 0.041 22 37 122
28.346 -11.957 0.048 53 40 34
28.278 -12.010 0.041 22 37 122
28.307 -11.965 0.044 44 41 36
28.329 -11.976 0.046 29 35 67
28.329 -11.973 0.046 29 33 60
28.319 -11.956 0.045 53 45 34
28.284 -11.981 0.042 25 28 59
28.282 -11.981 0.041 29 31 56
28.304 -11.985 0.044 29 32 87
28.336 -11.956 0.047 38 38 26
28.312 -11.979 0.044 26 29 62
28.305 -11.968 0.044 40 38 39
28.308 -11.998 0.044 25 37 123
28.337 -11.967 0.047 28 20 35
28.347 -11.946 0.048 41 33 22
28.295 -12.007 0.043 24 39 124
28.299 -12.010 0.043 28 36 134
28.296 -11.966 0.043 40 37 28
28.306 -11.980 0.044 31 34 65
28.324 -11.945 0.046 75 66 57
28.303 -11.985 0.043 29 32 87
28.332 -11.960 0.046 50 47 28
28.318 -11.958 0.045 43 36 26
28.297 -11.962 0.043 48 44 32
28.350 -11.932 0.048 47 48 30
28.291 -12.016 0.042 28 37 138
28.346 -11.948 0.048 40 32 21
28.298 -11.999 0.043 24 36 112
28.283 -11.996 0.041 25 35 104
28.271 -11.996 0.040 23 33 95
28.285 -12.014 0.042 28 38 136
28.321 -11.973 0.045 34 36 61
28.305 -11.986 0.044 27 31 94
28.354 -11.923 0.049 44 46 32
28.346 -11.936 0.048 51 50 30
28.329 -11.979 0.046 32 36 83
28.284 -12.015 0.042 28 38 136
28.319 -11.988 0.045 25 40 95
28.303 -11.959 0.043 54 48 34
28.273 -12.004 0.040 22 36 111
28.294 -11.966 0.043 41 38 31
28.303 -12.012 0.043 24 38 143
28.152 -11.969 0.048 81 72 57
28.165 -12.004 0.041 72 62 50
28.162 -11.944 0.058 56 44 32
28.156 -11.967 0.049 66 58 45
28.154 -11.968 0.049 66 58 45
28.180 -12.015 0.042 72 60 44
28.167 -11.938 0.061 71 59 47
28.176 -11.938 0.063 71 61 49
28.183 -12.009 0.045 44 40 29
28.166 -11.964 0.053 69 59 47
28.176 -12.019 0.040 70 61 46
28.143 -11.982 0.041 69 60 45
28.177 -11.999 0.046 66 60 46
28.130 -11.972 0.041 77 68 53
28.147 -11.980 0.043 61 52 35
28.118 -11.947 0.045 67 59 48
28.177 -11.951 0.060 72 63 48
28.151 -11.980 0.044 66 57 40
28.145 -11.972 0.045 92 80 66
28.128 -11.962 0.043 65 53 39
28.159 -11.978 0.047 60 51 36
28.180 -11.998 0.047 67 61 49
28.171 -11.959 0.056 64 57 41
28.154 -11.988 0.043 73 62 44
28.173 -11.984 0.049 79 69 57
28.186 -12.006 0.046 67 62 56
28.180 -11.955 0.060 53 43 31
28.144 -11.972 0.045 92 80 66
28.128 -11.959 0.044 66 54 42
28.140 -11.960 0.047 72 58 45
28.122 -11.947 0.046 67 57 47
28.150 -11.982 0.043 66 57 40
28.147 -11.980 0.043 61 52 35
28.170 -11.941 0.061 57 48 33
28.181 -11.956 0.060 53 43 31
28.138 -11.982 0.040 80 71 56
28.154 -11.972 0.047 67 58 43
28.156 -11.980 0.046 78 69 52
28.158 -12.001 0.040 79 69 57
28.177 -12.008 0.043 68 65 50
28.160 -11.958 0.053 70 63 47
28.158 -11.997 0.041 71 60 40
28.132 -11.939 0.051 71 57 44
28.178 -11.993 0.048 54 46 33
28.184 -12.020 0.042 67 57 45
28.131 -11.951 0.047 85 72 63
28.180 -11.959 0.058 63 53 41
28.158 -11.939 0.058 67 55 43
28.139 -11.983 0.040 83 74 59
28.173 -11.998 0.045 69 62 46
28.155 -12.248 0.426 116 92 58
28.153 -12.249 0.402 116 93 59
28.152 -12.249 0.403 118 94 58
28.159 -12.247 0.360 110 97 63
28.147 -12.251 0.465 115 91 53
28.146 -12.251 0.361 118 94 56
28.158 -12.247 0.417 106 94 72
28.148 -12.251 0.401 120 96 58
28.160 -12.246 0.404 112 92 67
28.151 -12.249 0.458 115 92 51
28.161 -12.246 0.362 114 96 74
28.149 -12.250 0.425 116 92 58
28.154 -12.248 0.396 116 93 59
28.149 -12.250 0.446 119 91 54
28.146 -12.251 0.439 117 91 54
28.147 -12.251 0.410 118 94 60
28.147 -12.251 0.385 121 95 58
28.148 -12.251 0.410 118 94 60
28.158 -12.247 0.355 109 96 62
28.167 -12.244 0.355 90 81 66
28.149 -12.250 0.403 119 95 57
28.147 -12.251 0.353 121 92 60
27.970 -11.854 0.781 157 167 143
28.024 -11.830 0.782 155 158 139
27.908 -11.881 0.781 169 175 149
28.012 -11.810 0.796 157 158 142
28.101 -11.830 0.765 162 164 142
28.229 -11.784 0.761 69 52 36
28.050 -11.831 0.776 160 163 144
27.938 -11.867 0.782 164 169 147
27.862 -11.912 0.775 81 56 36
27.987 -11.880 0.763 166 175 146
28.106 -11.823 0.767 161 163 141
28.038 -11.861 0.761 156 164 141
28.206 -11.793 0.761 66 49 31
27.967 -11.875 0.770 172 174 150
28.030 -11.830 0.781 155 158 139
28.030 -11.825 0.784 161 160 142
27.983 -11.816 0.800 145 152 136
28.070 -11.850 0.760 162 167 145
28.038 -11.848 0.769 157 169 147
27.934 -11.853 0.791 158 161 144
28.175 -11.800 0.764 71 54 38
27.884 -11.922 0.764 81 59 38
28.202 -11.803 0.756 67 50 32
28.035 -11.820 0.785 158 157 139
28.167 -11.815 0.757 175 169 145
27.914 -11.864 0.789 160 165 145
28.093 -11.821 0.771 161 160 140
27.869 -11.924 0.766 93 68 37
27.892 -11.899 0.775 163 157 141
27.923 -11.903 0.765 167 177 150
27.979 -11.840 0.787 155 160 140
28.113 -11.806 0.775 158 157 137
27.996 -11.868 0.767 169 173 148
28.128 -11.817 0.765 159 162 141
27.909 -11.869 0.788 169 174 154
27.890 -11.894 0.778 189 187 166
27.898 -11.913 0.765 45 39 25
27.981 -11.865 0.773 170 170 146
27.912 -11.863 0.790 157 161 144
28.136 -11.822 0.761 158 163 141
27.962 -11.845 0.788 160 167 149
27.975 -11.880 0.766 170 174 147
27.939 -11.851 0.790 157 161 144
28.072 -11.806 0.785 156 157 139
27.915 -11.862 0.790 160 165 145
28.035 -11.810 0.791 155 156 142
27.950 -11.836 0.796 127 136 117
28.141 -11.802 0.771 161 159 136
27.940 -11.892 0.767 167 178 148
27.955 -11.890 0.765 171 178 145
28.007 -11.833 0.784 162 167 145
28.195 -11.803 0.758 73 54 37
27.960 -11.835 0.794 140 147 129
27.898 -11.915 0.764 45 39 25
28.154 -11.809 0.764 168 166 143
28.043 -11.838 0.773 153 162 143
27.937 -11.873 0.779 167 173 147
27.948 -11.889 0.767 169 178 147
28.046 -11.813 0.787 155 156 140
27.955 -11.851 0.787 163 170 152
28.124 -11.826 0.761 161 164 143
27.907 -11.888 0.777 171 175 148
27.960 -11.839 0.792 156 163 145
28.015 -11.835 0.781 151 159 136
28.242 -11.781 0.759 69 52 36
28.039 -11.852 0.767 142 154 132
27.961 -11.853 0.784 161 168 150
27.901 -11.886 0.780 178 181 154
28.142 -11.818 0.762 154 159 137
27.917 -11.878 0.781 167 176 149
27.921 -11.900 0.767 165 175 148
28.106 -11.808 0.776 158 157 137
28.093 -11.833 0.765 161 164 143
28.140 -11.802 0.771 161 159 136
27.944 -11.851 0.789 161 165 148
28.004 -11.811 0.797 153 157 140
27.937 -11.878 0.775 172 181 150
28.159 -11.810 0.762 149 144 122
28.059 -11.829 0.775 157 160 139
27.958 -11.816 0.805 154 158 141
28.129 -11.819 0.764 159 162 141
27.967 -11.828 0.797 151 155 138
28.137 -11.811 0.767 154 157 136
28.150 -11.811 0.764 158 158 134
27.978 -11.856 0.778 152 162 137
28.015 -11.854 0.771 167 169 147
28.012 -11.830 0.785 154 162 139
28.035 -11.846 0.770 160 169 148
27.945 -11.853 0.788 154 158 141
28.069 -11.818 0.779 161 160 140
27.940 -11.861 0.784 164 167 148
28.042 -11.848 0.768 155 168 148
28.128 -11.817 0.766 159 162 141
28.136 -11.798 0.774 156 154 133
28.061 -11.841 0.767 154 163 142
28.216 -11.792 0.759 61 44 24
28.113 -11.803 0.777 153 154 136
28.165 -11.801 0.765 68 51 35
27.950 -11.893 0.764 167 177 143
28.143 -11.815 0.763 154 157 136
27.952 -11.864 0.780 169 170 152
28.189 -11.799 0.762 74 55 38
27.959 -11.826 0.800 152 156 139
28.039 -11.848 0.769 159 171 151
28.178 -11.801 0.763 70 51 34
27.978 -11.823 0.797 157 159 145
27.897 -11.900 0.773 190 187 168
27.929 -11.852 0.792 163 167 150
28.238 -11.788 0.756 63 46 30
28.137 -11.793 0.777 131 126 104
27.863 -11.923 0.768 94 68 31
27.899 -11.899 0.773 183 182 161
27.880 -11.914 0.769 68 53 32
28.014 -11.826 0.787 155 163 142
28.025 -11.829 0.782 159 160 142
28.228 -11.793 0.756 68 51 33
28.020 -11.824 0.787 153 161 140
27.936 -11.873 0.779 167 173 147
27.895 -11.883 0.783 177 180 153
28.022 -11.809 0.795 155 156 142
28.167 -11.790 0.772 64 48 33
27.892 -11.906 0.771 51 37 26
27.918 -11.870 0.785 168 173 151
27.872 -11.921 0.767 88 62 35
28.113 -11.825 0.765 161 163 139
27.905 -11.892 0.776 179 183 156
28.013 -11.845 0.776 165 170 147
27.954 -11.820 0.804 154 158 141
28.202 -11.791 0.763 69 52 34
27.942 -11.834 0.799 136 145 126
27.996 -11.878 0.762 163 172 143
27.965 -11.862 0.778 163 166 145
27.885 -11.918 0.766 63 55 34
27.967 -11.817 0.803 156 160 143
27.869 -11.907 0.776 61 43 19
27.995 -11.814 0.798 148 155 139
27.974 -11.871 0.771 171 173 149
27.973 -11.835 0.791 156 160 143
28.073 -11.833 0.769 160 161 143
28.096 -11.812 0.776 159 158 138
28.121 -11.810 0.771 153 156 137
28.054 -11.805 0.790 150 154 137
27.982 -11.867 0.771 172 172 148
27.903 -11.874 0.786 165 170 150
27.959 -11.890 0.764 170 177 144
28.094 -11.842 0.759 167 169 147
27.976 -11.818 0.800 131 135 120
28.214 -11.787 0.762 74 57 39
27.976 -11.853 0.780 155 165 140
28.029 -11.853 0.768 163 168 146
28.037 -11.842 0.772 150 162 142
27.964 -11.827 0.798 152 156 139
27.993 -11.836 0.786 159 162 143
28.031 -11.841 0.774 151 163 143
28.132 -11.817 0.764 157 162 140
27.970 -11.820 0.800 148 152 135
28.041 -11.832 0.777 150 155 135
27.933 -11.894 0.768 155 168 140
27.957 -11.851 0.786 160 167 149
28.213 -11.792 0.760 60 43 23
28.153 -11.808 0.765 164 159 137
27.909 -11.878 0.783 166 172 146
27.883 -11.912 0.770 67 52 31
28.088 -11.838 0.763 162 166 143
28.216 -11.789 0.761 69 52 34
27.981 -11.833 0.790 158 161 144
27.898 -11.901 0.772 185 184 163
27.887 -11.915 0.767 42 33 16
27.853 -11.927 0.768 121 93 56
28.069 -11.850 0.761 162 167 145
28.188 -11.807 0.757 69 50 33
27.941 -11.840 0.796 127 136 117
28.040 -11.847 0.769 159 171 151
27.890 -11.910 0.769 53 41 29
28.177 -11.790 0.769 68 52 36
28.070 -11.813 0.781 160 159 141
27.995 -11.813 0.798 148 155 139
28.151 -11.803 0.768 163 158 136
28.033 -11.806 0.794 154 155 141
28.033 -11.865 0.761 162 168 142
28.127 -11.824 0.762 161 164 143
28.122 -11.804 0.774 151 152 134
28.210 -11.788 0.762 66 49 31
27.952 -11.832 0.798 149 156 138
27.985 -11.855 0.777 158 166 142
27.886 -11.893 0.779 170 168 147
28.113 -11.835 0.759 163 165 141
28.178 -11.807 0.759 63 46 28
28.006 -11.862 0.768 170 172 148
28.089 -11.816 0.775 159 158 138
27.975 -11.816 0.802 148 152 137
28.081 -11.819 0.775 160 159 141
27.862 -11.915 0.773 86 59 38
27.942 -11.870 0.779 167 171 148
27.969 -11.833 0.794 165 169 152
28.006 -11.839 0.781 164 167 146
27.980 -11.824 0.796 158 160 146
28.067 -11.842 0.765 166 171 149
27.925 -11.895 0.769 164 174 147
27.947 -11.835 0.797 130 139 120
28.061 -11.834 0.772 161 169 148
27.995 -11.877 0.762 164 173 144
27.905 -11.864 0.789 166 170 155
27.922 -11.851 0.794 160 167 149
27.941 -11.830 0.801 133 142 123
27.904 -11.863 0.789 164 168 154
27.910 -11.859 0.791 162 167 145
27.838 -11.872 0.778 108 93 70
27.830 -11.936 0.766 135 109 58
27.797 -11.893 0.768 136 105 50
27.866 -11.868 0.782 161 164 143
27.856 -11.874 0.780 153 147 123
27.856 -11.871 0.780 163 161 140
27.848 -11.869 0.780 169 166 147
27.844 -11.900 0.774 89 63 36
27.854 -11.899 0.776 71 49 26
27.800 -11.886 0.769 125 93 46
27.794 -11.863 0.772 87 73 46
27.870 -11.874 0.782 172 176 153
27.821 -11.930 0.766 122 89 56
27.837 -11.886 0.775 81 53 29
27.839 -11.901 0.773 93 66 37
27.833 -11.938 0.766 130 105 51
27.846 -11.880 0.778 76 58 34
27.814 -11.898 0.770 100 74 47
27.813 -11.898 0.770 100 74 47
27.830 -11.934 0.766 135 104 60
27.822 -11.886 0.773 100 70 34
27.864 -11.879 0.780 182 180 157
27.828 -11.890 0.773 116 81 41
27.828 -11.933 0.766 132 100 59
27.827 -11.926 0.767 127 96 50
27.838 -11.890 0.775 83 53 29
27.884 -11.860 0.786 166 169 150
27.822 -11.912 0.769 119 90 48
27.843 -11.871 0.778 170 162 141
27.812 -11.876 0.773 69 52 32
27.880 -11.881 0.782 174 177 156
27.799 -11.872 0.772 119 95 67
27.893 -11.872 0.786 162 165 146
27.820 -11.906 0.769 111 87 51
27.841 -11.908 0.772 107 81 48
27.853 -11.911 0.773 84 57 28
27.854 -11.904 0.775 78 57 28
27.885 -11.866 0.786 165 169 154
27.823 -11.891 0.772 109 77 38
27.820 -11.887 0.772 94 68 35
27.822 -11.902 0.770 113 88 47
27.844 -11.877 0.778 66 50 25
27.804 -11.907 0.767 135 108 53
27.824 -11.905 0.770 121 94 47
27.824 -11.886 0.773 100 70 34
27.798 -11.869 0.772 129 108 77
27.866 -11.865 0.783 165 168 149
27.832 -11.875 0.776 111 90 73
27.828 -11.889 0.773 121 82 43
27.856 -11.879 0.779 98 87 65
27.808 -11.874 0.773 101 82 65
27.809 -11.904 0.768 115 87 50
27.819 -11.879 0.773 89 69 36
27.878 -11.860 0.786 165 168 149
27.958 -11.923 0.755 188 187 157
27.900 -11.919 0.763 40 34 20
27.926 -11.918 0.760 180 183 164
27.979 -11.928 0.752 96 83 51
27.998 -11.889 0.759 172 177 147
27.907 -11.923 0.761 199 193 179
27.962 -11.895 0.761 170 180 146
27.893 -11.935 0.760 79 53 30
28.028 -11.920 0.748 103 75 35
27.883 -11.927 0.763 84 54 43
27.883 -11.933 0.761 82 56 23
27.987 -11.933 0.750 92 76 42
28.013 -11.910 0.752 81 77 52
27.937 -11.918 0.759 173 183 156
27.840 -11.939 0.765 115 94 47
27.933 -11.935 0.755 183 185 163
28.039 -11.888 0.754 174 177 148
27.913 -11.927 0.759 193 191 170
27.989 -11.929 0.751 100 77 35
28.008 -11.888 0.758 171 176 146
27.957 -11.912 0.758 172 181 152
27.983 -11.917 0.754 184 187 160
28.023 -11.931 0.746 105 87 51
27.992 -11.919 0.752 72 67 38
28.040 -11.880 0.756 171 176 146
28.025 -11.921 0.748 84 56 16
28.009 -11.940 0.746 128 130 109
27.921 -11.940 0.756 57 59 48
27.898 -11.920 0.763 55 48 32
27.944 -11.920 0.757 179 182 155
28.034 -11.903 0.752 169 166 133
27.896 -11.921 0.763 52 44 25
27.889 -11.925 0.762 77 58 26
27.895 -11.926 0.762 58 42 17
27.990 -11.916 0.753 175 177 153
27.921 -11.911 0.762 180 185 162
28.014 -11.912 0.752 81 77 52
28.032 -11.894 0.754 171 177 149
28.019 -11.872 0.760 161 172 142
28.007 -11.909 0.753 192 190 165
27.973 -11.918 0.755 180 181 150
28.006 -11.881 0.760 167 176 147
27.896 -11.938 0.759 70 51 37
27.962 -11.938 0.751 115 110 91
27.967 -11.908 0.758 173 184 152
27.906 -11.939 0.758 71 64 58
27.947 -11.926 0.756 184 180 155
27.919 -11.921 0.760 179 181 159
27.939 -11.930 0.756 187 185 162
28.000 -11.910 0.754 182 182 156
27.948 -11.906 0.760 173 179 151
27.970 -11.927 0.753 83 78 46
28.036 -11.920 0.747 98 74 30
27.961 -11.936 0.752 90 85 65
27.973 -11.919 0.754 193 192 161
27.919 -11.934 0.757 193 197 174
27.999 -11.900 0.756 183 183 155
27.983 -11.930 0.751 114 92 51
28.025 -11.934 0.745 84 75 44
27.937 -11.917 0.759 169 182 156
27.990 -11.938 0.748 121 117 92
28.000 -11.933 0.749 100 84 51
27.911 -11.932 0.759 189 184 165
27.914 -11.938 0.757 60 61 47
27.876 -11.932 0.762 100 74 39
27.939 -11.903 0.762 162 172 147
27.884 -11.922 0.764 81 53 41
27.953 -11.917 0.757 176 181 151
28.035 -11.930 0.745 97 81 45
28.022 -11.895 0.755 175 180 150
27.972 -11.929 0.752 102 91 61
27.955 -11.897 0.761 174 181 148
28.019 -11.905 0.753 185 180 150
28.036 -11.885 0.755 173 176 147
27.864 -11.936 0.763 125 103 53
28.020 -11.900 0.754 190 187 156
28.031 -11.922 0.748 112 88 44
27.989 -11.908 0.755 183 184 153
28.021 -11.888 0.756 174 177 148
27.963 -11.924 0.754 186 185 154
27.980 -11.928 0.752 96 83 51
28.011 -11.932 0.747 98 79 46
27.941 -11.912 0.760 166 174 150
28.045 -11.875 0.757 171 177 151
27.864 -11.936 0.763 112 94 46
28.009 -11.891 0.757 175 178 149
28.294 -11.802 0.742 71 52 37
28.263 -11.859 0.735 84 60 34
28.256 -11.902 0.726 87 66 35
28.305 -11.812 0.736 76 54 40
28.257 -11.875 0.733 85 69 36
28.328 -11.738 0.750 60 43 25
28.274 -11.804 0.747 68 49 32
28.283 -11.844 0.734 75 59 33
28.268 -11.825 0.743 73 55 33
28.282 -11.801 0.746 73 54 39
28.266 -11.824 0.744 75 58 38
28.270 -11.850 0.736 82 57 35
28.307 -11.782 0.744 53 42 22
28.333 -11.757 0.743 75 54 35
28.282 -11.840 0.735 75 55 31
28.292 -11.802 0.743 69 52 36
28.313 -11.758 0.748 77 56 37
28.292 -11.808 0.741 73 54 39
28.274 -11.836 0.739 82 64 42
28.264 -11.855 0.736 84 60 34
28.272 -11.848 0.736 83 61 38
28.330 -11.758 0.744 75 54 35
28.297 -11.771 0.749 59 46 27
28.254 -11.877 0.733 84 68 35
28.263 -11.880 0.730 88 72 39
28.289 -11.804 0.743 74 55 40
28.298 -11.788 0.745 61 48 31
28.253 -11.900 0.727 83 64 32
28.316 -11.748 0.750 76 55 36
28.306 -11.796 0.740 61 48 31
28.340 -11.746 0.744 59 42 24
28.293 -11.824 0.736 74 53 32
28.297 -11.773 0.749 59 46 27
28.299 -11.796 0.742 65 49 34
28.271 -11.870 0.730 79 62 34
28.301 -11.761 0.751 72 55 35
28.282 -11.842 0.735 73 57 31
28.283 -11.808 0.744 70 51 34
28.328 -11.754 0.745 78 57 38
28.275 -11.801 0.748 70 51 34
28.290 -11.821 0.738 71 53 31
28.278 -11.806 0.746 70 51 34
28.315 -11.759 0.748 77 56 37
28.278 -11.779 0.753 61 48 32
28.336 -11.749 0.744 60 41 24
28.287 -11.788 0.748 64 48 33
28.253 -11.887 0.731 85 69 36
28.327 -11.747 0.748 74 53 34
28.263 -11.866 0.734 81 62 32
28.266 -11.845 0.738 76 58 36
28.329 -11.750 0.746 75 54 35
28.298 -11.771 0.749 59 46 27
28.296 -11.796 0.743 66 50 35
28.248 -11.904 0.728 86 67 35
28.306 -11.781 0.744 59 48 28
28.285 -11.834 0.736 75 55 31
28.295 -11.831 0.734 77 59 37
28.282 -11.849 0.733 81 64 38
28.279 -11.796 0.748 71 52 37
28.313 -11.749 0.751 75 54 35
28.252 -11.889 0.731 87 71 38
28.278 -11.886 0.724 76 61 32
28.248 -11.923 0.723 78 64 37
28.349 -11.808 0.726 84 62 41
28.351 -11.771 0.735 61 44 26
28.344 -11.835 0.721 71 54 38
28.270 -11.885 0.727 92 75 45
28.345 -11.776 0.735 76 55 36
28.346 -11.873 0.711 83 62 41
28.297 -11.877 0.722 77 63 36
28.316 -11.833 0.728 74 56 36
28.330 -11.891 0.710 76 59 31
28.286 -11.865 0.728 80 62 38
28.343 -11.835 0.721 71 54 38
28.330 -11.793 0.735 79 58 39
28.289 -11.910 0.716 93 69 41
28.302 -11.897 0.716 77 57 33
28.308 -11.897 0.714 79 61 37
28.259 -11.927 0.719 92 82 57
28.349 -11.738 0.744 62 46 30
28.331 -11.795 0.734 78 57 38
28.343 -11.787 0.733 78 56 35
28.314 -11.848 0.725 73 55 31
28.284 -11.879 0.725 77 63 37
28.344 -11.778 0.735 76 55 36
28.324 -11.808 0.732 59 48 30
28.340 -11.757 0.741 63 44 27
28.299 -11.836 0.731 78 58 34
28.306 -11.881 0.719 77 61 36
28.322 -11.864 0.719 73 57 32
28.291 -11.892 0.719 81 63 41
28.315 -11.867 0.720 79 61 37
28.352 -11.876 0.709 77 59 37
28.345 -11.775 0.735 71 50 31
28.339 -11.789 0.734 78 56 35
28.251 -11.921 0.723 82 66 40
28.350 -11.835 0.719 66 49 31
28.329 -11.840 0.723 73 56 36
28.292 -11.892 0.719 81 63 41
28.329 -11.774 0.740 76 54 33
28.340 -11.751 0.743 56 39 21
28.337 -11.795 0.732 77 56 37
28.299 -11.908 0.714 83 61 37
28.299 -11.879 0.721 75 61 34
28.311 -11.896 0.714 80 64 39
28.291 -11.877 0.724 70 56 30
28.308 -11.836 0.729 79 58 37
28.343 -11.780 0.735 78 56 35
28.321 -11.796 0.736 57 46 26
28.329 -11.844 0.722 75 59 36
28.277 -11.924 0.715 76 62 36
28.349 -11.847 0.716 69 52 36
28.306 -11.886 0.717 79 63 40
28.308 -11.862 0.723 76 58 34
28.280 -11.922 0.715 85 68 40
28.286 -11.884 0.723 77 63 37
28.353 -11.844 0.717 68 51 35
28.356 -11.812 0.724 82 60 39
28.326 -11.814 0.731 57 46 28
28.334 -11.844 0.721 73 57 34
28.346 -11.820 0.724 78 60 40
28.351 -11.839 0.718 69 52 36
28.342 -11.860 0.715 77 56 37
28.319 -11.797 0.736 55 44 24
28.331 -11.900 0.708 84 64 37
28.295 -11.881 0.721 72 58 32
28.329 -11.824 0.727 65 49 33
28.315 -11.805 0.735 61 48 31
28.334 -11.792 0.734 77 56 37
28.338 -11.850 0.718 75 57 35
28.337 -11.860 0.716 80 64 41
28.322 -11.817 0.731 58 45 28
28.321 -11.862 0.720 73 57 32
28.254 -11.933 0.719 126 129 108
28.320 -11.835 0.727 74 56 36
28.344 -11.767 0.738 72 51 32
28.258 -11.930 0.718 122 117 95
28.314 -11.822 0.731 75 53 39
28.329 -11.886 0.712 79 62 36
28.333 -11.887 0.711 79 62 36
28.327 -11.858 0.719 76 62 36
28.302 -11.857 0.726 76 58 34
28.322 -11.902 0.710 78 62 37
28.275 -11.875 0.728 77 62 33
28.332 -11.833 0.724 68 53 34
28.355 -11.838 0.717 65 48 30
28.304 -11.866 0.723 74 56 32
28.334 -11.811 0.729 68 50 30
28.299 -11.863 0.725 76 59 33
28.294 -11.871 0.724 78 62 36
28.285 -11.909 0.717 95 71 43
28.294 -11.852 0.729 76 59 33
28.326 -11.893 0.711 81 64 38
28.352 -11.775 0.734 61 44 26
28.335 -11.859 0.717 80 64 41
28.331 -11.834 0.724 68 53 34
28.347 -11.741 0.743 66 51 32
28.332 -11.799 0.733 78 57 38
28.352 -11.801 0.728 84 62 41
28.343 -11.751 0.742 60 43 25
28.267 -11.904 0.723 88 65 31
28.323 -11.863 0.719 73 59 33
28.324 -11.806 0.733 50 42 21
28.330 -11.845 0.722 75 59 36
28.320 -11.900 0.711 81 65 40
28.314 -11.904 0.711 81 63 39
28.336 -11.900 0.707 82 63 33
28.283 -11.921 0.714 81 64 36
28.356 -11.883 0.706 77 59 37
28.275 -11.912 0.719 92 69 38
28.313 -11.857 0.723 79 61 37
28.336 -11.809 0.729 78 57 38
28.288 -11.886 0.722 75 63 37
28.339 -11.842 0.720 75 57 37
28.326 -11.891 0.711 81 64 38
28.313 -11.808 0.735 67 51 35
28.349 -11.791 0.731 77 55 34
28.350 -11.959 0.094 109 115 113
28.339 -11.986 0.135 23 31 142
28.349 -11.964 0.104 69 75 89
28.329 -11.999 0.081 22 40 138
28.348 -11.966 0.116 34 37 68
28.356 -11.956 0.145 43 56 91
28.355 -11.962 0.183 29 37 110
28.343 -11.973 0.087 27 35 72
28.349 -11.971 0.160 35 40 122
28.337 -11.986 0.108 30 37 125
28.353 -11.951 0.074 113 118 111
28.341 -11.983 0.133 21 30 133
28.355 -11.967 0.218 18 27 96
28.352 -11.962 0.135 60 71 99
28.330 -11.992 0.058 24 39 120
28.337 -11.987 0.114 31 35 122
28.347 -11.972 0.144 40 49 142
28.354 -11.959 0.140 78 90 130
28.337 -11.980 0.056 31 39 88
28.341 -11.971 0.049 31 35 64
28.337 -11.987 0.105 30 37 125
28.348 -11.970 0.144 27 38 117
28.339 -11.982 0.098 30 37 105
28.354 -11.956 0.122 105 111 107
28.330 -11.994 0.070 28 37 130
28.353 -11.969 0.199 8 22 83
28.351 -11.968 0.167 7 13 65
28.344 -11.975 0.123 32 36 83
28.350 -11.959 0.083 106 112 108
28.347 -11.965 0.089 53 60 76
28.343 -11.975 0.104 32 37 92
28.345 -11.963 0.048 30 31 33
28.328 -11.997 0.058 22 41 120
28.330 -11.997 0.083 22 40 138
28.338 -11.979 0.073 28 37 102
28.353 -11.964 0.169 29 39 100
28.330 -11.994 0.072 28 37 128
28.342 -11.982 0.145 51 60 165
28.355 -11.970 0.244 17 29 111
28.342 -11.984 0.158 4 9 65
28.343 -11.967 0.052 28 31 48
28.345 -11.974 0.120 32 34 83
28.347 -11.963 0.066 40 41 43
28.348 -11.959 0.052 52 48 45
28.345 -11.977 0.149 46 60 159
28.339 -11.979 0.080 31 41 102
28.341 -11.980 0.121 26 37 101
28.349 -11.962 0.097 100 105 109
28.342 -11.985 0.161 6 12 64
28.354 -11.966 0.197 8 23 82
28.352 -11.973 0.223 14 31 103
28.341 -11.985 0.151 45 64 159
28.335 -11.985 0.066 29 37 109
28.352 -11.964 0.144 18 31 101
28.347 -11.963 0.078 106 114 116
28.330 -11.995 0.082 28 37 130
28.348 -11.960 0.067 73 74 69
28.331 -11.992 0.058 26 38 120
28.350 -11.961 0.092 107 113 111
28.356 -11.960 0.173 50 59 126
28.350 -11.973 0.190 12 21 80
28.335 -11.986 0.083 25 38 116
28.334 -11.987 0.073 22 38 116
28.355 -11.969 0.239 17 32 113
28.350 -11.965 0.135 23 32 73
28.339 -11.982 0.098 30 37 105
28.353 -11.969 0.208 17 25 87
28.346 -11.972 0.126 28 33 75
28.355 -11.961 0.172 45 54 119
28.355 -11.962 0.187 14 22 95
28.354 -11.959 0.145 27 39 89
28.340 -11.980 0.101 30 38 103
28.348 -11.978 0.198 15 23 88
28.340 -11.984 0.132 23 32 127
28.334 -11.991 0.100 31 38 129
28.355 -11.957 0.136 82 94 118
28.347 -11.978 0.188 13 18 76
28.339 -11.979 0.083 31 41 100
28.330 -11.996 0.082 28 37 130
28.350 -11.969 0.159 50 62 138
28.332 -11.988 0.058 33 36 117
28.353 -11.966 0.181 10 16 68
28.326 -12.001 0.056 23 37 146
28.349 -11.964 0.103 70 76 88
28.351 -11.970 0.180 10 16 68
28.327 -11.999 0.055 20 39 131
28.348 -11.968 0.243 18 33 102
28.326 -11.977 0.166 43 56 152
28.325 -11.980 0.151 23 36 114
28.341 -11.969 0.228 13 27 100
28.338 -11.978 0.188 10 22 48
28.334 -11.955 0.264 94 108 145
28.324 -11.972 0.181 64 74 163
28.336 -11.956 0.266 107 121 156
28.342 -11.976 0.202 13 24 78
28.336 -11.972 0.204 14 21 76
28.324 -11.980 0.149 23 36 114
28.340 -11.963 0.247 23 34 113
28.354 -11.957 0.298 30 51 82
28.333 -11.972 0.198 11 15 63
28.329 -11.991 0.116 28 37 128
28.340 -11.983 0.171 9 18 61
28.333 -11.970 0.208 13 19 77
28.329 -11.982 0.152 23 35 133
28.354 -11.951 0.323 133 148 151
28.341 -11.976 0.202 13 24 78
28.324 -11.960 0.226 48 57 126
28.322 -11.959 0.226 48 57 126
28.320 -11.978 0.151 32 33 100
28.341 -11.976 0.201 11 23 75
28.330 -11.975 0.184 10 13 82
28.343 -11.975 0.208 13 25 83
28.331 -11.972 0.197 11 15 63
28.347 -11.951 0.306 104 121 129
28.337 -11.978 0.183 13 23 59
28.333 -11.986 0.147 22 32 147
28.339 -11.964 0.244 21 32 111
28.337 -11.960 0.253 109 121 169
28.342 -11.954 0.287 111 125 152
28.342 -11.967 0.237 10 27 99
28.334 -11.993 0.122 19 45 140
28.321 -11.964 0.206 38 47 112
28.327 -11.987 0.131 29 36 127
28.326 -11.980 0.156 23 38 123
28.324 -11.964 0.211 36 43 111
28.329 -11.978 0.169 57 67 164
28.342 -11.975 0.206 13 24 80
28.343 -11.963 0.256 37 46 121
28.350 -11.974 0.226 22 32 104
28.336 -11.977 0.188 10 19 50
28.340 -11.966 0.238 13 27 98
28.343 -11.977 0.201 11 23 75
28.336 -11.960 0.249 58 70 122
28.343 -11.956 0.280 116 136 163
28.323 -11.981 0.144 27 37 109
28.334 -11.986 0.147 22 32 147
28.325 -11.964 0.213 21 28 100
28.330 -11.964 0.224 29 37 109
28.341 -11.966 0.237 10 27 99
28.331 -11.958 0.248 86 97 151
28.324 -12.001 0.070 24 40 138
28.333 -11.964 0.232 32 46 111
28.356 -11.958 0.301 57 77 104
28.331 -11.960 0.240 71 87 149
28.326 -11.974 0.177 49 55 141
28.280 -11.968 0.273 18 26 98
28.345 -11.951 0.364 153 166 157
28.305 -11.962 0.237 52 58 132
28.327 -11.956 0.306 93 107 136
28.308 -11.961 0.235 52 60 132
28.320 -11.958 0.302 62 75 117
28.331 -11.955 0.354 139 153 156
28.341 -11.952 0.367 152 164 162
28.313 -11.959 0.275 44 53 112
28.297 -11.963 0.306 48 59 121
28.289 -11.966 0.258 32 39 117
28.295 -11.964 0.275 58 65 143
28.326 -11.956 0.339 109 122 130
28.328 -11.956 0.255 63 75 127
28.343 -11.952 0.310 98 113 134
28.300 -11.963 0.277 49 56 134
28.343 -11.951 0.368 153 165 161
28.300 -11.963 0.303 45 56 118
28.331 -11.955 0.292 109 118 147
28.312 -11.960 0.298 39 52 104
28.308 -11.961 0.322 45 58 103
28.268 -11.971 0.272 14 24 85
28.305 -11.961 0.305 49 61 121
28.346 -11.951 0.360 153 166 157
28.327 -11.956 0.330 102 118 134
28.324 -11.957 0.275 63 75 117
28.343 -11.952 0.315 102 118 133
28.349 -11.950 0.367 154 167 158
28.269 -11.971 0.278 2 10 73
28.299 -11.963 0.287 49 56 128
28.333 -11.954 0.336 111 126 133
28.344 -11.951 0.372 154 165 159
28.285 -11.967 0.282 28 35 116
28.330 -11.955 0.314 99 113 140
28.311 -11.960 0.229 49 58 127
28.347 -11.950 0.370 155 166 160
28.279 -11.968 0.291 18 28 100
28.300 -11.963 0.264 53 60 138
28.315 -11.959 0.328 59 73 108
28.329 -11.955 0.276 87 100 135
28.355 -11.949 0.344 152 164 160
28.321 -11.957 0.341 105 119 132
28.299 -11.963 0.303 45 56 118
28.340 -11.952 0.360 153 165 161
28.320 -11.958 0.293 61 73 113
28.341 -11.952 0.367 152 164 162
28.291 -11.965 0.280 46 52 138
28.329 -11.955 0.312 99 113 140
28.310 -11.960 0.317 42 55 100
28.306 -11.961 0.257 48 56 131
28.271 -11.970 0.279 8 17 84
28.324 -11.956 0.325 102 117 138
28.317 -11.958 0.287 47 57 110
28.316 -11.959 0.280 43 52 107
28.325 -11.956 0.334 102 118 134
28.348 -11.950 0.347 151 161 163
28.296 -11.964 0.308 46 58 118
28.324 -11.957 0.254 62 73 129
28.337 -11.953 0.279 104 118 147
28.330 -11.955 0.345 127 141 144
28.299 -11.963 0.309 55 65 126
28.322 -11.957 0.310 77 90 124
28.305 -11.961 0.308 43 53 112
28.286 -11.966 0.267 24 32 105
28.298 -11.963 0.294 51 58 130
28.349 -11.950 0.318 116 134 136
28.338 -11.953 0.327 106 121 128
28.271 -11.970 0.276 7 16 81
28.323 -11.957 0.306 69 82 117
28.312 -11.960 0.296 39 52 104
28.293 -11.965 0.251 35 42 120
28.293 -11.964 0.268 51 58 138
28.091 -11.919 0.742 105 81 47
28.143 -11.905 0.739 83 62 33
28.141 -11.900 0.740 86 65 36
28.056 -11.883 0.754 169 180 150
28.106 -11.909 0.742 93 65 28
28.093 -11.928 0.739 99 83 57
28.224 -11.937 0.723 128 130 109
28.153 -11.922 0.734 94 71 40
28.132 -11.906 0.740 81 61 34
28.128 -11.918 0.738 82 66 40
28.042 -11.939 0.742 128 126 105
28.222 -11.939 0.723 127 130 111
28.143 -11.935 0.732 130 129 111
28.112 -11.927 0.738 87 68 36
28.045 -11.928 0.745 106 85 54
28.113 -11.894 0.745 81 67 40
28.174 -11.921 0.732 92 69 38
28.081 -11.886 0.750 171 171 145
28.150 -11.934 0.732 126 121 99
28.177 -11.930 0.730 93 77 52
28.185 -11.934 0.728 123 125 104
28.129 -11.926 0.736 90 74 48
28.054 -11.861 0.759 160 168 144
28.089 -11.878 0.751 174 177 148
28.173 -11.917 0.733 90 67 35
28.162 -11.933 0.731 120 116 91
28.192 -11.923 0.730 85 64 37
28.231 -11.939 0.722 130 131 113
28.070 -11.892 0.750 151 151 125
28.077 -11.906 0.746 72 53 21
28.060 -11.918 0.745 101 77 43
28.066 -11.904 0.748 96 79 51
28.104 -11.927 0.738 92 75 45
28.076 -11.906 0.746 72 55 27
28.109 -11.894 0.745 88 74 47
28.158 -11.936 0.730 124 126 104
28.113 -11.891 0.746 64 54 27
28.080 -11.893 0.749 168 162 138
28.081 -11.918 0.743 80 57 25
28.122 -11.912 0.740 83 63 36
28.109 -11.894 0.746 74 60 33
28.209 -11.929 0.727 103 88 59
28.165 -11.937 0.730 127 132 110
28.056 -11.872 0.756 169 178 149
28.081 -11.917 0.743 79 55 21
28.110 -11.930 0.737 87 76 54
28.093 -11.902 0.745 90 69 38
28.061 -11.892 0.751 163 163 137
28.144 -11.910 0.738 89 68 37
28.121 -11.901 0.743 89 68 41
28.066 -11.900 0.749 84 68 42
28.125 -11.895 0.743 80 63 37
28.204 -11.931 0.727 124 112 88
28.142 -11.919 0.736 101 78 46
28.187 -11.928 0.729 83 71 47
28.080 -11.893 0.749 168 162 138
28.116 -11.932 0.736 114 106 83
28.126 -11.897 0.743 80 63 37
28.104 -11.918 0.740 102 78 44
28.107 -11.918 0.740 93 70 36
28.048 -11.925 0.745 108 85 53
28.167 -11.931 0.731 116 109 81
28.129 -11.936 0.734 130 124 108
28.050 -11.894 0.752 157 160 133
28.044 -11.917 0.747 108 84 46
28.062 -11.869 0.756 163 169 141
28.112 -11.927 0.738 87 68 36
28.098 -11.938 0.737 127 130 111
28.118 -11.928 0.737 86 70 47
28.184 -11.917 0.732 91 68 37
28.150 -11.902 0.739 92 69 38
28.204 -11.936 0.725 124 132 111
28.153 -11.912 0.737 94 71 40
28.060 -11.871 0.756 164 173 144
28.143 -11.930 0.733 96 81 58
28.077 -11.933 0.740 113 109 84
28.098 -11.897 0.746 87 70 42
28.053 -11.905 0.749 71 60 32
28.049 -11.909 0.749 101 82 42
28.154 -11.939 0.730 128 136 115
28.174 -11.939 0.728 123 130 112
28.128 -11.907 0.740 80 60 33
28.053 -11.940 0.741 132 134 113
28.051 -11.932 0.743 97 83 56
28.152 -11.934 0.732 120 118 97
28.092 -11.939 0.737 127 131 116
28.182 -12.250 0.333 112 101 79
28.177 -12.240 0.304 55 54 49
28.181 -12.246 0.317 89 79 67
28.178 -12.242 0.310 60 57 48
28.164 -12.250 0.411 113 93 60
28.183 -12.248 0.321 106 93 76
28.166 -12.251 0.412 116 94 57
28.191 -12.247 0.283 79 71 60
28.192 -12.239 0.233 20 21 16
28.181 -12.249 0.334 108 97 75
28.161 -12.251 0.431 114 90 54
28.185 -12.244 0.292 72 65 55
28.193 -12.239 0.229 26 27 22
28.187 -12.248 0.307 95 86 69
28.182 -12.239 0.278 20 16 13
28.192 -12.249 0.286 88 79 64
28.152 -12.250 0.467 112 92 57
28.186 -12.243 0.275 34 29 25
28.195 -12.248 0.271 73 63 53
28.189 -12.251 0.313 114 98 73
28.177 -12.248 0.346 105 93 77
28.172 -12.244 0.347 83 76 66
28.168 -12.244 0.363 105 93 79
28.189 -12.240 0.250 24 23 18
28.178 -12.240 0.302 55 54 49
28.168 -12.247 0.383 110 92 68
28.169 -12.250 0.395 114 94 61
28.189 -12.248 0.294 80 72 59
28.184 -12.242 0.282 43 40 35
28.191 -12.248 0.287 88 79 64
28.179 -12.244 0.315 75 69 57
28.194 -12.250 0.284 98 85 69
28.184 -12.240 0.274 22 18 15
28.162 -12.249 0.415 116 95 64
28.142 -11.867 0.748 166 171 141
28.232 -11.802 0.753 71 53 33
28.187 -11.823 0.753 66 49 29
28.184 -11.913 0.733 90 70 37
28.199 -11.876 0.740 81 65 39
28.223 -11.908 0.730 87 68 38
28.190 -11.810 0.756 71 50 33
28.173 -11.885 0.741 88 71 43
28.201 -11.903 0.733 92 73 40
28.153 -11.878 0.744 133 129 102
28.177 -11.896 0.738 90 69 40
28.173 -11.824 0.754 161 157 132
28.185 -11.851 0.747 151 153 129
28.262 -11.811 0.748 67 50 30
28.089 -11.870 0.753 172 177 147
28.219 -11.844 0.745 82 60 36
28.186 -11.809 0.756 71 50 33
28.194 -11.811 0.755 72 53 36
28.185 -11.891 0.738 85 64 35
28.137 -11.868 0.748 172 179 148
28.145 -11.844 0.753 165 167 143
28.139 -11.883 0.745 92 88 61
28.225 -11.854 0.742 89 65 39
28.169 -11.837 0.752 169 167 142
28.196 -11.883 0.738 83 63 36
28.235 -11.865 0.738 85 61 33
28.250 -11.874 0.735 85 69 36
28.212 -11.843 0.746 82 61 40
28.112 -11.856 0.754 166 170 143
28.239 -11.802 0.752 72 55 37
28.152 -11.827 0.756 161 163 141
28.222 -11.921 0.727 87 67 34
28.261 -11.791 0.752 70 55 32
28.138 -11.856 0.751 168 171 142
28.061 -11.860 0.758 162 167 144
28.223 -11.802 0.754 68 50 30
28.254 -11.805 0.750 74 57 37
28.214 -11.812 0.753 78 56 35
28.223 -11.898 0.732 85 66 36
28.259 -11.802 0.750 72 55 35
28.176 -11.872 0.743 170 170 142
28.249 -11.888 0.732 87 71 38
28.188 -11.882 0.740 84 69 40
28.245 -11.848 0.741 84 62 38
28.176 -11.854 0.747 168 171 144
28.263 -11.811 0.748 67 50 30
28.115 -11.857 0.753 166 171 141
28.230 -11.894 0.732 89 70 40
28.143 -11.838 0.754 165 167 143
28.237 -11.825 0.747 81 61 37
28.162 -11.881 0.743 75 65 38
28.273 -11.783 0.753 70 54 38
28.222 -11.839 0.746 82 60 36
28.184 -11.820 0.754 68 51 31
28.241 -11.901 0.729 88 69 39
28.232 -11.909 0.729 87 68 38
28.237 -11.850 0.742 87 66 37
28.170 -11.905 0.736 85 61 33
28.248 -11.812 0.749 71 54 34
28.127 -11.836 0.757 164 166 142
28.168 -11.863 0.746 159 163 136
28.188 -11.914 0.732 88 67 36
28.153 -11.832 0.755 164 166 144
28.170 -11.826 0.754 169 165 140
28.217 -11.930 0.725 116 111 89
28.231 -11.862 0.739 86 62 34
28.167 -11.886 0.741 82 66 40
28.261 -11.787 0.753 70 55 32
28.259 -11.820 0.746 72 55 35
28.191 -11.825 0.752 70 52 32
28.259 -11.785 0.754 69 53 30
28.227 -11.829 0.747 78 58 33
28.192 -11.886 0.738 86 66 39
28.237 -11.833 0.745 77 57 33
28.172 -11.908 0.735 86 63 32
28.204 -11.815 0.753 71 54 34
28.191 -11.827 0.752 71 53 33
28.142 -11.829 0.757 163 165 143
28.203 -11.839 0.748 78 60 38
28.156 -11.902 0.739 90 65 34
28.142 -11.827 0.757 163 165 143
28.151 -11.878 0.744 162 161 133
28.201 -11.866 0.742 171 165 141
28.102 -11.879 0.750 174 180 146
28.190 -11.851 0.747 167 161 139
28.261 -11.827 0.744 73 56 36
28.233 -11.908 0.729 86 67 37
28.223 -11.883 0.736 90 66 38
28.218 -11.861 0.741 83 61 37
28.242 -11.829 0.746 75 55 31
28.161 -11.857 0.748 164 167 140
28.225 -11.816 0.751 70 52 30
28.243 -11.863 0.738 83 64 32
28.212 -11.826 0.750 78 56 33
28.214 -11.817 0.751 79 58 37
28.260 -11.791 0.752 70 55 32
28.241 -11.861 0.738 90 69 38
28.133 -11.859 0.751 169 174 144
28.243 -11.820 0.748 69 51 29
28.136 -11.850 0.752 167 170 143
28.161 -11.890 0.741 89 68 41
28.251 -11.789 0.754 73 56 36
28.275 -11.779 0.754 65 49 33
28.197 -11.833 0.750 74 56 34
28.100 -11.858 0.755 167 171 144
28.229 -11.842 0.744 84 63 36
28.202 -11.868 0.741 169 162 136
28.175 -11.845 0.750 168 166 141
28.187 -11.882 0.740 84 67 39
28.207 -11.846 0.746 79 62 42
28.253 -11.823 0.746 69 52 32
28.197 -11.817 0.753 71 52 35
28.193 -11.823 0.753 71 53 33
28.154 -11.858 0.749 163 168 138
28.217 -11.874 0.738 90 64 37
28.148 -11.847 0.752 165 168 141
28.236 -11.820 0.748 81 61 37
28.228 -11.931 0.724 122 117 95
28.206 -11.891 0.735 89 68 37
28.177 -11.839 0.750 157 153 128
28.205 -11.852 0.745 60 49 29
28.115 -11.879 0.748 172 175 146
28.234 -11.910 0.728 86 67 37
28.184 -11.853 0.747 149 153 128
28.256 -11.822 0.746 71 54 34
28.124 -11.873 0.749 171 176 146
28.176 -11.866 0.745 153 156 129
28.140 -11.895 0.742 79 62 34
28.213 -11.841 0.746 82 61 40
28.188 -11.900 0.736 90 71 39
28.244 -11.863 0.738 83 64 32
28.195 -11.832 0.750 73 55 35
28.136 -11.850 0.753 167 170 143
28.177 -11.844 0.749 161 159 134
28.205 -11.907 0.732 96 73 41
28.183 -11.901 0.736 83 64 32
28.178 -11.828 0.753 149 139 114
28.137 -11.849 0.753 167 170 143
28.274 -11.779 0.754 65 49 33
28.157 -11.862 0.748 167 172 142
28.183 -11.899 0.736 88 69 39
28.254 -11.821 0.746 69 52 32
28.242 -11.887 0.733 88 72 39
28.237 -11.930 0.723 120 118 95
28.219 -11.835 0.747 82 60 36
28.105 -11.860 0.754 167 172 142
28.212 -11.828 0.749 77 55 32
28.156 -11.864 0.747 165 170 140
28.160 -11.860 0.748 164 168 141
28.257 -11.838 0.742 75 57 35
28.207 -11.822 0.751 70 53 33
28.209 -11.915 0.730 96 71 40
28.132 -11.883 0.745 150 146 119
28.180 -11.843 0.749 155 153 128
28.244 -11.863 0.738 83 64 32
28.115 -11.838 0.758 164 166 142
28.235 -11.892 0.732 84 67 37
28.194 -11.816 0.754 73 54 37
28.207 -11.802 0.756 68 51 31
28.151 -11.895 0.741 88 67 38
28.159 -11.836 0.753 166 166 142
28.169 -11.892 0.739 89 63 36
28.129 -11.850 0.753 166 170 143
28.163 -11.847 0.750 165 167 143
28.178 -11.835 0.751 167 163 138
28.069 -11.861 0.757 171 173 151
28.208 -11.807 0.754 72 54 34
28.252 -11.790 0.753 71 54 34
28.202 -11.821 0.752 74 57 37
28.125 -11.853 0.753 167 172 142
28.235 -11.919 0.726 84 69 40
28.218 -11.814 0.752 77 52 32
28.223 -11.991 0.227 26 38 114
28.214 -12.011 0.258 25 42 156
28.207 -12.023 0.269 33 48 167
28.252 -11.982 0.272 3 12 79
28.180 -12.061 0.305 22 46 180
28.228 -11.994 0.247 25 37 121
28.196 -12.039 0.288 29 44 173
28.195 -12.039 0.286 27 41 172
28.218 -12.017 0.283 75 86 194
28.228 -11.997 0.255 25 39 136
28.232 -11.997 0.265 42 56 179
28.212 -12.013 0.256 25 42 156
28.208 -12.028 0.286 30 54 164
28.221 -12.012 0.275 65 80 197
28.233 -11.993 0.257 19 35 133
28.201 -12.032 0.280 20 46 157
28.223 -12.003 0.257 25 42 150
28.202 -12.030 0.276 22 42 163
28.207 -12.029 0.286 22 48 158
28.205 -12.021 0.261 27 42 161
28.195 -12.043 0.296 27 42 171
28.188 -12.051 0.299 14 34 167
28.196 -12.043 0.297 25 40 159
28.241 -11.993 0.274 0 6 55
28.226 -12.004 0.267 19 41 161
28.208 -12.026 0.281 21 47 160
28.190 -12.047 0.293 23 41 175
28.249 -11.981 0.264 45 56 136
28.250 -11.980 0.266 45 56 136
28.225 -12.009 0.278 32 41 132
28.234 -11.988 0.247 29 36 117
28.224 -12.000 0.253 26 39 141
28.198 -12.033 0.274 31 44 175
28.220 -11.997 0.236 30 38 123
28.247 -11.984 0.267 23 32 111
28.228 -11.998 0.256 25 39 136
28.221 -12.014 0.297 20 22 35
28.232 -12.001 0.293 11 12 60
28.178 -12.065 0.310 25 47 182
28.218 -12.015 0.305 11 10 44
28.235 -11.997 0.294 11 14 57
28.237 -11.998 0.281 14 18 56
28.240 -11.991 0.295 7 15 51
28.193 -12.048 0.303 40 56 167
28.249 -11.981 0.284 16 20 57
28.229 -12.007 0.286 9 14 36
28.247 -11.986 0.280 11 15 53
28.235 -12.000 0.283 7 11 40
28.200 -12.038 0.302 0 1 66
28.255 -11.977 0.273 10 16 76
28.200 -12.037 0.304 0 1 66
28.225 -12.010 0.293 11 12 32
28.221 -12.010 0.312 14 13 45
28.243 -11.988 0.286 14 17 52
28.231 -12.003 0.291 14 14 50
28.245 -11.989 0.279 15 17 58
28.225 -12.012 0.286 7 12 44
28.188 -12.053 0.305 25 45 176
28.179 -12.084 0.041 89 76 59
28.186 -12.167 0.115 31 40 117
28.179 -12.120 0.049 87 75 63
28.178 -12.217 0.078 72 63 48
28.183 -12.168 0.096 29 40 119
28.180 -12.077 0.045 66 52 26
28.188 -12.223 0.149 41 36 30
28.179 -12.073 0.040 79 67 55
28.180 -12.216 0.091 67 60 44
28.181 -12.174 0.082 29 38 113
28.182 -12.165 0.089 30 41 120
28.189 -12.194 0.145 28 35 107
28.186 -12.189 0.121 28 35 105
28.180 -12.077 0.044 66 52 26
28.176 -12.205 0.064 61 48 39
28.180 -12.217 0.089 67 60 44
28.189 -12.202 0.143 25 32 86
28.177 -12.152 0.050 59 46 38
28.184 -12.198 0.108 25 31 81
28.177 -12.154 0.049 71 61 51
28.180 -12.226 0.096 49 41 22
28.180 -12.188 0.078 25 33 79
28.182 -12.140 0.076 25 41 116
28.174 -12.229 0.059 51 44 28
28.181 -12.127 0.067 40 45 85
28.183 -12.107 0.075 29 39 110
28.180 -12.104 0.053 79 70 63
28.177 -12.209 0.069 75 66 49
28.180 -12.089 0.050 79 70 55
28.177 -12.171 0.056 96 82 71
28.179 -12.105 0.049 77 69 58
28.185 -12.196 0.118 26 32 92
28.184 -12.158 0.095 31 42 124
28.179 -12.203 0.077 87 82 78
28.182 -12.164 0.088 30 41 120
28.175 -12.169 0.041 89 80 63
28.178 -12.173 0.066 57 50 58
28.179 -12.096 0.046 66 57 42
28.182 -12.101 0.068 36 45 100
28.181 -12.079 0.053 62 51 47
28.191 -12.206 0.157 25 32 86
28.180 -12.141 0.065 45 47 62
28.183 -12.204 0.105 26 25 57
28.182 -12.229 0.111 39 30 25
28.181 -12.134 0.073 32 42 104
28.178 -12.193 0.071 57 55 58
28.179 -12.198 0.081 73 70 81
28.182 -12.220 0.104 57 48 39
28.176 -12.218 0.066 71 63 50
28.178 -12.219 0.077 65 57 46
28.182 -12.204 0.099 39 36 65
28.188 -12.191 0.135 27 37 108
28.177 -12.170 0.053 101 87 78
28.180 -12.201 0.089 37 32 55
28.191 -12.212 0.161 24 30 64
28.188 -12.201 0.141 26 33 87
28.181 -12.078 0.050 71 59 43
28.188 -12.189 0.134 27 37 108
28.179 -12.202 0.078 87 82 78
28.189 -12.185 0.136 26 40 113
28.175 -12.179 0.044 73 62 44
28.181 -12.121 0.067 38 43 85
28.179 -12.214 0.085 61 54 38
28.184 -12.179 0.105 26 42 104
28.174 -12.189 0.042 85 73 59
28.179 -12.133 0.056 77 65 53
28.178 -12.213 0.075 65 57 36
28.180 -12.173 0.074 43 40 93
28.182 -12.191 0.094 28 35 105
28.191 -12.225 0.168 36 27 30
28.187 -12.163 0.117 31 40 119
28.183 -12.160 0.092 29 40 120
28.183 -12.135 0.084 27 41 116
28.179 -12.171 0.066 76 71 78
28.177 -12.228 0.078 42 36 24
28.181 -12.071 0.046 76 63 57
28.178 -12.143 0.052 71 57 48
28.176 -12.182 0.050 68 60 37
28.184 -12.224 0.117 61 52 43
28.175 -12.191 0.049 70 58 44
28.185 -12.202 0.118 28 33 75
28.181 -12.160 0.077 29 38 115
28.182 -12.090 0.062 41 42 70
28.175 -12.200 0.055 93 79 70
28.185 -12.218 0.123 37 33 30
28.188 -12.198 0.138 27 33 93
28.184 -12.198 0.111 25 31 79
28.175 -12.231 0.063 46 40 26
28.185 -12.194 0.119 26 32 92
28.181 -12.099 0.057 46 43 54
28.177 -12.161 0.050 65 52 44
28.172 -12.235 0.047 66 54 38
28.186 -12.215 0.131 21 25 36
28.180 -12.134 0.065 59 61 76
28.182 -12.106 0.064 43 46 87
28.180 -12.070 0.044 70 59 57
28.179 -12.123 0.054 87 74 65
28.180 -12.192 0.086 32 34 83
28.175 -12.171 0.042 96 87 70
28.183 -12.199 0.103 27 30 81
28.177 -12.131 0.041 81 68 49
28.179 -12.169 0.066 82 76 86
28.177 -12.162 0.054 76 63 55
28.187 -12.187 0.127 28 41 109
28.180 -12.085 0.045 79 67 51
28.175 -12.220 0.056 90 80 68
28.178 -12.144 0.055 81 68 59
28.190 -12.220 0.157 23 21 24
28.175 -12.196 0.053 65 53 39
28.181 -12.094 0.059 49 46 57
28.179 -12.136 0.055 82 70 58
28.181 -12.184 0.088 28 37 112
28.180 -12.172 0.075 43 40 93
28.188 -12.213 0.141 19 23 34
28.187 -12.226 0.137 54 46 33
28.186 -12.152 0.110 30 41 123
28.190 -12.202 0.151 24 33 92
28.182 -12.115 0.071 32 41 100
28.198 -12.033 0.241 27 40 171
28.223 -11.992 0.185 25 36 100
28.193 -12.040 0.263 23 47 169
28.225 -11.989 0.190 28 37 94
28.205 -12.022 0.243 25 40 159
28.188 -12.048 0.277 25 44 165
28.215 -12.005 0.223 25 39 138
28.226 -11.989 0.169 25 34 77
28.203 -12.026 0.234 28 41 171
28.219 -11.997 0.223 24 38 126
28.221 -11.997 0.162 27 36 105
28.224 -11.993 0.157 26 34 97
28.212 -12.010 0.219 23 40 146
28.201 -12.028 0.244 26 40 165
28.221 -11.996 0.187 27 37 109
28.218 -12.002 0.173 26 37 119
28.209 -12.014 0.238 27 40 154
28.227 -11.986 0.152 33 37 75
28.225 -11.990 0.155 30 34 81
28.216 -12.005 0.185 26 37 127
28.187 -12.049 0.273 26 43 173
28.217 -12.001 0.223 26 39 135
28.213 -12.010 0.189 26 40 139
28.178 -12.064 0.305 24 47 177
28.205 -12.021 0.227 26 41 160
28.213 -12.008 0.215 26 39 143
28.224 -11.991 0.166 27 35 98
28.198 -12.032 0.272 32 38 174
28.217 -12.003 0.206 24 37 129
28.223 -11.993 0.185 26 37 103
28.202 -12.027 0.240 27 40 168
28.188 -12.047 0.283 25 45 160
28.194 -12.038 0.263 17 43 162
28.221 -11.996 0.165 27 36 105
28.194 -12.038 0.265 26 55 173
28.206 -12.019 0.246 27 42 157
28.195 -12.037 0.251 29 38 167
28.225 -11.989 0.193 28 38 97
28.218 -12.002 0.172 25 36 118
28.202 -12.026 0.247 26 40 163
28.214 -12.006 0.127 24 36 112
28.206 -12.019 0.163 24 40 138
28.184 -12.051 0.204 28 43 158
28.187 -12.049 0.271 26 44 180
28.214 -12.007 0.161 24 38 127
28.184 -12.049 0.131 27 42 137
28.188 -12.046 0.239 59 74 169
28.185 -12.052 0.272 25 43 181
28.188 -12.041 0.068 24 33 110
28.181 -12.059 0.294 31 50 189
28.189 -12.041 0.140 28 41 143
28.182 -12.053 0.159 28 42 147
28.223 -11.992 0.120 22 29 84
28.185 -12.045 0.078 29 37 122
28.214 -12.008 0.166 24 38 127
28.208 -12.015 0.143 24 39 130
28.198 -12.031 0.162 28 40 152
28.200 -12.027 0.148 28 39 144
28.196 -12.034 0.199 28 42 164
28.188 -12.047 0.254 19 32 136
28.184 -12.046 0.059 36 38 76
28.188 -12.042 0.110 27 42 135
28.179 -12.056 0.133 26 42 138
28.184 -12.050 0.168 31 45 152
28.206 -12.020 0.181 26 40 145
28.200 -12.028 0.164 28 40 150
28.178 -12.060 0.193 23 39 137
28.214 -12.008 0.167 24 38 127
28.203 -12.023 0.161 25 40 143
28.178 -12.058 0.151 29 43 148
28.190 -12.043 0.199 27 44 162
28.211 -12.012 0.157 24 39 130
28.193 -12.039 0.227 27 44 162
28.179 -12.056 0.140 27 43 141
28.189 -12.039 0.056 31 31 91
28.195 -12.034 0.158 29 39 152
28.182 -12.058 0.289 29 48 179
28.183 -12.055 0.264 29 41 141
28.180 -12.060 0.268 29 49 144
28.188 -12.044 0.157 28 42 147
28.213 -12.009 0.171 24 37 131
28.205 -12.021 0.166 25 40 143
28.195 -12.032 0.085 25 40 121
28.177 -12.063 0.261 127 140 193
28.200 -12.029 0.184 27 40 154
28.184 -12.046 0.063 35 41 103
28.211 -12.012 0.156 24 39 130
28.189 -12.046 0.242 75 89 177
28.181 -12.051 0.074 36 38 121
28.190 -12.044 0.218 26 46 161
28.183 -12.053 0.232 31 48 166
28.184 -12.054 0.263 77 90 184
28.181 -12.055 0.172 28 45 153
28.199 -12.028 0.102 26 37 127
28.211 -12.010 0.118 24 35 115
28.210 -12.013 0.132 23 38 123
28.188 -12.044 0.155 28 42 147
28.182 -12.050 0.096 26 40 128
28.185 -12.047 0.113 26 41 134
28.202 -12.025 0.148 27 41 140
28.187 -12.046 0.181 28 43 158
28.188 -12.044 0.188 28 43 160
28.197 -12.030 0.093 25 40 125
28.185 -12.045 0.053 46 43 60
28.187 -12.041 0.056 35 38 93
28.213 -12.007 0.117 23 33 105
28.216 -12.003 0.129 25 35 107
28.210 -12.015 0.185 26 39 141
28.180 -12.057 0.205 33 47 152
28.209 -12.015 0.157 25 40 135
28.179 -12.059 0.188 30 44 149
28.221 -11.996 0.122 27 35 98
28.197 -12.028 0.073 29 37 122
28.204 -12.020 0.106 25 37 123
28.193 -12.037 0.181 27 43 156
28.196 -12.032 0.109 28 39 131
28.182 -12.058 0.282 38 53 182
28.187 -12.047 0.199 27 44 162
28.202 -12.024 0.145 26 40 139
28.188 -12.045 0.204 28 45 163
28.189 -12.045 0.225 28 45 163
28.198 -12.030 0.149 28 39 147
28.191 -12.038 0.139 29 40 145
28.226 -11.990 0.142 31 32 78
28.204 -12.024 0.215 27 42 161
28.180 -12.056 0.165 28 43 146
28.189 -12.042 0.155 28 42 147
28.205 -12.021 0.168 25 40 143
28.211 -12.011 0.136 22 37 120
28.213 -12.008 0.148 23 38 123
28.200 -12.029 0.194 27 42 161
28.207 -12.018 0.150 25 40 133
28.188 -12.048 0.268 25 42 182
28.191 -12.041 0.217 25 45 160
28.202 -12.025 0.132 27 40 134
28.212 -12.009 0.132 23 35 117
28.186 -12.044 0.078 29 37 122
28.191 -12.038 0.128 27 38 144
28.222 -11.994 0.124 27 33 93
28.203 -12.022 0.112 26 37 127
28.182 -12.049 0.056 63 62 70
28.183 -12.048 0.092 29 41 127
28.182 -12.053 0.150 27 42 143
28.189 -12.042 0.163 28 41 153
28.210 -12.012 0.142 25 39 127
28.187 -12.047 0.196 27 44 162
28.196 -12.033 0.126 31 40 141
28.188 -12.043 0.133 27 41 140
28.194 -12.037 0.205 27 44 162
28.187 -12.043 0.097 26 40 128
28.208 -12.016 0.143 24 39 130
28.188 -12.045 0.211 28 45 161
28.216 -12.004 0.125 25 35 107
28.180 -12.059 0.244 32 43 132
28.198 -12.033 0.220 25 39 161
28.183 -12.050 0.128 27 42 137
28.188 -12.044 0.171 28 44 157
28.186 -12.047 0.165 30 44 151
28.204 -12.022 0.172 27 41 146
28.206 -12.019 0.161 24 40 138
28.181 -12.053 0.102 26 42 130
28.178 -12.058 0.170 28 43 146
28.190 -12.193 0.272 27 39 149
28.184 -12.117 0.128 29 39 128
28.185 -12.122 0.100 29 41 125
28.187 -12.151 0.163 25 35 106
28.191 -12.202 0.267 28 45 127
28.192 -12.216 0.306 25 34 125
28.186 -12.142 0.169 55 61 121
28.189 -12.177 0.188 29 41 141
28.191 -12.210 0.232 22 34 108
28.192 -12.210 0.294 24 38 135
28.193 -12.221 0.319 20 22 70
28.190 -12.194 0.202 27 38 130
28.192 -12.216 0.255 24 32 94
28.191 -12.206 0.286 23 38 131
28.190 -12.185 0.251 29 42 146
28.184 -12.117 0.111 26 42 127
28.189 -12.175 0.215 32 44 152
28.192 -12.210 0.287 25 38 130
28.185 -12.133 0.131 31 38 128
28.183 -12.106 0.104 27 42 127
28.190 -12.196 0.229 29 41 139
28.188 -12.170 0.186 27 42 137
28.189 -12.173 0.190 29 41 141
28.191 -12.200 0.207 25 37 123
28.192 -12.215 0.239 22 29 83
28.188 -12.158 0.201 30 45 128
28.188 -12.169 0.173 31 46 137
28.189 -12.174 0.177 28 44 139
28.186 -12.134 0.139 29 41 123
28.189 -12.174 0.208 33 44 152
28.190 -12.186 0.186 30 41 133
28.190 -12.193 0.214 30 43 139
28.188 -12.161 0.150 27 40 134
28.192 -12.226 0.181 17 13 12
28.191 -12.196 0.285 27 41 138
28.190 -12.198 0.179 26 35 112
28.192 -12.225 0.194 18 16 21
28.189 -12.181 0.219 30 46 142
28.183 -12.102 0.078 24 40 118
28.189 -12.173 0.210 33 44 152
28.188 -12.170 0.144 28 40 124
28.191 -12.199 0.267 29 42 134
28.188 -12.166 0.209 30 43 148
28.189 -12.171 0.212 34 46 156
28.184 -12.108 0.122 29 40 130
28.191 -12.201 0.260 27 43 130
28.185 -12.126 0.140 24 39 122
28.191 -12.207 0.205 22 35 105
28.188 -12.165 0.162 30 41 130
28.190 -12.188 0.210 28 41 137
28.186 -12.146 0.145 31 45 134
28.183 -12.094 0.103 28 43 128
28.184 -12.116 0.136 34 45 134
28.190 -12.187 0.179 31 40 131
28.190 -12.189 0.151 27 38 118
28.183 -12.095 0.102 30 41 130
28.192 -12.207 0.293 25 41 137
28.188 -12.170 0.173 29 46 138
28.183 -12.097 0.099 30 40 129
28.188 -12.166 0.139 28 40 126
28.189 -12.175 0.172 30 46 141
28.190 -12.200 0.153 25 32 100
28.188 -12.164 0.197 32 45 137
28.188 -12.171 0.169 31 41 136
28.192 -12.214 0.239 23 32 101
28.188 -12.170 0.195 33 45 143
28.185 -12.127 0.137 26 41 126
28.193 -12.223 0.323 23 24 42
28.189 -12.176 0.184 24 38 137
28.188 -12.161 0.220 30 41 147
28.191 -12.201 0.268 28 43 136
28.185 -12.121 0.120 27 41 129
28.183 -12.106 0.112 25 41 128
28.185 -12.132 0.127 32 39 130
28.184 -12.110 0.095 32 39 130
28.180 -12.069 0.047 74 62 62
28.192 -12.220 0.281 25 31 91
28.189 -12.183 0.224 30 44 141
28.188 -12.164 0.189 32 46 134
28.190 -12.196 0.165 29 36 114
28.182 -12.094 0.093 33 40 131
28.187 -12.148 0.165 25 35 106
28.186 -12.137 0.165 61 70 129
28.189 -12.184 0.157 26 41 124
28.187 -12.155 0.127 29 41 123
28.192 -12.206 0.297 24 39 140
28.191 -12.197 0.283 27 41 138
28.190 -12.195 0.228 29 41 139
28.190 -12.191 0.262 30 42 144
28.191 -12.211 0.177 22 31 74
28.188 -12.159 0.173 37 49 123
28.187 -12.150 0.122 28 40 122
28.193 -12.223 0.292 18 22 60
28.188 -12.164 0.160 30 42 128
28.187 -12.153 0.143 27 40 134
28.186 -12.135 0.175 88 90 147
28.192 -12.214 0.252 21 29 91
28.191 -12.206 0.256 24 39 122
28.190 -12.195 0.162 29 37 112
28.191 -12.198 0.274 26 40 139
28.184 -12.116 0.130 29 39 128
28.192 -12.214 0.272 21 32 96
28.187 -12.150 0.118 28 40 122
28.189 -12.174 0.221 31 43 155
28.190 -12.196 0.175 28 36 117
28.189 -12.184 0.200 28 43 138
28.192 -12.222 0.235 18 21 40
28.185 -12.128 0.118 27 42 127
28.186 -12.136 0.156 96 107 171
28.191 -12.205 0.189 24 34 103
28.189 -12.177 0.193 29 41 143
28.190 -12.186 0.187 30 41 133
28.186 -12.137 0.115 28 40 122
28.192 -12.216 0.286 26 33 111
28.189 -12.184 0.201 28 43 138
28.184 -12.110 0.113 25 41 126
28.190 -12.182 0.241 31 44 146
28.185 -12.132 0.129 32 39 130
28.189 -12.180 0.247 33 47 144
28.182 -12.092 0.082 24 39 120
28.191 -12.199 0.265 29 42 134
28.192 -12.225 0.175 28 26 29
28.185 -12.127 0.133 29 40 129
28.188 -12.166 0.133 29 41 123
28.188 -12.162 0.164 31 43 129
28.190 -12.191 0.270 28 40 150
28.188 -12.164 0.146 27 40 132
28.189 -12.175 0.212 33 45 153
28.189 -12.180 0.239 31 47 143
28.192 -12.215 0.232 24 30 78
28.188 -12.167 0.203 30 42 144
28.180 -12.063 0.049 71 62 63
28.190 -12.188 0.234 29 40 146
28.185 -12.132 0.111 28 39 121
28.192 -12.219 0.308 26 35 104
28.191 -12.205 0.261 23 40 122
28.192 -12.222 0.183 20 18 23
28.188 -12.166 0.228 28 44 140
28.186 -12.134 0.138 30 40 125
28.188 -12.162 0.211 29 43 148
28.182 -12.109 0.241 27 38 102
28.182 -12.094 0.153 23 35 109
28.181 -12.078 0.112 28 42 130
28.181 -12.111 0.296 26 44 168
28.184 -12.125 0.239 53 58 122
28.182 -12.114 0.253 72 87 128
28.185 -12.137 0.264 76 84 123
28.181 -12.085 0.161 86 99 169
28.181 -12.105 0.292 60 74 179
28.180 -12.091 0.244 26 36 131
28.186 -12.134 0.192 37 42 110
28.183 -12.130 0.316 25 55 213
28.181 -12.086 0.125 26 44 128
28.180 -12.099 0.278 139 149 211
28.187 -12.150 0.211 19 35 110
28.181 -12.101 0.275 105 115 184
28.187 -12.161 0.280 31 44 148
28.177 -12.064 0.222 23 40 146
28.189 -12.171 0.248 117 121 182
28.186 -12.138 0.193 36 44 109
28.180 -12.082 0.182 97 106 161
28.183 -12.125 0.273 114 120 168
28.181 -12.077 0.077 29 39 124
28.185 -12.141 0.262 103 109 141
28.180 -12.082 0.175 49 57 119
28.183 -12.112 0.186 29 40 104
28.179 -12.075 0.209 92 104 178
28.186 -12.150 0.301 25 45 158
28.190 -12.198 0.328 4 13 28
28.189 -12.186 0.309 30 45 170
28.180 -12.075 0.130 27 42 135
28.178 -12.069 0.247 27 37 132
28.177 -12.067 0.262 156 170 217
28.189 -12.184 0.298 25 40 155
28.184 -12.113 0.168 110 118 165
28.181 -12.111 0.293 49 66 172
28.177 -12.065 0.229 26 42 163
28.182 -12.089 0.106 28 43 126
28.191 -12.207 0.325 3 27 61
28.184 -12.136 0.297 27 36 153
28.181 -12.104 0.281 152 163 227
28.180 -12.095 0.296 31 43 151
28.187 -12.155 0.249 117 123 145
28.180 -12.096 0.281 163 169 229
28.184 -12.125 0.233 89 99 161
28.184 -12.134 0.305 31 46 201
28.181 -12.083 0.097 29 39 128
28.187 -12.161 0.252 111 116 135
28.183 -12.109 0.208 66 83 135
28.180 -12.091 0.231 66 82 157
28.180 -12.090 0.226 26 43 112
28.181 -12.102 0.286 82 91 168
28.180 -12.087 0.209 113 125 183
28.187 -12.147 0.198 60 75 134
28.180 -12.069 0.127 27 42 137
28.191 -12.199 0.308 23 44 163
28.181 -12.089 0.168 44 55 121
28.179 -12.059 0.109 25 41 129
28.190 -12.191 0.296 28 42 151
28.178 -12.070 0.248 27 37 132
28.186 -12.148 0.270 36 48 106
28.186 -12.153 0.297 28 43 144
28.179 -12.083 0.251 106 121 202
28.177 -12.072 0.293 37 50 162
28.178 -12.068 0.218 30 42 128
28.179 -12.083 0.222 114 136 219
28.183 -12.115 0.221 64 77 145
28.188 -12.172 0.285 30 43 145
28.181 -12.110 0.287 145 158 236
28.181 -12.074 0.081 29 39 124
28.187 -12.160 0.298 28 46 154
28.187 -12.144 0.197 31 43 103
28.178 -12.059 0.131 26 42 138
28.181 -12.079 0.125 28 42 130
28.189 -12.184 0.304 32 46 168
28.178 -12.076 0.270 30 46 124
28.183 -12.110 0.217 64 80 131
28.187 -12.166 0.325 35 56 135
28.179 -12.071 0.191 85 101 176
28.188 -12.169 0.262 48 62 135
28.178 -12.085 0.304 26 45 176
28.184 -12.129 0.236 48 66 130
28.180 -12.062 0.070 32 40 102
28.185 -12.131 0.202 108 116 178
28.181 -12.082 0.154 23 34 113
28.185 -12.122 0.167 24 31 85
28.178 -12.068 0.231 26 45 163
28.190 -12.187 0.293 29 42 154
28.181 -12.082 0.146 33 44 134
28.180 -12.099 0.275 108 119 185
28.182 -12.120 0.315 25 46 223
28.177 -12.070 0.275 71 87 164
28.184 -12.132 0.251 144 147 182
28.180 -12.059 0.051 69 62 56
28.188 -12.174 0.317 50 79 209
28.178 -12.066 0.180 16 33 115
28.185 -12.137 0.239 22 36 97
28.180 -12.085 0.192 58 66 131
28.183 -12.102 0.134 30 41 133
28.180 -12.079 0.142 28 41 137
28.182 -12.118 0.310 25 47 221
28.181 -12.107 0.269 47 64 134
28.189 -12.178 0.291 26 43 151
28.179 -12.083 0.259 31 41 112
28.181 -12.080 0.116 30 41 130
28.178 -12.075 0.277 87 99 173
28.178 -12.075 0.270 30 46 124
28.189 -12.170 0.244 101 109 171
28.181 -12.094 0.189 65 72 127
28.186 -12.157 0.294 28 43 146
28.189 -12.181 0.288 27 41 150
28.178 -12.057 0.107 26 42 130
28.188 -12.168 0.258 120 127 182
28.182 -12.117 0.291 66 78 160
28.177 -12.071 0.269 106 125 193
28.185 -12.149 0.299 28 45 153
28.181 -12.096 0.228 34 43 122
28.184 -12.122 0.180 115 121 173
28.189 -12.180 0.314 40 55 184
28.185 -12.139 0.277 156 162 194
28.184 -12.118 0.172 71 76 131
28.180 -12.089 0.212 115 126 190
28.180 -12.092 0.277 127 135 197
28.177 -12.065 0.234 25 43 167
28.189 -12.174 0.266 26 43 123
28.182 -12.094 0.167 32 42 101
28.182 -12.115 0.290 89 103 191
28.180 -12.080 0.156 31 42 131
28.182 -12.108 0.254 122 135 188
28.180 -12.069 0.102 26 40 128
28.184 -12.130 0.238 32 48 107
28.180 -12.091 0.267 115 121 199
28.183 -12.130 0.300 36 44 189
28.186 -12.150 0.302 25 45 158
28.182 -12.103 0.218 99 111 171
28.181 -12.079 0.082 28 40 124
28.183 -12.104 0.158 81 92 146
28.178 -12.063 0.155 28 41 145
28.185 -12.123 0.179 115 121 173
28.183 -12.099 0.140 31 42 132
28.180 -12.065 0.091 26 41 126
28.177 -12.064 0.251 67 77 146
28.184 -12.127 0.220 37 46 123
28.182 -12.107 0.207 32 47 106
28.179 -12.070 0.186 110 126 201
28.185 -12.145 0.312 22 45 183
28.178 -12.073 0.271 58 75 145
28.181 -12.104 0.263 136 147 209
28.180 -12.070 0.127 26 41 134
28.181 -12.075 0.104 28 42 130
28.179 -12.060 0.116 26 39 131
28.180 -12.089 0.225 31 51 120
28.177 -12.069 0.279 27 36 141
28.185 -12.143 0.259 135 141 165
28.177 -12.067 0.242 31 44 158
28.180 -12.063 0.064 27 33 67
28.183 -12.112 0.204 30 44 119
28.191 -12.200 0.325 2 22 49
28.185 -12.135 0.217 118 128 177
28.183 -12.127 0.303 34 51 201
28.182 -12.122 0.307 25 46 217
28.182 -12.083 0.089 30 40 127
28.186 -12.141 0.214 62 73 127
28.184 -12.133 0.282 153 160 178
28.178 -12.059 0.123 25 41 136
28.179 -12.063 0.147 26 39 144
28.184 -12.134 0.269 75 73 120
28.183 -12.104 0.150 36 47 111
28.185 -12.128 0.175 96 95 153
28.179 -12.085 0.267 120 128 203
28.181 -12.112 0.303 27 48 199
28.183 -12.123 0.250 121 130 171
28.182 -12.091 0.105 28 43 126
28.179 -12.073 0.188 77 92 159
28.188 -12.171 0.255 92 96 160
28.184 -12.125 0.195 68 77 144
28.185 -12.129 0.205 97 106 163
28.184 -12.134 0.294 24 33 126
28.184 -12.130 0.239 32 48 107
28.189 -12.179 0.295 26 42 153
28.190 -12.186 0.299 28 41 155
28.182 -12.103 0.215 118 131 186
28.185 -12.134 0.244 89 97 143
28.180 -12.066 0.067 37 44 96
28.179 -12.069 0.147 28 41 145
28.182 -12.122 0.315 27 46 226
28.182 -12.093 0.115 30 41 130
28.185 -12.133 0.213 86 94 141
28.182 -12.112 0.251 111 124 176
28.184 -12.122 0.218 35 42 110
28.179 -12.087 0.308 34 52 190
28.183 -12.113 0.230 54 71 117
28.188 -12.178 0.326 18 37 113
28.180 -12.099 0.275 108 119 185
28.187 -12.153 0.255 144 147 166
28.191 -12.203 0.303 23 41 151
28.177 -12.068 0.273 71 87 164
28.178 -12.072 0.223 25 40 141
28.179 -12.079 0.223 62 78 173
28.189 -12.187 0.307 31 45 167
28.184 -12.128 0.228 53 63 125
28.180 -12.092 0.268 72 81 158
28.189 -12.180 0.287 25 42 148
28.182 -12.093 0.161 88 100 160
28.186 -12.151 0.272 31 46 113
28.186 -12.133 0.180 102 106 169
28.181 -12.109 0.276 131 145 206
28.180 -12.101 0.305 31 49 195
28.181 -12.086 0.134 27 42 133
28.179 -12.081 0.246 29 46 138
28.183 -12.120 0.258 137 150 184
28.183 -12.107 0.167 71 79 126
28.179 -12.076 0.236 31 52 157
28.179 -12.073 0.172 41 58 127
28.180 -12.063 0.073 30 39 108
28.185 -12.134 0.221 77 86 143
28.182 -12.107 0.224 95 107 165
28.182 -12.122 0.317 28 52 220
28.190 -12.186 0.290 30 42 154
28.192 -12.229 0.226 18 17 15
28.193 -12.225 0.321 22 26 37
28.193 -12.225 0.293 18 22 60
28.193 -12.226 0.304 23 29 63
28.192 -12.229 0.196 27 22 19
28.192 -12.230 0.246 18 14 15
28.192 -12.230 0.231 22 21 19
28.194 -12.235 0.310 81 82 84
28.193 -12.237 0.244 19 15 14
28.196 -12.249 0.292 83 80 63
28.195 -12.243 0.302 80 80 72
28.193 -12.229 0.282 36 36 46
28.195 -12.245 0.274 73 73 61
28.193 -12.236 0.254 20 19 17
28.195 -12.238 0.308 73 74 76
28.197 -12.249 0.301 90 85 66
28.194 -12.232 0.304 25 27 39
28.197 -12.250 0.299 90 85 66
28.196 -12.243 0.330 135 126 117
28.195 -12.232 0.346 26 28 41
28.195 -12.235 0.336 76 70 80
28.197 -12.250 0.327 114 103 83
28.193 -12.224 0.335 43 39 72
28.197 -12.245 0.332 136 124 112
28.193 -12.233 0.284 43 43 51
28.192 -12.236 0.229 22 21 19
28.193 -12.234 0.251 19 15 16
28.196 -12.250 0.281 77 75 60
28.193 -12.231 0.288 32 34 46
28.196 -12.238 0.342 54 53 61
28.195 -12.233 0.334 49 45 60
28.323 -11.999 0.288 20 35 150
28.332 -12.019 0.255 17 28 134
28.343 -12.002 0.292 20 32 152
28.346 -11.968 0.356 152 160 163
28.315 -12.024 0.239 19 28 107
28.311 -12.006 0.271 18 28 126
28.334 -12.017 0.260 16 36 151
28.335 -12.012 0.269 14 36 156
28.329 -12.038 0.219 20 26 102
28.340 -12.045 0.212 16 30 105
28.354 -11.969 0.358 155 167 155
28.339 -12.032 0.235 19 26 117
28.315 -12.002 0.280 22 34 146
28.345 -12.002 0.292 21 31 152
28.356 -11.996 0.308 19 33 155
28.339 -12.054 0.195 5 14 73
28.346 -12.016 0.267 22 34 156
28.335 -12.012 0.270 22 33 157
28.341 -12.039 0.224 14 29 120
28.315 -12.016 0.255 17 29 113
28.314 -12.018 0.251 18 27 118
28.294 -12.012 0.253 15 21 71
28.335 -12.039 0.221 22 27 111
28.345 -12.001 0.294 21 31 152
28.318 -11.983 0.316 20 34 131
28.318 -12.031 0.228 18 23 87
28.346 -12.012 0.274 22 34 156
28.349 -11.969 0.356 158 166 169
28.327 -11.992 0.303 19 33 140
28.348 -11.997 0.304 20 32 144
28.320 -12.038 0.216 12 15 58
28.339 -11.971 0.348 70 85 118
28.346 -11.963 0.365 155 166 162
28.297 -12.011 0.256 22 31 108
28.321 -12.013 0.263 16 28 126
28.342 -11.999 0.298 18 34 145
28.354 -11.999 0.302 21 34 149
28.320 -11.988 0.309 19 34 137
28.326 -11.975 0.335 18 34 132
28.310 -12.023 0.239 15 24 91
28.343 -12.004 0.287 21 33 155
28.354 -11.967 0.362 157 167 159
28.348 -11.973 0.347 110 126 149
28.312 -11.987 0.306 19 33 138
28.312 -12.000 0.283 23 35 147
28.340 -12.043 0.216 14 30 108
28.320 -12.019 0.251 18 27 118
28.322 -11.978 0.327 22 37 132
28.331 -12.028 0.239 14 32 104
28.339 -12.009 0.278 16 36 157
28.342 -12.018 0.261 24 34 157
28.335 -11.984 0.323 20 34 133
28.288 -11.997 0.278 20 27 117
28.329 -12.028 0.239 19 28 121
28.356 -11.964 0.368 158 164 162
28.335 -11.973 0.343 45 61 136
28.309 -12.012 0.259 17 28 108
28.288 -11.998 0.275 19 27 112
28.291 -12.009 0.257 10 19 88
28.323 -11.976 0.332 14 28 125
28.298 -12.012 0.255 22 31 108
28.334 -12.008 0.277 19 32 160
28.336 -11.990 0.312 20 32 142
28.356 -11.965 0.366 158 164 162
28.339 -12.028 0.242 17 26 127
28.338 -11.988 0.316 22 32 143
28.345 -12.024 0.252 20 35 154
28.323 -11.995 0.296 19 36 142
28.327 -11.994 0.300 19 36 142
28.312 -12.014 0.257 17 29 113
28.344 -12.036 0.230 12 29 121
28.352 -11.972 0.351 150 165 160
28.342 -12.036 0.229 12 29 121
28.341 -12.023 0.252 23 34 150
28.347 -11.995 0.307 20 34 143
28.322 -12.039 0.214 11 15 53
28.305 -11.996 0.286 21 34 139
28.338 -11.985 0.320 20 33 137
28.330 -11.975 0.336 17 33 131
28.327 -12.036 0.223 16 27 107
28.329 -11.999 0.292 19 36 150
28.317 -12.028 0.232 18 25 103
28.332 -12.047 0.204 13 20 62
28.339 -12.006 0.284 17 36 156
28.332 -12.010 0.272 21 32 158
28.337 -12.009 0.277 16 36 157
28.333 -12.033 0.231 16 26 113
28.328 -12.030 0.234 20 26 120
28.348 -12.031 0.240 14 33 128
28.345 -11.984 0.326 22 36 135
28.352 -11.957 0.377 152 163 155
28.275 -11.974 0.284 13 21 86
28.296 -11.981 0.300 14 31 111
28.344 -11.956 0.369 153 166 156
28.274 -11.992 0.269 14 20 68
28.280 -11.979 0.285 17 27 88
28.328 -11.970 0.342 36 49 128
28.318 -11.969 0.333 14 29 112
28.327 -11.963 0.346 54 66 104
28.281 -11.984 0.282 17 27 89
28.277 -11.978 0.284 15 24 83
28.301 -11.982 0.305 21 34 130
28.321 -11.972 0.333 13 28 119
28.279 -11.993 0.273 18 25 93
28.277 -11.980 0.282 15 24 79
28.272 -11.977 0.279 13 22 77
28.268 -11.984 0.270 12 19 65
28.346 -11.953 0.373 155 166 158
28.280 -11.969 0.294 27 37 108
28.266 -11.975 0.275 9 16 70
28.334 -11.955 0.360 148 159 163
28.284 -11.976 0.292 16 26 95
28.325 -11.969 0.339 20 32 118
28.320 -11.975 0.330 16 29 121
28.282 -11.990 0.279 19 28 97
28.302 -11.962 0.321 35 48 92
28.268 -11.980 0.273 10 16 64
28.279 -11.969 0.292 7 17 89
28.268 -11.976 0.276 12 18 76
28.268 -11.980 0.272 10 16 64
28.239 -12.211 0.251 30 41 107
28.241 -12.205 0.251 34 48 111
28.230 -12.166 0.279 35 43 90
28.244 -12.200 0.249 33 47 108
28.233 -12.170 0.273 39 50 96
28.245 -12.188 0.252 52 64 116
28.245 -12.232 0.236 15 23 69
28.249 -12.208 0.240 30 40 112
28.244 -12.200 0.249 33 47 108
28.250 -12.187 0.247 81 91 140
28.237 -12.186 0.263 25 37 95
28.227 -12.160 0.284 28 36 82
28.241 -12.224 0.243 24 36 86
28.239 -12.204 0.254 32 46 109
28.254 -12.179 0.245 88 102 141
28.240 -12.185 0.260 25 36 92
28.220 -12.214 0.329 43 46 63
28.224 -12.201 0.309 24 37 89
28.241 -12.242 0.248 29 34 63
28.232 -12.189 0.272 29 42 110
28.222 -12.214 0.320 49 52 95
28.212 -12.251 0.374 138 124 87
28.216 -12.248 0.355 132 125 97
28.228 -12.217 0.296 30 40 91
28.241 -12.246 0.248 45 48 63
28.227 -12.229 0.304 25 28 63
28.223 -12.182 0.308 23 36 89
28.225 -12.245 0.316 99 94 101
28.224 -12.177 0.301 27 43 94
28.221 -12.190 0.316 24 31 86
28.237 -12.246 0.267 47 50 65
28.223 -12.198 0.313 19 32 85
28.222 -12.202 0.317 28 33 89
28.229 -12.225 0.293 26 30 78
28.224 -12.178 0.300 24 40 91
28.214 -12.232 0.360 36 34 22
28.229 -12.227 0.294 26 30 77
28.229 -12.186 0.284 26 41 110
28.224 -12.229 0.318 31 30 64
28.217 -12.235 0.347 27 27 29
28.211 -12.248 0.375 143 130 95
28.244 -12.240 0.235 32 37 67
28.240 -12.233 0.249 20 32 72
28.226 -12.171 0.291 27 40 95
28.222 -12.191 0.312 21 32 88
28.241 -12.237 0.249 20 29 62
28.228 -12.191 0.288 25 38 106
28.221 -12.228 0.330 39 42 59
28.228 -12.229 0.299 24 28 66
28.223 -12.236 0.323 35 33 57
28.227 -12.232 0.303 25 26 57
28.224 -12.231 0.318 35 32 63
28.218 -12.237 0.343 30 29 34
28.225 -12.181 0.300 23 41 91
28.228 -12.222 0.298 26 33 79
28.230 -12.235 0.292 23 25 63
28.221 -12.225 0.327 51 53 76
28.220 -12.251 0.338 113 111 98
28.230 -12.245 0.296 61 63 62
28.237 -12.225 0.260 23 35 83
28.240 -12.241 0.254 26 31 60
28.219 -12.232 0.340 11 11 19
28.221 -12.200 0.323 64 66 107
28.224 -12.193 0.305 25 43 89
28.226 -12.238 0.310 36 33 54
28.224 -12.184 0.304 23 41 89
28.235 -12.211 0.264 26 37 103
28.225 -12.188 0.301 25 43 91
28.226 -12.224 0.308 27 31 68
28.220 -12.241 0.336 34 38 47
28.237 -12.240 0.267 34 39 61
28.228 -12.226 0.300 26 31 71
28.223 -12.202 0.315 22 31 88
28.226 -12.212 0.305 27 40 82
28.239 -12.222 0.253 22 35 90
28.222 -12.204 0.319 33 39 91
28.239 -12.237 0.255 20 29 62
28.225 -12.222 0.309 26 34 71
28.234 -12.207 0.266 30 41 107
28.242 -12.241 0.244 34 38 67
28.233 -12.202 0.272 24 37 107
28.242 -12.247 0.230 47 50 67
28.241 -12.248 0.231 53 56 65
28.237 -12.251 0.226 63 64 66
28.238 -12.251 0.228 63 64 66
28.173 -12.251 0.180 81 67 41
28.182 -12.246 0.185 66 60 48
28.178 -12.242 0.204 57 54 49
28.173 -12.250 0.183 74 69 50
28.181 -12.241 0.204 55 54 52
28.188 -12.242 0.191 62 55 47
28.194 -12.245 0.174 58 55 46
28.191 -12.245 0.176 59 57 45
28.198 -12.246 0.165 60 52 41
28.167 -12.247 0.202 74 71 56
28.176 -12.246 0.194 69 62 52
28.176 -12.251 0.176 81 67 41
28.170 -12.250 0.187 76 69 51
28.148 -12.251 0.348 124 91 58
28.173 -12.242 0.252 48 42 30
28.164 -12.245 0.310 108 91 75
28.166 -12.244 0.260 110 94 78
28.169 -12.243 0.329 90 80 68
28.174 -12.241 0.314 59 55 46
28.173 -12.242 0.264 41 29 17
28.170 -12.243 0.290 57 45 31
28.169 -12.243 0.268 94 80 67
28.164 -12.245 0.256 77 64 47
28.164 -12.245 0.326 104 89 70
28.157 -12.248 0.263 90 74 58
28.167 -12.244 0.300 108 91 75
28.153 -12.249 0.283 115 88 61
28.172 -12.242 0.278 45 35 25
28.151 -12.250 0.325 117 87 53
28.154 -12.249 0.340 116 89 59
28.166 -12.244 0.271 104 90 77
28.168 -12.244 0.271 94 80 67
28.177 -12.240 0.280 30 23 15
28.178 -12.240 0.240 39 40 32
28.152 -12.250 0.294 120 91 59
28.155 -12.248 0.334 113 88 58
28.163 -12.245 0.341 108 91 71
28.167 -12.244 0.290 98 85 69
28.184 -12.238 0.231 25 26 20
28.172 -12.242 0.243 83 79 67
28.169 -12.243 0.331 79 71 58
28.169 -12.243 0.324 80 72 61
28.163 -12.245 0.279 119 93 70
28.173 -12.242 0.238 72 74 61
28.156 -12.248 0.267 101 83 61
28.151 -12.251 0.209 82 77 58
28.154 -12.251 0.204 78 73 54
28.173 -12.243 0.206 59 56 49
28.179 -12.240 0.211 56 57 52
28.161 -12.246 0.240 85 82 65
28.173 -12.242 0.220 73 73 63
28.177 -12.240 0.214 65 66 61
28.152 -12.250 0.253 91 79 63
28.166 -12.245 0.239 79 78 60
28.167 -12.244 0.221 78 74 62
28.164 -12.245 0.244 83 77 61
28.151 -12.250 0.257 93 84 69
28.154 -12.249 0.222 77 71 57
28.155 -12.249 0.235 93 80 63
28.159 -12.247 0.238 92 79 62
28.176 -12.241 0.221 71 71 63
28.157 -12.248 0.231 90 78 62
28.166 -12.245 0.232 85 78 62
28.211 -12.144 0.296 24 45 160
28.190 -12.123 0.312 44 67 231
28.184 -12.123 0.317 31 56 237
28.198 -12.143 0.310 55 82 221
28.212 -12.187 0.307 24 24 36
28.203 -12.143 0.304 46 68 203
28.199 -12.204 0.324 20 17 48
28.190 -12.096 0.304 24 45 200
28.190 -12.156 0.320 44 67 199
28.188 -12.169 0.326 18 45 136
28.199 -12.211 0.326 15 21 33
28.215 -12.156 0.296 0 8 65
28.221 -12.150 0.289 1 12 74
28.203 -12.116 0.297 66 90 248
28.195 -12.158 0.316 33 57 163
28.194 -12.162 0.318 33 54 147
28.207 -12.161 0.305 2 19 75
28.207 -12.189 0.312 21 23 36
28.195 -12.146 0.312 53 82 222
28.191 -12.115 0.308 28 55 224
28.203 -12.125 0.300 62 92 250
28.204 -12.163 0.308 5 21 81
28.205 -12.143 0.302 46 68 203
28.197 -12.172 0.318 0 18 68
28.184 -12.098 0.311 28 45 187
28.192 -12.147 0.316 61 87 224
28.184 -12.085 0.307 34 47 187
28.202 -12.158 0.309 16 34 96
28.207 -12.149 0.302 13 32 134
28.202 -12.142 0.305 52 75 213
28.199 -12.152 0.310 22 46 168
28.208 -12.147 0.301 16 37 144
28.198 -12.181 0.319 9 16 45
28.195 -12.213 0.330 10 21 27
28.217 -12.171 0.298 12 20 43
28.195 -12.131 0.309 53 85 254
28.200 -12.123 0.302 64 92 253
28.196 -12.200 0.326 29 18 35
28.212 -12.185 0.306 22 21 35
28.200 -12.130 0.304 61 90 252
28.208 -12.188 0.311 21 23 36
28.192 -12.214 0.333 10 18 31
28.204 -12.124 0.298 66 95 249
28.197 -12.163 0.316 13 36 129
28.200 -12.176 0.316 0 13 50
28.207 -12.212 0.333 48 48 72
28.197 -12.236 0.352 63 59 56
28.213 -12.223 0.351 18 18 20
28.202 -12.214 0.331 58 58 86
28.214 -12.197 0.321 22 33 79
28.222 -12.171 0.296 25 38 90
28.199 -12.215 0.329 53 54 85
28.198 -12.224 0.339 36 32 49
28.202 -12.214 0.331 58 58 86
28.222 -12.183 0.310 20 32 80
28.198 -12.247 0.367 133 119 82
28.204 -12.212 0.329 60 61 92
28.207 -12.216 0.337 22 21 35
28.203 -12.245 0.369 142 132 96
28.204 -12.243 0.366 126 117 84
28.202 -12.249 0.372 140 127 83
28.207 -12.222 0.344 18 18 28
28.208 -12.221 0.344 18 18 28
28.212 -12.222 0.349 17 16 21
28.217 -12.209 0.338 27 28 32
28.206 -12.246 0.372 148 139 98
28.212 -12.221 0.347 20 19 25
28.214 -12.029 0.057 27 38 118
28.311 -12.010 0.045 25 36 141
28.288 -12.004 0.066 27 37 126
28.246 -12.030 0.040 25 38 130
28.244 -12.030 0.040 24 37 129
28.272 -12.000 0.082 24 33 110
28.223 -11.996 0.113 27 33 93
28.232 -12.024 0.057 27 39 123
28.205 -12.025 0.069 23 39 117
28.205 -12.037 0.047 30 38 123
28.262 -11.996 0.094 27 34 102
28.219 -12.006 0.097 26 34 107
28.235 -11.994 0.111 26 32 92
28.278 -12.012 0.057 27 38 130
28.247 -12.016 0.064 22 38 125
28.310 -12.010 0.044 25 36 141
28.294 -12.013 0.048 24 38 137
28.276 -12.005 0.071 27 36 127
28.232 -12.029 0.049 23 38 123
28.285 -12.011 0.056 24 36 134
28.257 -12.009 0.072 24 36 118
28.212 -12.012 0.090 23 36 114
28.262 -12.016 0.058 24 37 129
28.240 -12.021 0.059 27 38 127
28.196 -12.035 0.054 30 37 117
28.267 -11.999 0.086 25 33 108
28.201 -12.026 0.068 23 38 119
28.223 -12.001 0.104 25 34 101
28.289 -12.013 0.050 23 37 134
28.288 -12.010 0.055 26 38 136
28.268 -12.004 0.077 26 36 121
28.257 -12.005 0.080 25 36 115
28.301 -12.003 0.062 26 36 121
28.252 -12.000 0.092 27 36 111
28.279 -12.018 0.045 25 40 135
28.253 -12.022 0.050 27 38 130
28.300 -12.012 0.045 25 38 143
28.222 -12.018 0.073 28 36 119
28.271 -12.020 0.046 26 38 138
28.230 -11.987 0.126 28 31 64
28.196 -12.039 0.046 32 38 98
28.249 -12.023 0.051 28 39 131
28.215 -12.017 0.077 27 36 113
28.214 -12.033 0.049 30 38 121
28.252 -12.005 0.083 23 36 114
28.205 -12.025 0.068 23 38 119
28.239 -12.020 0.062 27 38 127
28.220 -12.005 0.098 24 32 104
28.262 -12.013 0.063 24 38 126
28.207 -12.030 0.058 26 37 126
28.243 -11.989 0.117 29 32 77
28.240 -11.990 0.116 27 29 78
28.276 -12.004 0.072 26 36 125
28.257 -11.994 0.100 27 33 95
28.241 -12.031 0.040 25 39 128
28.218 -12.015 0.081 24 35 114
28.236 -12.010 0.081 21 33 115
28.246 -12.023 0.052 28 39 129
28.240 -12.012 0.076 21 38 120
28.254 -12.022 0.050 27 38 130
28.218 -12.017 0.077 27 36 115
28.219 -12.028 0.056 25 38 117
28.270 -12.015 0.056 24 37 129
28.225 -11.997 0.110 25 33 96
28.318 -12.006 0.049 28 38 133
28.203 -12.028 0.064 23 38 119
28.264 -12.011 0.066 26 38 124
28.230 -12.022 0.061 26 38 122
28.250 -11.994 0.104 28 34 96
28.173 -12.237 0.158 46 38 27
28.184 -12.230 0.157 35 28 18
28.170 -12.238 0.147 45 32 23
28.166 -12.241 0.114 70 57 38
28.146 -12.251 0.165 116 86 52
28.150 -12.250 0.075 112 82 46
28.155 -12.246 0.123 104 79 48
28.154 -12.247 0.130 109 81 44
28.165 -12.241 0.167 70 62 41
28.175 -12.235 0.171 35 25 15
28.171 -12.238 0.090 49 31 17
28.147 -12.251 0.082 121 97 61
28.162 -12.243 0.109 95 79 56
28.176 -12.235 0.076 42 34 21
28.148 -12.250 0.116 120 88 50
28.159 -12.245 0.068 105 78 51
28.157 -12.245 0.113 104 83 54
28.154 -12.247 0.118 110 82 45
28.169 -12.239 0.114 51 40 22
28.147 -12.250 0.168 119 86 53
28.153 -12.248 0.075 109 79 45
28.182 -12.232 0.170 40 30 20
28.178 -12.234 0.154 31 24 16
28.153 -12.248 0.118 110 82 45
28.153 -12.248 0.063 111 80 49
28.154 -12.247 0.100 106 79 49
28.172 -12.238 0.049 51 40 22
28.187 -12.229 0.157 41 34 24
28.158 -12.245 0.061 104 77 50
28.161 -12.243 0.160 111 94 64
28.150 -12.250 0.067 111 81 45
28.154 -12.246 0.172 111 87 53
28.159 -12.245 0.051 106 82 56
28.162 -12.243 0.118 92 77 58
28.155 -12.247 0.113 108 83 52
28.162 -12.243 0.115 91 76 55
28.166 -12.241 0.140 59 45 34
28.157 -12.245 0.124 101 80 53
28.160 -12.244 0.095 104 84 60
28.172 -12.238 0.050 51 40 22
28.162 -12.243 0.133 103 87 64
28.164 -12.242 0.048 100 80 55
28.160 -12.244 0.068 106 82 58
28.183 -12.231 0.138 40 33 25
28.172 -12.238 0.078 45 37 24
28.178 -12.234 0.160 33 24 15
28.154 -12.247 0.133 110 82 45
28.176 -12.236 0.071 55 47 34
28.184 -12.231 0.120 43 35 24
28.170 -12.239 0.105 46 33 16
28.179 -12.233 0.150 31 24 16
28.179 -12.233 0.159 33 24 15
28.175 -12.236 0.124 46 37 28
28.156 -12.246 0.095 105 81 55
28.175 -12.236 0.125 46 37 28
28.171 -12.239 0.051 56 45 27
28.160 -12.244 0.110 102 85 59
28.168 -12.240 0.100 58 42 26
28.173 -12.237 0.067 41 34 18
28.255 -11.986 0.282 13 17 55
28.269 -11.992 0.269 16 18 57
28.239 -11.993 0.306 15 19 64
28.262 -11.980 0.269 14 17 62
28.274 -11.996 0.266 15 19 57
28.252 -11.983 0.284 13 16 57
28.236 -11.994 0.311 16 21 63
28.261 -11.987 0.275 15 15 67
28.247 -11.990 0.295 16 19 60
