26.870 -12.636 0.791 141 138 129
26.888 -12.593 0.793 143 144 130
26.937 -12.552 0.788 139 109 57
26.919 -12.530 0.795 105 102 85
26.962 -12.486 0.792 120 98 51
26.863 -12.648 0.791 124 122 109
26.891 -12.613 0.789 46 32 5
26.883 -12.615 0.791 108 102 86
26.863 -12.657 0.789 34 28 14
26.940 -12.490 0.797 54 54 42
26.891 -12.626 0.788 96 77 47
26.945 -12.488 0.796 142 135 117
26.876 -12.647 0.788 55 41 12
26.908 -12.598 0.788 115 84 38
26.947 -12.515 0.791 113 92 49
26.928 -12.529 0.793 134 127 101
26.971 -12.482 0.790 159 132 77
26.950 -12.484 0.795 114 100 73
26.952 -12.502 0.792 105 87 49
26.884 -12.599 0.793 44 47 38
26.917 -12.571 0.790 101 83 47
26.972 -12.482 0.790 159 132 77
26.941 -12.525 0.791 104 83 38
26.961 -12.508 0.789 153 124 66
26.884 -12.622 0.790 50 39 19
26.964 -12.507 0.788 153 124 66
26.952 -12.489 0.794 93 77 44
26.948 -12.486 0.795 148 137 115
26.897 -12.582 0.793 158 156 141
26.890 -12.618 0.789 92 77 48
26.916 -12.560 0.791 65 53 27
26.958 -12.490 0.792 114 93 50
26.938 -12.509 0.794 107 97 72
26.941 -12.544 0.788 135 107 59
26.895 -12.599 0.791 40 33 7
26.956 -12.474 0.795 85 73 47
26.944 -12.536 0.789 141 108 55
26.922 -12.527 0.795 104 103 85
26.951 -12.493 0.793 94 78 45
26.908 -12.557 0.794 138 136 121
26.889 -12.616 0.789 54 42 16
26.933 -12.552 0.789 119 92 47
26.889 -12.595 0.793 143 144 130
26.919 -12.550 0.792 53 42 20
26.875 -12.640 0.789 27 19 0
26.893 -12.610 0.789 50 35 6
26.915 -12.535 0.795 75 76 62
26.932 -12.516 0.794 134 134 110
26.881 -12.624 0.790 38 29 12
26.944 -12.475 0.798 37 39 28
26.929 -12.540 0.792 85 65 32
26.925 -12.543 0.792 83 64 34
26.914 -12.542 0.795 123 121 109
26.910 -12.547 0.795 71 69 54
26.891 -12.623 0.788 93 74 42
26.871 -12.630 0.792 103 104 99
26.861 -12.674 0.788 24 17 0
26.860 -12.668 0.789 29 21 0
26.866 -12.665 0.788 30 22 9
26.814 -12.726 0.792 45 46 28
26.780 -12.752 0.795 161 171 183
26.849 -12.684 0.789 78 74 65
26.842 -12.700 0.789 28 24 12
26.853 -12.689 0.788 108 101 83
26.810 -12.728 0.792 158 136 138
26.821 -12.717 0.791 43 44 46
26.815 -12.711 0.793 45 51 51
26.815 -12.741 0.790 139 143 108
26.815 -12.737 0.790 139 141 104
26.767 -12.763 0.796 177 194 202
26.785 -12.758 0.794 178 192 195
26.804 -12.779 0.788 183 198 205
26.790 -12.749 0.794 140 167 162
26.814 -12.738 0.790 139 141 104
26.844 -12.690 0.790 66 65 61
26.783 -12.766 0.793 180 193 202
26.779 -12.755 0.795 165 172 188
26.786 -12.786 0.791 174 192 194
26.777 -12.777 0.793 184 195 201
26.817 -12.709 0.793 45 51 49
26.785 -12.753 0.794 163 177 180
26.769 -12.763 0.796 177 194 202
26.808 -12.735 0.792 112 108 79
26.763 -12.775 0.796 180 192 204
26.804 -12.743 0.792 62 82 117
26.799 -12.785 0.788 180 187 206
26.799 -12.760 0.791 131 153 174
26.796 -12.737 0.794 85 108 152
26.815 -12.728 0.791 89 89 61
26.843 -12.690 0.790 66 65 61
26.833 -12.714 0.789 26 24 11
26.795 -12.731 0.795 114 116 113
26.808 -12.752 0.790 93 112 127
26.810 -12.722 0.793 36 38 33
26.838 -12.687 0.791 44 44 42
26.780 -12.764 0.794 179 192 200
26.838 -12.710 0.789 93 88 66
26.795 -12.754 0.792 137 162 169
26.795 -12.790 0.789 183 192 197
26.830 -12.721 0.789 43 40 33
26.787 -12.767 0.792 180 190 199
26.768 -12.781 0.794 188 199 205
26.775 -12.769 0.794 181 195 208
26.797 -12.737 0.794 71 97 122
26.836 -12.712 0.789 25 22 5
26.812 -12.723 0.792 46 48 37
26.796 -12.738 0.794 71 97 122
26.842 -12.697 0.789 32 28 19
26.798 -12.785 0.789 182 190 201
26.822 -12.719 0.791 51 51 49
26.841 -12.617 0.797 163 159 114
26.693 -12.487 0.826 98 98 96
26.680 -12.483 0.828 113 114 119
26.824 -12.628 0.798 86 82 73
26.787 -12.494 0.815 79 84 87
26.735 -12.498 0.820 135 136 120
26.708 -12.491 0.824 117 115 94
26.725 -12.533 0.818 117 115 102
26.822 -12.624 0.798 93 91 78
26.800 -12.550 0.808 64 72 75
26.900 -12.560 0.795 58 59 54
26.816 -12.571 0.804 65 67 64
26.866 -12.555 0.800 168 169 129
26.866 -12.478 0.807 80 85 89
26.754 -12.487 0.819 78 82 68
26.748 -12.546 0.814 101 101 91
26.831 -12.532 0.806 72 77 73
26.831 -12.613 0.798 94 89 67
26.829 -12.513 0.808 68 76 79
26.879 -12.497 0.804 127 130 119
26.732 -12.503 0.820 147 146 118
26.805 -12.586 0.804 66 68 67
26.785 -12.579 0.807 60 69 68
26.760 -12.517 0.816 137 136 118
26.793 -12.602 0.804 57 63 63
26.801 -12.548 0.808 65 73 76
26.818 -12.562 0.805 73 75 72
26.838 -12.600 0.799 60 57 22
26.767 -12.578 0.809 57 67 69
26.831 -12.607 0.799 67 64 45
26.870 -12.511 0.803 109 107 94
26.818 -12.592 0.802 94 97 88
26.736 -12.493 0.821 95 96 88
26.832 -12.491 0.810 72 81 86
26.755 -12.494 0.818 82 84 79
26.718 -12.515 0.821 101 101 89
26.713 -12.508 0.822 131 129 114
26.826 -12.562 0.804 127 128 120
26.871 -12.556 0.799 159 161 114
26.745 -12.492 0.820 84 87 80
26.772 -12.561 0.810 62 70 72
26.834 -12.539 0.805 68 73 69
26.774 -12.563 0.810 61 69 71
26.803 -12.548 0.808 65 73 76
26.885 -12.583 0.795 68 72 73
26.787 -12.529 0.811 69 73 76
26.815 -12.508 0.810 73 82 81
26.764 -12.557 0.811 67 73 71
26.819 -12.521 0.808 69 78 75
26.863 -12.520 0.803 107 105 92
26.795 -12.546 0.809 64 72 75
26.865 -12.500 0.805 94 96 85
26.884 -12.492 0.803 77 82 75
26.878 -12.521 0.801 82 77 57
26.804 -12.532 0.809 67 74 80
26.808 -12.561 0.806 64 69 73
26.735 -12.530 0.817 77 76 74
26.727 -12.488 0.822 134 130 118
26.888 -12.583 0.794 71 73 72
26.748 -12.502 0.819 70 72 71
26.846 -12.501 0.807 72 77 80
26.765 -12.512 0.816 73 73 63
26.885 -12.594 0.794 41 44 35
26.838 -12.501 0.808 72 80 83
26.795 -12.601 0.804 57 63 63
26.801 -12.569 0.806 64 73 72
26.874 -12.483 0.805 74 81 87
26.759 -12.534 0.814 65 68 51
26.861 -12.563 0.799 173 173 135
26.817 -12.510 0.810 73 82 81
26.769 -12.535 0.813 95 101 91
26.728 -12.530 0.818 106 106 98
26.736 -12.482 0.822 127 124 107
26.807 -12.610 0.801 100 102 91
26.813 -12.586 0.803 80 86 76
26.822 -12.619 0.799 54 55 21
26.927 -12.479 0.800 77 85 88
26.832 -12.564 0.803 71 71 59
26.858 -12.502 0.806 114 117 110
26.799 -12.585 0.805 60 64 65
26.779 -12.586 0.807 58 67 66
26.845 -12.555 0.802 102 103 95
26.848 -12.551 0.802 65 65 57
26.862 -12.550 0.800 67 66 36
26.780 -12.485 0.816 74 78 81
26.841 -12.617 0.797 163 159 114
26.785 -12.593 0.806 61 67 67
26.814 -12.596 0.802 53 54 58
26.918 -12.476 0.801 77 84 94
26.763 -12.479 0.819 108 109 95
26.854 -12.542 0.802 116 117 103
26.842 -12.487 0.809 76 84 87
26.838 -12.501 0.808 72 80 83
26.840 -12.547 0.803 82 83 78
26.851 -12.610 0.796 163 163 125
26.835 -12.566 0.802 94 95 81
26.768 -12.548 0.812 69 74 70
26.790 -12.478 0.816 77 84 94
26.750 -12.521 0.817 122 122 94
26.798 -12.582 0.805 63 67 68
26.917 -12.482 0.800 76 85 90
26.793 -12.565 0.807 63 73 72
26.772 -12.542 0.812 64 69 65
26.883 -12.582 0.795 58 62 61
26.785 -12.592 0.806 59 65 65
26.737 -12.524 0.818 77 77 67
26.801 -12.586 0.804 60 64 65
26.926 -12.471 0.800 75 83 85
26.761 -12.573 0.810 59 67 70
26.766 -12.527 0.814 88 91 74
26.831 -12.627 0.797 157 155 104
26.743 -12.493 0.820 85 87 82
26.858 -12.487 0.807 71 77 77
26.795 -12.603 0.803 66 72 72
26.789 -12.575 0.807 60 69 68
26.767 -12.529 0.814 99 103 86
26.926 -12.470 0.801 75 83 85
26.835 -12.567 0.802 94 95 81
26.870 -12.597 0.795 64 70 60
26.771 -12.564 0.810 61 69 71
26.754 -12.481 0.820 109 110 92
26.780 -12.485 0.816 72 76 79
26.882 -12.529 0.800 152 150 112
26.833 -12.642 0.795 117 114 81
26.825 -12.629 0.797 60 59 31
26.847 -12.493 0.808 79 84 87
26.859 -12.579 0.798 127 125 84
26.830 -12.510 0.808 70 78 81
26.887 -12.506 0.802 153 152 122
26.862 -12.485 0.807 82 88 88
26.772 -12.504 0.816 98 105 87
26.864 -12.566 0.799 162 166 116
26.845 -12.614 0.796 97 94 49
26.929 -12.500 0.797 81 87 75
26.767 -12.566 0.810 60 68 70
26.694 -12.491 0.826 98 100 97
26.729 -12.533 0.818 91 91 83
26.769 -12.484 0.818 136 136 124
26.725 -12.494 0.822 149 147 134
26.822 -12.480 0.812 77 85 88
26.760 -12.488 0.818 110 112 99
26.906 -12.483 0.802 79 87 90
26.857 -12.479 0.808 83 88 92
26.801 -12.532 0.810 70 75 81
26.840 -12.649 0.794 57 58 44
26.925 -12.489 0.799 71 81 80
26.920 -12.491 0.799 73 82 87
26.874 -12.577 0.797 73 74 56
26.826 -12.560 0.804 56 57 51
26.869 -12.612 0.794 60 66 62
26.776 -12.559 0.810 60 68 70
26.790 -12.588 0.805 61 67 67
26.767 -12.526 0.814 88 91 74
26.814 -12.478 0.813 76 85 90
26.826 -12.491 0.810 74 83 88
26.792 -12.593 0.805 59 68 65
26.901 -12.532 0.798 67 75 60
26.807 -12.600 0.802 46 49 40
26.896 -12.505 0.801 166 168 131
26.803 -12.531 0.809 68 73 79
26.879 -12.569 0.797 60 62 40
26.721 -12.487 0.823 125 120 101
26.870 -12.599 0.795 64 70 60
26.858 -12.646 0.792 59 62 55
26.855 -12.529 0.803 144 142 129
26.903 -12.542 0.796 70 72 67
26.874 -12.491 0.805 78 81 72
26.855 -12.555 0.801 96 95 75
26.783 -12.535 0.811 65 70 74
26.815 -12.604 0.801 57 60 41
26.739 -12.510 0.819 156 155 125
26.785 -12.528 0.812 73 77 80
26.823 -12.595 0.801 156 159 142
26.723 -12.519 0.820 71 72 66
26.797 -12.553 0.808 63 70 76
26.797 -12.578 0.806 62 68 68
26.935 -12.476 0.799 82 88 84
26.929 -12.486 0.799 71 79 82
26.865 -12.480 0.807 94 99 102
26.809 -12.488 0.813 75 83 86
26.789 -12.590 0.805 61 67 67
26.860 -12.559 0.800 104 104 68
26.816 -12.539 0.807 65 75 76
26.851 -12.661 0.791 56 59 52
26.702 -12.484 0.826 97 97 89
26.705 -12.488 0.825 99 100 86
26.918 -12.517 0.797 74 76 73
26.731 -12.537 0.817 109 106 97
26.791 -12.515 0.812 71 76 79
26.818 -12.525 0.808 69 80 76
26.905 -12.490 0.801 75 84 79
26.825 -12.572 0.803 87 87 77
26.885 -12.519 0.801 177 175 152
26.746 -12.532 0.816 62 64 51
26.917 -12.472 0.801 80 84 95
26.937 -12.475 0.799 89 94 88
26.811 -12.516 0.810 67 77 76
26.855 -12.624 0.794 58 62 45
26.790 -12.554 0.809 61 71 72
26.797 -12.545 0.809 65 73 76
26.864 -12.499 0.805 94 96 85
26.749 -12.507 0.818 122 117 97
26.861 -12.544 0.801 72 70 49
26.880 -12.548 0.799 172 177 147
26.847 -12.587 0.799 68 66 43
26.747 -12.547 0.814 101 101 91
26.801 -12.601 0.803 74 76 71
26.843 -12.571 0.801 83 78 58
26.872 -12.569 0.798 135 137 100
26.739 -12.547 0.815 86 88 77
26.792 -12.547 0.809 64 72 75
26.919 -12.480 0.800 77 86 93
26.895 -12.551 0.797 79 83 84
26.806 -12.539 0.808 67 77 78
26.751 -12.530 0.816 117 120 103
26.793 -12.543 0.809 65 73 76
26.852 -12.654 0.792 56 59 50
26.897 -12.491 0.802 104 109 103
26.795 -12.561 0.807 62 72 71
26.740 -12.547 0.815 86 88 77
26.773 -12.525 0.813 120 123 114
26.805 -12.547 0.808 64 72 75
26.873 -12.539 0.800 152 149 114
26.725 -12.481 0.823 122 117 97
26.703 -12.506 0.823 148 149 133
26.845 -12.612 0.797 138 135 90
26.746 -12.516 0.817 128 127 96
26.889 -12.492 0.803 80 85 79
26.900 -12.512 0.800 172 173 142
26.855 -12.658 0.791 45 46 38
26.863 -12.520 0.803 107 105 92
26.865 -12.514 0.804 109 107 94
26.899 -12.532 0.798 61 70 53
26.851 -12.650 0.792 50 53 44
26.733 -12.531 0.818 77 76 74
26.766 -12.564 0.811 58 66 68
26.896 -12.533 0.798 70 79 60
26.852 -12.644 0.793 56 59 52
26.872 -12.576 0.797 73 74 56
26.896 -12.506 0.801 174 174 138
26.688 -12.482 0.828 106 107 112
26.867 -12.570 0.798 163 165 125
26.826 -12.537 0.806 66 72 70
26.732 -12.537 0.817 109 106 97
26.760 -12.564 0.811 60 66 66
26.890 -12.567 0.796 65 66 60
26.765 -12.574 0.810 56 66 68
26.832 -12.559 0.803 101 102 94
26.839 -12.580 0.800 51 47 35
26.899 -12.555 0.796 55 60 54
26.917 -12.489 0.800 74 86 86
26.864 -12.525 0.803 118 115 100
26.838 -12.627 0.796 142 143 101
26.799 -12.487 0.814 75 84 89
26.838 -12.557 0.803 79 80 72
26.747 -12.546 0.815 99 99 91
26.907 -12.516 0.799 82 85 68
26.785 -12.597 0.805 58 67 62
26.847 -12.645 0.793 54 56 45
26.778 -12.480 0.817 73 76 81
26.865 -12.520 0.803 73 70 55
26.792 -12.479 0.816 77 84 94
26.681 -12.478 0.829 104 104 112
26.834 -12.588 0.800 125 123 100
26.856 -12.493 0.807 68 73 69
26.807 -12.575 0.805 61 65 68
26.712 -12.522 0.821 109 107 92
26.860 -12.610 0.795 56 59 48
26.861 -12.527 0.803 131 128 113
26.739 -12.526 0.817 80 81 73
26.865 -12.632 0.792 53 54 49
26.768 -12.537 0.813 95 101 91
26.876 -12.545 0.799 143 144 104
26.790 -12.423 0.790 93 100 108
26.829 -12.455 0.803 86 93 103
26.910 -12.458 0.796 71 79 81
26.802 -12.457 0.806 84 91 99
26.929 -12.456 0.793 188 194 192
26.781 -12.418 0.788 96 100 109
26.915 -12.466 0.800 80 84 93
26.734 -12.454 0.812 87 92 98
26.847 -12.449 0.797 90 97 105
26.727 -12.432 0.801 90 97 105
26.846 -12.454 0.800 88 95 103
26.708 -12.461 0.818 95 100 103
26.708 -12.468 0.821 98 99 93
26.708 -12.468 0.821 98 99 93
26.932 -12.469 0.799 87 93 91
26.819 -12.427 0.789 102 109 117
26.804 -12.459 0.807 82 89 97
26.827 -12.459 0.805 83 90 96
26.920 -12.452 0.792 165 173 175
26.805 -12.454 0.804 84 91 101
26.906 -12.463 0.799 82 90 92
26.757 -12.454 0.809 88 99 105
26.829 -12.435 0.792 90 97 105
26.888 -12.459 0.799 85 93 96
26.779 -12.448 0.804 81 90 99
26.751 -12.454 0.810 85 99 100
26.779 -12.463 0.811 77 83 95
26.813 -12.439 0.796 93 100 110
26.822 -12.431 0.791 98 105 113
26.809 -12.455 0.805 84 91 101
26.751 -12.430 0.797 88 95 105
26.777 -12.429 0.794 91 97 109
26.781 -12.454 0.807 80 89 98
26.731 -12.473 0.822 117 114 97
26.740 -12.422 0.794 92 99 109
26.677 -12.470 0.825 109 114 118
26.771 -12.433 0.797 88 94 106
26.932 -12.466 0.798 88 94 92
26.806 -12.432 0.793 93 100 108
26.722 -12.459 0.815 89 94 100
26.722 -12.428 0.799 94 98 107
26.895 -12.448 0.792 121 133 133
26.883 -12.448 0.793 97 110 116
26.834 -12.455 0.802 86 93 103
26.805 -12.430 0.792 86 96 105
26.699 -12.447 0.811 100 105 111
26.769 -12.474 0.819 87 91 90
26.797 -12.436 0.796 94 98 110
26.689 -12.458 0.818 102 107 111
26.718 -12.454 0.813 93 98 104
26.730 -12.462 0.816 95 99 100
26.728 -12.472 0.821 136 134 121
26.718 -12.457 0.815 90 95 101
26.756 -12.454 0.809 88 99 105
26.783 -12.433 0.796 89 95 107
26.933 -12.451 0.790 194 198 197
26.872 -12.440 0.790 99 101 100
26.824 -12.466 0.809 81 89 92
26.698 -12.468 0.822 98 103 106
26.919 -12.452 0.792 182 191 190
26.720 -12.434 0.802 94 98 107
26.779 -12.462 0.811 77 83 95
26.779 -12.442 0.801 84 93 102
26.718 -12.461 0.817 92 97 103
26.851 -12.442 0.794 95 102 108
26.881 -12.436 0.788 183 188 182
26.889 -12.442 0.790 153 165 161
26.782 -12.445 0.802 84 93 100
26.787 -12.436 0.797 87 93 105
26.847 -12.436 0.791 95 102 108
26.723 -12.456 0.814 89 94 100
26.778 -12.453 0.807 81 87 99
26.751 -12.458 0.812 81 89 92
26.730 -12.466 0.818 122 121 116
26.794 -12.468 0.813 76 85 90
26.806 -12.441 0.797 91 98 108
26.860 -12.447 0.795 91 98 106
26.740 -12.433 0.800 88 95 103
26.767 -12.469 0.816 78 82 85
26.886 -12.438 0.788 174 184 176
26.694 -12.452 0.814 101 106 110
26.898 -12.460 0.798 85 93 95
26.754 -12.414 0.789 99 107 120
26.874 -12.449 0.795 95 99 108
26.921 -12.467 0.799 78 86 89
26.908 -12.461 0.798 82 90 92
26.714 -12.460 0.817 93 98 104
26.858 -12.459 0.802 83 90 96
26.705 -12.456 0.815 97 102 106
26.698 -12.460 0.818 99 104 108
26.829 -12.452 0.801 87 94 104
26.702 -12.471 0.824 101 101 99
26.774 -12.427 0.793 90 96 108
26.824 -12.454 0.802 86 93 103
26.743 -12.446 0.806 85 92 100
26.706 -12.470 0.823 100 101 96
26.868 -12.439 0.790 99 101 100
26.900 -12.445 0.790 172 175 180
26.866 -12.436 0.789 110 116 114
26.670 -12.477 0.830 115 120 123
26.732 -12.448 0.808 89 94 100
26.714 -12.447 0.810 94 99 105
26.751 -12.456 0.811 82 93 95
26.880 -12.447 0.793 91 100 105
26.744 -12.418 0.792 96 104 117
26.925 -12.460 0.796 65 71 71
26.787 -12.450 0.804 84 91 97
26.882 -12.460 0.800 81 88 94
26.707 -12.466 0.821 95 100 103
26.702 -12.473 0.824 95 96 91
26.865 -12.443 0.793 93 98 104
26.898 -12.461 0.799 85 93 95
26.937 -12.465 0.797 73 78 72
26.788 -12.459 0.809 79 88 95
26.935 -12.462 0.795 152 157 153
26.907 -12.444 0.789 206 203 212
26.797 -12.456 0.806 83 90 96
26.677 -12.476 0.829 114 119 122
26.893 -12.443 0.790 149 161 159
26.762 -12.418 0.790 94 100 112
26.709 -12.459 0.816 93 98 104
26.724 -12.453 0.812 90 95 101
26.768 -12.460 0.811 81 85 94
26.772 -12.428 0.794 90 96 108
26.882 -12.438 0.788 160 166 162
26.859 -12.457 0.801 85 92 98
26.902 -12.449 0.792 150 159 164
26.754 -12.458 0.811 90 97 103
26.698 -12.455 0.816 101 106 110
26.919 -12.453 0.793 165 173 175
26.740 -12.431 0.799 88 95 103
26.713 -12.474 0.824 91 91 79
26.681 -12.467 0.823 108 113 117
26.896 -12.466 0.802 86 94 96
26.901 -12.441 0.788 186 190 193
26.795 -12.441 0.799 92 96 107
26.734 -12.468 0.819 119 119 107
26.929 -12.459 0.795 121 127 125
26.798 -12.472 0.814 76 85 90
26.717 -12.414 0.791 100 104 115
26.718 -12.425 0.798 96 100 109
26.667 -12.438 0.806 111 115 124
26.667 -12.411 0.789 109 115 127
26.696 -12.419 0.794 104 109 115
26.703 -12.422 0.796 102 106 115
26.686 -12.444 0.809 105 110 116
26.665 -12.451 0.814 111 116 122
26.684 -12.448 0.812 107 112 118
26.695 -12.421 0.795 104 109 115
26.658 -12.440 0.807 106 110 119
26.668 -12.474 0.828 116 121 125
26.680 -12.451 0.814 108 113 119
26.709 -12.434 0.803 98 102 111
26.694 -12.444 0.809 102 107 113
26.716 -12.424 0.797 97 101 110
26.664 -12.451 0.814 111 116 122
26.665 -12.453 0.815 113 118 124
26.665 -12.410 0.788 110 116 128
26.665 -12.454 0.815 113 118 124
26.702 -12.443 0.809 101 106 112
26.661 -12.443 0.809 111 115 124
26.707 -12.414 0.791 102 106 115
26.692 -12.421 0.795 103 107 118
26.714 -12.412 0.789 103 107 118
26.648 -12.415 0.791 115 113 118
26.674 -12.470 0.826 111 116 120
26.665 -12.422 0.796 105 111 123
26.666 -12.415 0.792 108 114 126
26.712 -12.416 0.792 101 105 114
26.705 -12.439 0.806 98 103 109
26.661 -12.424 0.797 109 113 125
26.647 -12.426 0.798 116 117 122
26.663 -12.439 0.806 112 116 125
26.729 -12.608 0.798 58 66 68
26.790 -12.657 0.789 53 52 32
26.686 -12.564 0.807 74 78 81
26.700 -12.583 0.803 65 72 78
26.772 -12.639 0.793 60 62 61
26.668 -12.498 0.824 108 114 112
26.701 -12.575 0.805 66 73 79
26.771 -12.635 0.794 61 65 64
26.721 -12.561 0.811 73 72 67
26.717 -12.599 0.800 60 68 70
26.780 -12.640 0.793 67 71 74
26.748 -12.650 0.788 58 62 61
26.723 -12.636 0.790 62 66 67
26.779 -12.621 0.798 58 62 61
26.681 -12.621 0.791 63 68 71
26.764 -12.603 0.802 62 65 72
26.672 -12.553 0.809 83 86 91
26.766 -12.636 0.793 57 61 60
26.670 -12.587 0.799 72 77 81
26.742 -12.625 0.794 59 65 65
26.822 -12.665 0.790 138 142 92
26.763 -12.629 0.795 59 63 62
26.704 -12.630 0.790 61 67 67
26.760 -12.621 0.797 61 65 66
26.670 -12.487 0.828 115 119 120
26.674 -12.550 0.810 85 88 93
26.669 -12.546 0.811 89 93 96
26.729 -12.595 0.802 61 66 69
26.723 -12.575 0.807 64 67 72
26.771 -12.623 0.797 60 64 63
26.731 -12.601 0.800 59 67 69
26.698 -12.627 0.790 64 69 72
26.634 -12.563 0.803 98 101 106
26.816 -12.635 0.798 63 61 38
26.676 -12.614 0.792 65 70 73
26.777 -12.631 0.796 51 55 56
26.837 -12.663 0.791 57 54 47
26.693 -12.518 0.821 87 88 82
26.733 -12.607 0.799 59 67 69
26.743 -12.613 0.798 60 66 66
26.759 -12.574 0.810 56 66 68
26.810 -12.627 0.799 61 57 46
26.798 -12.659 0.789 118 118 106
26.713 -12.607 0.797 59 67 70
26.661 -12.535 0.813 101 102 97
26.702 -12.522 0.820 150 147 132
26.703 -12.621 0.792 60 68 70
26.622 -12.613 0.788 79 84 88
26.805 -12.659 0.790 53 50 33
26.837 -12.658 0.793 55 57 46
26.684 -12.578 0.803 71 75 78
26.661 -12.616 0.791 66 71 74
26.671 -12.520 0.819 97 102 105
26.656 -12.503 0.822 113 122 119
26.630 -12.576 0.800 96 100 103
26.746 -12.608 0.800 62 68 68
26.662 -12.626 0.788 64 69 72
26.656 -12.504 0.822 112 121 118
26.657 -12.544 0.811 98 99 101
26.768 -12.598 0.804 60 69 66
26.626 -12.584 0.797 93 97 100
26.683 -12.578 0.803 70 75 78
26.754 -12.644 0.790 58 62 61
26.691 -12.559 0.809 74 77 82
26.657 -12.578 0.801 80 85 89
26.738 -12.578 0.807 62 67 70
26.707 -12.583 0.803 66 69 74
26.652 -12.538 0.812 108 110 107
26.782 -12.599 0.805 59 68 63
26.798 -12.642 0.794 76 82 68
26.803 -12.638 0.796 130 127 110
26.713 -12.625 0.792 59 67 69
26.694 -12.579 0.804 67 74 80
26.687 -12.504 0.824 96 102 100
26.669 -12.592 0.798 70 75 79
26.774 -12.612 0.801 60 64 65
26.660 -12.594 0.796 72 77 81
26.678 -12.568 0.805 75 80 84
26.711 -12.577 0.805 66 69 74
26.634 -12.570 0.801 94 98 101
26.726 -12.590 0.803 61 66 69
26.720 -12.641 0.788 61 65 66
26.795 -12.661 0.788 70 69 51
26.764 -12.589 0.806 60 68 70
26.814 -12.640 0.796 132 126 104
26.657 -12.595 0.796 73 78 81
26.631 -12.608 0.790 79 84 87
26.748 -12.648 0.788 58 62 61
26.699 -12.571 0.806 71 75 76
26.690 -12.549 0.812 80 83 88
26.720 -12.566 0.809 67 70 75
26.619 -12.588 0.795 91 96 99
26.624 -12.576 0.799 98 102 105
26.721 -12.586 0.804 61 66 70
26.705 -12.583 0.803 66 69 74
26.636 -12.571 0.801 91 95 98
26.633 -12.584 0.797 89 94 97
26.727 -12.636 0.790 58 67 66
26.664 -12.622 0.789 65 70 73
26.714 -12.602 0.799 60 68 70
26.688 -12.536 0.815 87 88 83
26.727 -12.633 0.791 58 67 66
26.639 -12.551 0.807 103 106 111
26.666 -12.575 0.802 76 81 85
26.719 -12.609 0.797 58 66 68
26.672 -12.616 0.791 65 70 73
26.804 -12.664 0.788 63 59 32
26.791 -12.606 0.804 55 61 61
26.791 -12.629 0.797 56 57 49
26.637 -12.578 0.799 89 93 96
26.749 -12.641 0.790 59 63 62
26.747 -12.625 0.795 61 67 67
26.748 -12.636 0.792 57 63 61
26.623 -12.607 0.790 82 87 91
26.664 -12.589 0.798 73 78 82
26.720 -12.596 0.801 61 66 69
26.674 -12.615 0.792 65 70 73
26.706 -12.575 0.806 70 71 76
26.624 -12.572 0.800 98 102 105
26.686 -12.529 0.817 93 94 88
26.637 -12.542 0.809 105 111 111
26.712 -12.525 0.820 123 120 103
26.809 -12.663 0.789 165 162 119
26.666 -12.615 0.791 64 69 72
26.739 -12.613 0.798 61 67 67
26.706 -12.542 0.815 143 140 121
26.725 -12.619 0.795 58 67 66
26.771 -12.587 0.808 60 68 70
26.658 -12.508 0.821 109 118 115
26.680 -12.626 0.789 64 70 70
26.703 -12.516 0.822 142 143 129
26.803 -12.641 0.795 86 87 73
26.752 -12.612 0.799 60 66 66
26.824 -12.653 0.793 152 150 102
26.817 -12.639 0.796 103 102 74
26.790 -12.636 0.795 123 125 114
26.666 -12.626 0.788 65 70 73
26.661 -12.595 0.796 72 77 81
26.719 -12.587 0.803 61 66 70
26.642 -12.556 0.806 99 102 107
26.699 -12.543 0.814 91 91 81
26.735 -12.559 0.813 67 67 55
26.680 -12.546 0.812 85 89 92
26.715 -12.555 0.812 94 94 84
26.642 -12.585 0.798 82 87 90
26.711 -12.635 0.789 60 66 66
26.736 -12.578 0.807 62 67 70
26.736 -12.594 0.803 62 68 68
26.666 -12.506 0.822 107 113 111
26.670 -12.524 0.817 96 100 101
26.796 -12.619 0.800 76 76 74
26.730 -12.604 0.799 59 67 69
26.710 -12.522 0.821 109 107 92
26.803 -12.644 0.794 54 55 41
26.657 -12.558 0.807 90 94 97
26.731 -12.591 0.803 61 66 69
26.781 -12.648 0.791 149 143 147
26.662 -12.618 0.790 66 71 74
26.709 -12.635 0.789 60 66 66
26.829 -12.649 0.795 148 146 107
26.781 -12.606 0.803 58 64 60
26.734 -12.572 0.809 64 69 72
26.719 -12.539 0.817 121 117 90
26.757 -12.580 0.808 60 69 74
26.657 -12.524 0.816 109 114 110
26.689 -12.591 0.800 64 72 75
26.641 -12.605 0.792 75 80 83
26.621 -12.596 0.793 89 94 98
26.837 -12.668 0.790 57 59 45
26.642 -12.586 0.797 82 87 90
26.721 -12.621 0.794 59 68 67
26.764 -12.650 0.789 56 60 59
26.637 -12.545 0.809 103 109 109
26.674 -12.519 0.819 93 98 102
26.646 -12.527 0.814 108 114 112
26.635 -12.556 0.805 101 104 109
26.688 -12.541 0.814 82 85 90
26.790 -12.617 0.800 63 65 64
26.656 -12.581 0.800 76 84 87
26.638 -12.588 0.796 85 90 93
26.760 -12.628 0.795 59 63 62
26.644 -12.613 0.790 71 76 79
26.684 -12.580 0.802 71 75 78
26.643 -12.613 0.790 72 77 80
26.633 -12.569 0.801 94 98 101
26.747 -12.622 0.796 61 67 67
26.686 -12.631 0.788 63 69 69
26.728 -12.549 0.815 122 120 105
26.630 -12.599 0.793 83 88 92
26.639 -12.575 0.800 90 94 97
26.805 -12.629 0.798 82 78 66
26.694 -12.561 0.809 73 77 80
26.705 -12.536 0.817 138 135 116
26.753 -12.650 0.788 59 63 62
26.707 -12.560 0.810 71 73 72
26.824 -12.645 0.795 149 148 104
26.665 -12.527 0.816 103 105 104
26.771 -12.652 0.789 55 55 53
26.730 -12.631 0.792 57 66 65
26.650 -12.606 0.792 71 76 79
26.718 -12.569 0.808 67 70 75
26.736 -12.564 0.811 63 68 71
26.772 -12.603 0.803 59 64 67
26.697 -12.519 0.821 99 101 90
26.700 -12.559 0.810 73 76 81
26.731 -12.556 0.813 93 93 81
26.623 -12.596 0.793 86 91 95
26.626 -12.579 0.798 94 98 101
26.777 -12.654 0.789 116 117 109
26.778 -12.716 0.791 174 162 136
26.737 -12.744 0.791 191 190 160
26.817 -12.694 0.791 50 54 40
26.761 -12.769 0.797 185 198 207
26.807 -12.688 0.789 164 163 119
26.738 -12.744 0.791 192 180 142
26.711 -12.758 0.790 205 190 167
26.704 -12.755 0.789 192 185 157
26.777 -12.734 0.793 142 175 206
26.842 -12.672 0.790 54 56 53
26.790 -12.703 0.790 52 56 42
26.752 -12.729 0.790 166 166 166
26.767 -12.740 0.793 168 178 188
26.841 -12.676 0.791 52 56 42
26.730 -12.756 0.792 176 175 147
26.772 -12.757 0.796 168 176 178
26.743 -12.759 0.793 152 161 140
26.793 -12.703 0.790 52 56 41
26.767 -12.745 0.794 162 167 161
26.757 -12.712 0.788 51 49 26
26.778 -12.724 0.792 198 194 165
26.729 -12.729 0.788 149 160 154
26.733 -12.733 0.788 114 135 164
26.775 -12.739 0.794 114 144 170
26.783 -12.735 0.794 110 145 187
26.746 -12.728 0.789 105 100 97
26.837 -12.678 0.791 58 61 54
26.819 -12.704 0.793 47 52 46
26.722 -12.736 0.788 124 145 174
26.727 -12.772 0.794 169 177 179
26.777 -12.751 0.796 162 169 185
26.789 -12.718 0.792 178 169 172
26.777 -12.721 0.791 207 194 160
26.739 -12.744 0.791 192 180 142
26.711 -12.754 0.789 185 177 140
26.770 -12.718 0.790 147 130 120
26.780 -12.704 0.789 62 60 63
26.838 -12.680 0.791 42 44 39
26.780 -12.719 0.791 186 174 152
26.764 -12.726 0.791 31 45 46
26.745 -12.729 0.789 74 80 96
26.749 -12.777 0.797 180 190 200
26.781 -12.725 0.792 195 197 184
26.745 -12.762 0.794 168 178 154
26.771 -12.717 0.790 147 130 120
26.726 -12.772 0.794 169 177 179
26.712 -12.760 0.790 205 190 167
26.776 -12.738 0.794 114 144 170
26.758 -12.758 0.795 169 167 152
26.789 -12.707 0.790 41 53 39
26.749 -12.738 0.791 146 164 168
26.741 -12.753 0.792 188 185 176
26.803 -12.690 0.789 43 47 46
26.717 -12.743 0.788 147 151 154
26.829 -12.677 0.790 44 54 53
26.804 -12.711 0.792 41 44 51
26.703 -12.752 0.788 187 181 157
26.710 -12.757 0.790 192 179 147
26.731 -12.769 0.794 183 171 185
26.714 -12.766 0.792 122 120 99
26.764 -12.707 0.788 46 56 48
26.720 -12.745 0.789 182 165 147
26.713 -12.761 0.791 202 190 168
26.722 -12.820 0.791 151 169 173
26.776 -12.803 0.788 190 199 204
26.707 -12.832 0.789 172 182 184
26.705 -12.834 0.789 186 193 186
26.714 -12.817 0.793 170 184 193
26.717 -12.824 0.790 151 161 170
26.708 -12.835 0.788 176 186 188
26.748 -12.799 0.793 177 195 199
26.690 -12.842 0.789 196 183 148
26.708 -12.831 0.789 172 182 184
26.766 -12.804 0.789 125 134 141
26.746 -12.811 0.790 177 191 200
26.698 -12.840 0.788 190 185 153
26.725 -12.814 0.792 152 170 174
26.738 -12.815 0.790 183 197 206
26.685 -12.841 0.789 197 183 148
26.714 -12.820 0.792 160 170 179
26.743 -12.793 0.796 177 194 201
26.764 -12.797 0.792 71 81 83
26.729 -12.776 0.795 184 194 196
26.728 -12.786 0.795 168 183 188
26.692 -12.799 0.789 43 39 27
26.723 -12.805 0.795 158 175 182
26.725 -12.804 0.795 157 176 182
26.693 -12.756 0.788 112 113 99
26.679 -12.822 0.788 197 191 165
26.712 -12.800 0.793 154 164 166
26.693 -12.833 0.791 188 172 149
26.690 -12.774 0.788 197 179 155
26.694 -12.758 0.788 136 130 116
26.703 -12.766 0.790 68 58 59
26.697 -12.826 0.791 196 197 181
26.715 -12.801 0.793 164 177 183
26.702 -12.771 0.790 89 87 64
26.710 -12.792 0.792 204 204 196
26.720 -12.792 0.794 175 184 189
26.702 -12.764 0.790 68 58 59
26.704 -12.817 0.792 184 189 192
26.690 -12.811 0.789 34 38 37
26.737 -12.783 0.796 179 193 202
26.736 -12.791 0.796 160 179 185
26.681 -12.835 0.789 187 170 140
26.740 -12.783 0.797 180 194 203
26.695 -12.758 0.788 136 130 116
26.683 -12.795 0.788 39 27 11
26.690 -12.830 0.790 195 182 163
26.721 -12.772 0.793 121 120 116
26.701 -12.780 0.790 191 190 160
26.716 -12.805 0.793 165 180 187
26.652 -12.503 0.818 113 122 119
26.630 -12.531 0.801 114 120 118
26.631 -12.525 0.802 108 117 116
26.620 -12.519 0.790 114 120 120
26.634 -12.479 0.797 110 113 120
26.662 -12.481 0.825 118 126 128
26.638 -12.476 0.800 115 118 127
26.660 -12.466 0.820 113 118 122
26.652 -12.445 0.809 107 111 120
26.643 -12.528 0.814 110 114 113
26.619 -12.517 0.788 113 119 119
26.628 -12.483 0.791 116 119 126
26.631 -12.446 0.788 110 109 115
26.649 -12.508 0.817 110 119 116
26.630 -12.531 0.801 114 120 118
26.661 -12.488 0.824 114 119 115
26.637 -12.412 0.789 205 191 165
26.634 -12.524 0.804 106 115 114
26.621 -12.517 0.790 114 120 120
26.641 -12.424 0.795 127 120 110
26.622 -12.554 0.797 102 105 110
26.631 -12.514 0.799 114 120 120
26.614 -12.571 0.792 97 101 104
26.635 -12.462 0.796 116 119 126
26.635 -12.432 0.790 127 123 120
26.605 -12.604 0.789 84 87 94
26.646 -12.520 0.815 114 120 118
26.629 -12.539 0.802 108 114 112
26.655 -12.477 0.817 112 117 121
26.623 -12.556 0.798 102 105 110
26.637 -12.418 0.790 212 201 183
26.632 -12.436 0.788 119 117 118
26.628 -12.502 0.795 114 118 119
26.645 -12.505 0.811 113 122 119
26.632 -12.528 0.802 108 117 116
26.645 -12.454 0.803 111 114 121
26.640 -12.440 0.797 111 111 113
26.605 -12.603 0.788 84 87 94
26.663 -12.487 0.826 117 119 116
26.642 -12.432 0.797 117 116 114
26.636 -12.457 0.796 113 116 121
26.622 -12.556 0.797 102 105 110
26.628 -12.501 0.795 114 118 119
26.656 -12.453 0.814 107 112 118
26.622 -12.529 0.793 109 115 113
26.630 -12.530 0.801 114 120 118
26.625 -12.509 0.793 114 118 119
26.621 -12.518 0.790 114 120 120
26.619 -12.573 0.797 96 100 103
26.635 -12.506 0.803 113 119 119
26.632 -12.436 0.788 122 120 121
26.637 -12.511 0.805 113 119 119
26.639 -12.534 0.810 107 113 113
26.649 -12.442 0.805 109 114 117
26.635 -12.486 0.799 111 116 120
26.972 -12.478 0.789 155 126 66
26.943 -12.469 0.790 161 159 147
26.935 -12.454 0.791 193 199 197
