24.668 -10.396 0.797 202 199 192
24.654 -10.348 0.801 34 35 37
24.741 -10.316 0.786 102 86 61
24.676 -10.349 0.797 68 69 71
24.690 -10.305 0.796 34 35 37
24.662 -10.400 0.798 196 195 193
24.715 -10.325 0.790 60 56 45
24.665 -10.342 0.799 57 58 60
24.654 -10.318 0.802 33 34 36
24.697 -10.345 0.793 59 55 46
24.671 -10.374 0.797 51 50 46
24.661 -10.415 0.798 188 192 191
24.691 -10.360 0.794 61 51 39
24.664 -10.406 0.798 196 196 194
24.660 -10.357 0.800 64 65 67
24.642 -10.366 0.803 30 31 33
24.643 -10.313 0.804 37 38 42
24.725 -10.368 0.787 64 57 39
24.652 -10.364 0.801 75 76 80
24.642 -10.347 0.803 36 37 39
24.738 -10.315 0.786 101 87 61
24.632 -10.385 0.804 38 39 44
24.673 -10.401 0.796 206 203 196
24.626 -10.387 0.805 40 41 46
24.757 -10.312 0.783 53 47 35
24.758 -10.335 0.782 68 53 32
24.639 -10.312 0.805 37 38 42
24.764 -10.321 0.781 70 53 37
24.660 -10.405 0.798 196 196 196
24.754 -10.343 0.782 107 89 65
24.616 -10.472 0.805 169 168 166
24.727 -10.308 0.788 60 56 45
24.651 -10.366 0.801 61 62 66
24.697 -10.320 0.794 56 58 55
24.637 -10.348 0.804 37 38 40
24.627 -10.392 0.805 37 38 43
24.651 -10.360 0.801 44 45 47
24.635 -10.397 0.803 63 64 68
24.704 -10.342 0.792 64 58 46
24.706 -10.375 0.790 77 66 46
24.705 -10.305 0.793 70 72 69
24.656 -10.410 0.799 194 196 195
24.683 -10.328 0.796 76 77 79
24.650 -10.357 0.802 37 38 40
24.637 -10.363 0.804 33 34 36
24.682 -10.353 0.796 55 50 44
24.690 -10.332 0.795 55 56 58
24.676 -10.334 0.797 94 95 97
24.745 -10.330 0.784 58 54 42
24.646 -10.432 0.800 193 197 198
24.714 -10.359 0.789 75 64 44
24.649 -10.403 0.800 171 169 172
24.662 -10.340 0.800 29 30 32
24.721 -10.361 0.788 66 63 48
24.676 -10.338 0.797 79 80 82
24.667 -10.338 0.799 44 45 47
24.709 -10.315 0.792 55 50 44
24.616 -10.439 0.806 67 66 72
24.684 -10.390 0.794 88 78 66
24.668 -10.368 0.798 43 43 41
24.740 -10.336 0.785 61 55 43
24.721 -10.352 0.788 95 84 62
24.694 -10.352 0.793 61 54 44
24.631 -10.383 0.804 37 38 43
24.674 -10.350 0.797 67 68 70
24.727 -10.333 0.788 91 79 55
24.693 -10.398 0.792 61 51 41
24.667 -10.319 0.799 32 33 35
24.648 -10.307 0.803 35 36 40
24.711 -10.341 0.790 74 67 51
24.659 -10.381 0.799 59 59 61
24.617 -10.462 0.805 194 195 197
24.777 -10.305 0.779 60 45 26
24.679 -10.370 0.796 60 55 49
24.640 -10.438 0.801 180 184 185
24.678 -10.404 0.795 209 206 199
24.631 -10.457 0.802 200 204 205
24.663 -10.381 0.798 150 149 147
24.713 -10.321 0.791 60 56 47
24.690 -10.372 0.793 94 78 62
24.707 -10.390 0.790 55 53 40
24.639 -10.305 0.805 37 38 40
24.691 -10.400 0.793 69 59 49
24.711 -10.351 0.790 90 77 58
24.643 -10.426 0.801 192 193 195
24.678 -10.321 0.797 59 60 62
24.704 -10.324 0.792 58 51 45
24.650 -10.394 0.800 67 62 66
24.755 -10.334 0.782 63 50 31
24.771 -10.309 0.780 54 50 39
24.631 -10.409 0.804 78 69 72
24.618 -10.454 0.805 204 209 213
24.734 -10.309 0.787 97 86 66
24.628 -10.410 0.804 63 60 69
24.720 -10.313 0.790 57 53 42
24.689 -10.379 0.793 107 92 73
24.631 -10.404 0.804 65 66 70
24.639 -10.368 0.803 42 43 45
24.752 -10.309 0.784 64 55 38
24.741 -10.336 0.785 61 55 43
24.655 -10.346 0.801 34 35 37
24.669 -10.402 0.797 191 190 185
24.732 -10.359 0.786 56 52 40
24.734 -10.334 0.786 79 68 48
24.686 -10.316 0.796 73 75 74
24.669 -10.397 0.797 202 199 192
24.659 -10.381 0.799 59 59 61
24.635 -10.413 0.803 69 63 67
24.769 -10.310 0.780 54 50 39
24.742 -10.313 0.785 85 71 45
24.677 -10.337 0.797 69 70 72
24.747 -10.321 0.784 74 63 43
24.676 -10.419 0.795 192 194 193
24.686 -10.408 0.793 69 64 58
24.725 -10.320 0.788 74 67 51
24.659 -10.351 0.800 63 64 66
24.654 -10.373 0.800 77 78 83
24.678 -10.391 0.795 104 96 85
24.689 -10.331 0.795 55 56 58
24.672 -10.381 0.797 60 57 52
24.733 -10.326 0.787 102 87 64
24.628 -10.373 0.805 40 41 45
24.673 -10.338 0.798 65 66 68
24.636 -10.427 0.802 218 218 220
24.690 -10.337 0.795 60 57 50
24.661 -10.321 0.801 33 34 36
24.668 -10.373 0.798 53 53 51
24.633 -10.367 0.804 38 39 41
24.719 -10.349 0.789 126 114 92
24.749 -10.315 0.784 51 44 28
24.640 -10.397 0.802 88 83 87
24.635 -10.354 0.805 37 37 39
24.696 -10.354 0.793 63 55 42
24.689 -10.363 0.794 62 52 40
24.760 -10.342 0.781 177 156 125
24.629 -10.393 0.804 50 51 56
24.672 -10.355 0.797 73 74 76
24.725 -10.337 0.788 93 81 57
24.672 -10.405 0.796 200 199 194
24.631 -10.447 0.802 177 181 184
24.701 -10.363 0.792 70 53 33
24.723 -10.325 0.789 75 67 48
24.646 -10.304 0.804 35 36 40
24.653 -10.359 0.801 44 45 47
24.722 -10.325 0.789 75 67 48
24.661 -10.364 0.799 60 61 63
24.663 -10.369 0.799 59 59 59
24.704 -10.379 0.791 87 76 56
24.673 -10.363 0.797 53 49 46
24.625 -10.386 0.805 41 42 47
24.647 -10.310 0.804 36 37 41
24.657 -10.332 0.801 31 32 34
24.684 -10.377 0.795 77 64 48
24.674 -10.343 0.797 90 91 93
24.598 -10.467 0.804 62 57 54
24.589 -10.436 0.801 67 70 75
24.568 -10.333 0.795 51 50 56
24.603 -10.309 0.800 45 46 48
24.604 -10.388 0.803 43 44 48
24.583 -10.320 0.797 48 52 55
24.609 -10.363 0.803 44 43 48
24.539 -10.334 0.790 53 56 61
24.630 -10.334 0.805 39 40 42
24.589 -10.376 0.800 42 45 54
24.588 -10.428 0.801 43 47 50
24.630 -10.307 0.805 40 41 43
24.600 -10.471 0.804 46 40 40
24.592 -10.426 0.802 50 51 55
24.592 -10.447 0.802 59 60 62
24.552 -10.311 0.791 63 62 67
24.602 -10.347 0.801 45 46 51
24.567 -10.401 0.796 126 128 127
24.600 -10.430 0.803 59 62 67
24.573 -10.392 0.797 49 49 51
24.568 -10.359 0.795 47 48 53
24.578 -10.335 0.797 46 50 53
24.616 -10.414 0.805 55 54 60
24.522 -10.360 0.788 50 58 60
24.549 -10.317 0.791 61 60 65
24.525 -10.353 0.788 134 138 141
24.553 -10.395 0.794 78 78 86
24.600 -10.353 0.801 45 46 51
24.610 -10.316 0.801 41 42 46
24.594 -10.312 0.799 48 50 49
24.571 -10.414 0.797 186 188 185
24.593 -10.446 0.802 49 50 54
24.542 -10.340 0.790 46 54 56
24.567 -10.380 0.796 51 52 56
24.600 -10.368 0.801 46 45 51
24.621 -10.397 0.806 42 43 48
24.580 -10.351 0.797 46 46 54
24.608 -10.320 0.801 43 44 48
24.602 -10.404 0.803 43 42 48
24.568 -10.368 0.796 44 45 50
24.528 -10.354 0.788 158 162 165
24.582 -10.333 0.797 45 48 53
24.564 -10.346 0.794 48 51 56
24.562 -10.351 0.794 48 51 56
24.585 -10.366 0.799 44 44 52
24.538 -10.365 0.790 182 183 187
24.610 -10.420 0.805 52 53 57
24.599 -10.310 0.799 45 46 48
24.600 -10.410 0.802 45 46 50
24.538 -10.344 0.790 53 58 61
24.587 -10.373 0.799 43 46 55
24.575 -10.434 0.799 200 203 196
24.600 -10.360 0.801 45 46 51
24.558 -10.412 0.795 45 46 48
24.551 -10.403 0.794 52 55 62
24.532 -10.352 0.789 179 180 184
24.554 -10.404 0.794 40 43 48
24.526 -10.352 0.788 134 138 141
24.609 -10.315 0.801 41 42 46
24.598 -10.325 0.800 46 47 52
24.607 -10.325 0.801 43 44 48
24.554 -10.368 0.793 49 54 57
24.591 -10.386 0.800 43 44 48
24.517 -10.341 0.786 143 144 148
24.592 -10.368 0.800 45 46 51
24.584 -10.361 0.798 45 45 53
24.528 -10.351 0.788 184 185 189
24.539 -10.360 0.790 121 120 125
24.518 -10.340 0.786 186 187 191
24.592 -10.367 0.800 45 46 51
24.562 -10.333 0.794 51 52 57
24.553 -10.394 0.794 78 78 86
24.554 -10.329 0.792 53 54 59
24.601 -10.308 0.800 45 46 48
24.591 -10.345 0.799 45 45 53
24.532 -10.348 0.789 56 57 61
24.573 -10.360 0.796 45 45 53
24.560 -10.380 0.795 44 48 51
24.552 -10.346 0.792 45 50 53
24.612 -10.352 0.803 44 43 48
24.571 -10.346 0.796 46 49 54
24.601 -10.360 0.801 45 44 50
24.584 -10.349 0.798 47 47 55
24.590 -10.338 0.799 47 47 55
24.595 -10.427 0.802 53 56 61
24.534 -10.344 0.789 55 59 62
24.521 -10.343 0.787 184 185 189
24.609 -10.311 0.801 43 44 48
24.570 -10.324 0.795 52 51 56
24.592 -10.445 0.802 49 50 54
24.610 -10.451 0.805 63 63 71
24.577 -10.363 0.797 45 45 55
24.566 -10.332 0.794 51 50 56
24.606 -10.320 0.801 43 44 48
24.597 -10.328 0.800 45 46 51
24.594 -10.319 0.799 45 49 52
24.622 -10.361 0.805 43 42 47
24.594 -10.345 0.800 45 45 53
24.600 -10.417 0.803 38 39 43
24.590 -10.318 0.798 46 50 53
24.633 -10.315 0.805 39 40 42
24.543 -10.343 0.791 52 57 60
24.549 -10.340 0.792 52 55 62
24.546 -10.327 0.791 51 52 57
24.612 -10.452 0.806 137 140 145
24.613 -10.376 0.804 43 42 48
24.563 -10.390 0.795 62 63 67
24.627 -10.362 0.806 41 40 45
24.571 -10.408 0.797 145 147 144
24.597 -10.390 0.801 44 45 49
24.606 -10.345 0.802 43 44 48
24.554 -10.403 0.794 40 43 48
24.616 -10.424 0.806 49 50 54
24.606 -10.348 0.802 43 44 48
24.515 -10.360 0.785 53 61 63
24.543 -10.466 0.779 199 189 164
24.548 -10.441 0.786 95 81 52
24.529 -10.401 0.784 58 52 54
24.567 -10.500 0.784 194 173 144
24.530 -10.378 0.788 61 59 64
24.602 -10.489 0.803 66 54 40
24.576 -10.459 0.796 184 181 172
24.564 -10.461 0.790 192 186 164
24.524 -10.377 0.786 59 57 62
24.542 -10.421 0.787 71 67 66
24.539 -10.442 0.782 177 154 112
24.525 -10.372 0.787 58 59 63
24.564 -10.447 0.792 206 203 186
24.539 -10.401 0.789 56 55 61
24.565 -10.471 0.788 176 159 116
24.515 -10.362 0.784 51 59 61
24.558 -10.435 0.792 84 77 69
24.556 -10.474 0.784 196 172 136
24.580 -10.465 0.797 113 103 93
24.553 -10.488 0.780 204 178 141
24.564 -10.491 0.784 205 179 142
24.540 -10.430 0.784 71 56 33
24.551 -10.446 0.786 162 149 117
24.564 -10.478 0.787 205 179 142
24.533 -10.394 0.787 55 53 58
24.529 -10.392 0.786 55 53 56
24.561 -10.444 0.792 167 163 151
24.589 -10.479 0.798 108 93 72
24.534 -10.433 0.781 176 154 115
24.565 -10.441 0.794 110 107 98
24.583 -10.477 0.796 96 81 60
24.568 -10.481 0.788 178 152 93
24.544 -10.445 0.783 170 154 118
24.514 -10.375 0.782 54 53 58
24.578 -10.503 0.789 207 181 146
24.593 -10.470 0.802 44 39 36
24.565 -10.499 0.783 194 173 142
24.557 -10.468 0.785 166 157 126
24.542 -10.466 0.779 199 189 164
24.579 -10.474 0.795 144 125 93
24.565 -10.457 0.791 213 208 189
24.595 -10.493 0.799 98 78 45
24.534 -10.395 0.787 55 53 58
24.582 -10.495 0.792 182 151 104
24.563 -10.478 0.786 205 179 142
24.549 -10.456 0.783 188 177 149
24.571 -10.506 0.785 195 171 143
24.575 -10.494 0.789 203 178 137
24.559 -10.431 0.793 61 59 60
24.560 -10.448 0.790 135 129 107
24.567 -10.451 0.793 206 204 189
24.557 -10.486 0.782 206 180 143
24.569 -10.473 0.790 168 147 104
24.566 -10.486 0.786 206 181 141
24.541 -10.411 0.788 60 58 63
24.553 -10.453 0.786 167 158 129
24.567 -10.470 0.790 162 146 110
24.564 -10.491 0.785 205 179 142
24.555 -10.461 0.785 214 207 179
24.554 -10.446 0.788 69 59 32
24.549 -10.424 0.789 47 46 44
24.525 -10.385 0.785 54 57 62
24.530 -10.428 0.780 175 151 113
24.555 -10.433 0.791 88 79 72
24.550 -10.422 0.790 54 54 56
24.584 -10.470 0.798 80 71 64
24.551 -10.479 0.780 201 177 139
24.557 -10.491 0.781 203 177 140
24.530 -10.409 0.783 143 132 128
24.585 -10.462 0.800 56 53 46
24.528 -10.432 0.778 178 153 112
24.583 -10.498 0.792 183 155 108
24.529 -10.406 0.783 73 63 62
24.588 -10.496 0.795 176 149 102
24.511 -10.386 0.780 78 72 74
24.485 -10.372 0.782 97 82 49
24.499 -10.369 0.782 55 59 58
24.463 -10.409 0.778 202 179 135
24.449 -10.401 0.779 202 174 134
24.398 -10.413 0.778 192 171 124
24.517 -10.402 0.778 67 48 31
24.483 -10.396 0.779 193 166 111
24.512 -10.393 0.779 72 61 59
24.496 -10.361 0.783 63 64 68
24.474 -10.367 0.783 137 116 89
24.458 -10.411 0.778 202 177 136
24.447 -10.401 0.779 202 174 134
24.423 -10.402 0.779 201 174 131
24.507 -10.408 0.778 175 152 100
24.515 -10.392 0.779 65 59 63
24.483 -10.362 0.783 66 62 59
24.483 -10.378 0.781 168 146 99
24.427 -10.412 0.778 199 172 127
24.446 -10.406 0.778 204 172 133
24.459 -10.398 0.779 195 174 129
24.429 -10.399 0.779 201 173 133
24.493 -10.388 0.780 170 149 106
24.497 -10.368 0.782 58 59 61
24.461 -10.392 0.780 197 179 133
24.425 -10.399 0.779 202 174 134
24.503 -10.405 0.778 179 156 104
24.455 -10.377 0.782 198 172 121
24.462 -10.409 0.778 203 180 136
24.400 -10.414 0.778 192 171 124
24.510 -10.403 0.778 164 141 110
24.471 -10.393 0.780 201 175 126
24.442 -10.408 0.778 202 170 131
24.492 -10.386 0.780 172 151 106
24.469 -10.390 0.780 202 176 127
24.390 -10.415 0.778 192 170 123
24.511 -10.374 0.782 54 55 59
24.463 -10.386 0.780 201 179 130
24.511 -10.379 0.781 53 59 59
24.450 -10.392 0.780 200 177 135
24.444 -10.386 0.781 197 179 133
24.411 -10.401 0.779 198 174 130
24.472 -10.407 0.778 201 178 134
24.427 -10.412 0.778 199 172 127
24.466 -10.407 0.778 201 178 134
24.381 -10.412 0.778 188 167 104
24.475 -10.370 0.782 176 150 115
24.463 -10.372 0.782 183 151 100
24.511 -10.381 0.781 53 59 59
24.472 -10.371 0.782 174 145 103
24.484 -10.312 0.781 59 60 65
24.477 -10.306 0.780 44 47 52
24.500 -10.333 0.784 45 46 50
24.494 -10.310 0.778 188 189 194
24.489 -10.318 0.781 26 27 31
24.481 -10.308 0.780 47 50 55
24.412 -10.341 0.779 196 168 118
24.381 -10.410 0.778 188 167 104
24.483 -10.322 0.783 60 61 65
24.467 -10.322 0.782 69 73 76
24.420 -10.389 0.780 200 178 139
24.438 -10.305 0.780 81 80 78
24.388 -10.385 0.778 197 172 131
24.467 -10.338 0.782 69 70 74
24.442 -10.363 0.781 205 175 123
24.484 -10.346 0.783 66 67 71
24.446 -10.369 0.781 201 173 123
24.464 -10.314 0.781 69 73 76
24.428 -10.305 0.779 83 76 70
24.468 -10.325 0.782 70 74 77
24.412 -10.330 0.778 191 161 109
24.411 -10.352 0.779 204 178 129
24.487 -10.344 0.783 66 67 71
24.426 -10.360 0.780 202 175 128
24.436 -10.355 0.780 200 168 117
24.442 -10.323 0.780 83 73 63
24.416 -10.336 0.779 191 161 109
24.393 -10.363 0.778 197 174 133
24.413 -10.342 0.779 196 168 118
24.459 -10.335 0.782 81 73 60
24.448 -10.352 0.781 178 147 101
24.425 -10.310 0.779 71 59 35
24.401 -10.346 0.778 202 179 127
24.446 -10.310 0.780 79 81 80
24.420 -10.324 0.779 179 153 104
24.467 -10.361 0.783 157 136 107
24.383 -10.394 0.778 193 164 120
24.404 -10.394 0.779 195 173 132
24.414 -10.390 0.780 198 176 137
24.397 -10.361 0.778 198 175 133
24.399 -10.322 0.778 181 151 101
24.452 -10.368 0.782 197 165 114
24.409 -10.319 0.778 168 141 94
24.401 -10.389 0.779 197 176 133
24.448 -10.327 0.781 81 71 62
24.460 -10.311 0.781 70 73 78
24.396 -10.383 0.778 197 175 134
24.468 -10.323 0.782 69 73 76
24.433 -10.378 0.781 196 177 135
24.448 -10.318 0.781 78 80 79
24.439 -10.311 0.780 85 84 82
24.430 -10.346 0.780 191 160 105
24.433 -10.348 0.780 191 160 105
24.426 -10.330 0.779 167 144 94
24.438 -10.349 0.780 184 152 103
24.469 -10.349 0.782 62 55 45
24.492 -10.329 0.784 62 63 67
24.392 -10.352 0.778 196 174 125
24.421 -10.316 0.779 146 130 96
24.421 -10.346 0.779 198 168 116
24.462 -10.348 0.782 56 43 24
24.429 -10.332 0.780 165 142 92
24.395 -10.362 0.778 197 174 133
24.404 -10.320 0.778 179 148 101
24.416 -10.359 0.779 204 177 130
24.457 -10.319 0.781 72 76 79
24.407 -10.378 0.779 199 178 135
24.410 -10.318 0.778 168 141 94
24.407 -10.321 0.778 172 144 96
24.457 -10.325 0.781 78 82 85
24.418 -10.355 0.779 203 175 127
24.429 -10.324 0.779 155 137 99
24.400 -10.379 0.779 196 174 133
24.420 -10.343 0.779 196 165 111
24.477 -10.329 0.783 72 73 77
24.446 -10.308 0.780 78 78 80
24.429 -10.332 0.780 165 142 92
24.428 -10.372 0.780 198 176 137
24.422 -10.373 0.780 198 176 139
24.479 -10.328 0.783 70 71 75
24.422 -10.321 0.779 162 143 103
24.455 -10.353 0.782 166 138 98
24.389 -10.403 0.778 200 160 124
24.440 -10.305 0.780 72 72 72
24.417 -10.373 0.780 198 176 139
24.419 -10.357 0.779 203 175 128
24.446 -10.311 0.780 79 81 80
24.389 -10.374 0.778 198 172 137
24.429 -10.314 0.779 74 63 43
24.476 -10.327 0.783 71 72 76
24.615 -10.482 0.803 60 55 59
24.623 -10.478 0.800 211 211 213
24.644 -10.463 0.787 105 92 83
24.632 -10.474 0.795 182 190 192
24.642 -10.466 0.789 105 92 83
24.685 -10.416 0.789 171 160 140
24.658 -10.442 0.791 205 198 188
24.686 -10.416 0.788 171 160 140
24.694 -10.410 0.784 136 115 86
24.664 -10.440 0.786 86 80 66
24.671 -10.438 0.781 204 183 156
24.727 -10.380 0.778 204 176 137
24.696 -10.409 0.784 136 115 86
24.693 -10.414 0.781 194 175 143
24.687 -10.412 0.790 140 140 128
24.667 -10.442 0.779 207 177 153
24.662 -10.436 0.794 195 190 194
24.682 -10.428 0.778 201 179 142
24.693 -10.409 0.787 77 62 39
24.677 -10.423 0.791 215 207 194
24.739 -10.365 0.781 182 161 130
24.647 -10.452 0.793 188 185 180
24.690 -10.416 0.783 190 175 144
24.733 -10.373 0.779 208 180 140
24.710 -10.398 0.778 200 181 138
24.668 -10.433 0.791 222 213 206
24.665 -10.441 0.784 123 107 91
24.655 -10.443 0.795 188 186 189
24.708 -10.396 0.783 90 72 52
24.657 -10.443 0.792 213 206 200
24.711 -10.394 0.782 194 174 141
24.635 -10.460 0.800 200 203 208
24.656 -10.446 0.790 208 204 193
24.674 -10.239 0.801 37 37 35
24.727 -10.259 0.790 83 88 84
24.726 -10.243 0.791 40 39 37
24.743 -10.230 0.788 38 36 39
24.738 -10.275 0.787 55 52 43
24.782 -10.288 0.779 54 50 38
24.703 -10.302 0.793 87 87 85
24.680 -10.231 0.800 37 33 30
24.734 -10.246 0.789 66 70 69
24.738 -10.303 0.787 75 67 44
24.696 -10.298 0.795 38 40 39
24.679 -10.231 0.800 37 33 30
24.777 -10.273 0.780 61 59 44
24.699 -10.297 0.794 63 63 63
24.695 -10.240 0.797 49 45 44
24.764 -10.236 0.784 63 54 47
24.768 -10.297 0.781 53 44 35
24.734 -10.241 0.789 44 44 46
24.757 -10.225 0.785 74 70 69
24.664 -10.226 0.803 43 42 40
24.677 -10.244 0.800 48 48 46
24.718 -10.250 0.792 33 31 32
24.738 -10.235 0.789 52 52 54
24.696 -10.279 0.795 29 29 29
24.740 -10.252 0.788 87 91 90
24.648 -10.300 0.804 37 38 42
24.759 -10.276 0.783 60 54 40
24.769 -10.298 0.781 53 44 35
24.721 -10.271 0.791 86 91 85
24.677 -10.294 0.798 31 32 34
24.725 -10.228 0.791 37 36 31
24.683 -10.259 0.798 32 33 35
24.674 -10.276 0.799 29 30 32
24.697 -10.303 0.794 80 82 81
24.759 -10.251 0.784 51 48 31
24.743 -10.275 0.786 57 50 44
24.766 -10.262 0.783 59 50 45
24.785 -10.261 0.779 68 56 34
24.725 -10.286 0.790 59 59 51
24.711 -10.284 0.792 73 78 74
24.698 -10.251 0.796 31 32 34
24.754 -10.252 0.785 56 53 46
24.739 -10.276 0.787 61 54 48
24.750 -10.239 0.786 78 80 79
24.787 -10.246 0.779 188 165 113
24.682 -10.283 0.798 31 31 31
24.759 -10.269 0.783 55 52 37
24.766 -10.275 0.782 82 76 64
24.779 -10.244 0.781 65 46 29
24.763 -10.293 0.782 62 52 42
24.763 -10.247 0.784 54 51 44
24.693 -10.228 0.798 36 35 31
24.666 -10.265 0.801 33 34 36
24.703 -10.232 0.795 46 45 40
24.742 -10.266 0.787 56 53 48
24.759 -10.259 0.784 57 54 37
24.757 -10.238 0.785 62 62 54
24.663 -10.248 0.803 34 35 37
24.785 -10.275 0.778 56 49 41
24.756 -10.225 0.786 74 70 69
24.668 -10.242 0.802 44 44 42
24.751 -10.272 0.785 57 53 42
24.672 -10.220 0.802 49 46 41
24.638 -10.292 0.806 39 41 40
24.769 -10.291 0.781 50 41 32
24.696 -10.218 0.797 52 51 47
24.665 -10.228 0.803 44 43 41
24.745 -10.280 0.786 54 47 37
24.716 -10.281 0.791 99 104 98
24.692 -10.220 0.798 39 38 33
24.691 -10.277 0.796 31 31 31
24.653 -10.217 0.805 43 43 41
24.653 -10.232 0.805 43 44 48
24.698 -10.277 0.795 28 28 28
24.673 -10.301 0.799 32 33 35
24.736 -10.255 0.788 96 101 97
24.672 -10.300 0.799 32 33 35
24.703 -10.238 0.795 31 27 24
24.783 -10.253 0.780 71 54 26
24.689 -10.215 0.799 38 37 32
24.705 -10.254 0.794 33 33 35
24.688 -10.226 0.798 45 41 38
24.700 -10.269 0.795 32 30 31
24.683 -10.236 0.799 37 33 30
24.735 -10.266 0.788 64 65 57
24.663 -10.284 0.801 34 36 35
24.696 -10.221 0.797 34 33 29
24.786 -10.264 0.779 70 57 40
24.670 -10.282 0.800 33 34 36
24.721 -10.244 0.792 35 34 32
24.698 -10.302 0.794 78 80 79
24.650 -10.247 0.805 37 38 40
24.786 -10.257 0.779 88 69 36
24.693 -10.223 0.798 34 33 29
24.667 -10.212 0.803 48 45 36
24.724 -10.302 0.789 57 54 47
24.656 -10.275 0.803 37 38 40
24.657 -10.267 0.803 34 35 37
24.769 -10.260 0.782 64 54 52
24.707 -10.240 0.794 32 34 31
24.661 -10.238 0.803 37 39 38
24.790 -10.265 0.778 145 127 107
24.671 -10.237 0.801 35 35 33
24.760 -10.249 0.784 64 62 50
24.763 -10.261 0.783 57 48 43
24.790 -10.228 0.779 191 159 112
24.713 -10.249 0.793 34 32 33
24.769 -10.246 0.783 55 46 47
24.684 -10.289 0.797 30 31 33
24.779 -10.244 0.781 65 46 29
24.767 -10.250 0.783 58 52 52
24.704 -10.242 0.795 33 29 26
24.774 -10.286 0.780 57 50 42
24.767 -10.247 0.783 58 52 52
24.669 -10.222 0.802 36 32 29
24.706 -10.240 0.795 31 33 32
24.794 -10.244 0.778 188 163 97
24.702 -10.279 0.794 27 29 28
24.706 -10.244 0.795 31 33 32
24.689 -10.266 0.797 31 33 30
24.706 -10.227 0.795 42 41 36
24.666 -10.226 0.803 39 38 36
24.695 -10.224 0.797 32 31 27
24.680 -10.283 0.798 31 31 31
24.670 -10.279 0.800 33 34 36
24.738 -10.247 0.788 86 90 89
24.784 -10.230 0.780 194 166 127
24.741 -10.302 0.786 84 74 49
24.701 -10.287 0.794 36 36 36
24.772 -10.290 0.780 57 50 42
24.706 -10.230 0.795 37 36 31
24.525 -10.111 0.779 85 86 81
24.534 -10.109 0.778 49 50 55
24.525 -10.095 0.778 108 108 100
24.523 -10.109 0.779 104 104 94
24.535 -10.114 0.778 49 48 53
24.565 -10.130 0.779 63 63 63
24.536 -10.121 0.781 39 39 37
24.685 -10.201 0.791 55 51 50
24.679 -10.191 0.787 58 57 52
24.634 -10.169 0.785 48 49 44
24.652 -10.199 0.800 47 46 41
24.638 -10.165 0.782 54 54 44
24.550 -10.126 0.781 51 57 55
24.697 -10.199 0.787 60 59 41
24.710 -10.214 0.793 62 61 43
24.595 -10.148 0.782 53 55 52
24.686 -10.181 0.778 59 59 47
24.563 -10.136 0.783 64 66 65
24.628 -10.188 0.798 53 55 52
24.660 -10.208 0.802 49 48 43
24.793 -10.228 0.778 203 162 106
24.678 -10.194 0.789 55 54 49
24.670 -10.209 0.800 42 42 32
24.558 -10.141 0.788 51 55 56
24.590 -10.141 0.779 64 63 61
24.539 -10.126 0.783 44 46 43
24.607 -10.146 0.778 45 50 44
24.670 -10.175 0.778 59 58 53
24.615 -10.165 0.788 52 52 50
24.735 -10.205 0.780 49 49 41
24.715 -10.203 0.784 58 59 43
24.598 -10.147 0.780 53 55 50
24.675 -10.200 0.794 33 30 21
24.581 -10.147 0.785 63 62 60
24.603 -10.151 0.782 54 56 53
24.750 -10.221 0.786 68 63 59
24.658 -10.168 0.778 37 37 29
24.735 -10.216 0.787 48 44 41
24.666 -10.181 0.784 36 36 26
24.665 -10.175 0.781 41 41 33
24.716 -10.195 0.779 45 45 35
24.595 -10.163 0.791 63 61 62
24.566 -10.147 0.789 65 67 66
24.618 -10.157 0.782 54 56 51
24.647 -10.178 0.787 52 51 47
24.595 -10.144 0.779 56 55 53
24.632 -10.173 0.788 51 51 49
24.776 -10.221 0.778 196 174 137
24.747 -10.210 0.780 110 103 93
24.553 -10.132 0.783 50 54 57
24.658 -10.208 0.803 49 48 43
24.686 -10.210 0.796 68 68 58
24.615 -10.165 0.788 52 52 50
24.649 -10.167 0.780 42 42 30
24.584 -10.160 0.793 64 64 62
24.774 -10.222 0.779 117 96 65
24.674 -10.177 0.779 62 61 56
24.607 -10.162 0.789 56 56 54
24.697 -10.215 0.797 68 67 62
24.624 -10.184 0.797 50 52 51
24.608 -10.176 0.797 59 61 60
24.662 -10.190 0.791 47 44 37
24.627 -10.170 0.788 56 56 54
24.715 -10.207 0.786 66 67 49
24.665 -10.179 0.783 38 38 28
24.619 -10.179 0.796 57 59 58
24.544 -10.124 0.781 47 51 50
24.620 -10.179 0.796 55 57 56
24.614 -10.166 0.789 57 57 55
24.567 -10.145 0.788 66 66 66
24.634 -10.157 0.778 60 60 52
24.654 -10.191 0.794 44 43 38
24.594 -10.145 0.780 58 57 55
24.631 -10.176 0.791 54 54 52
24.642 -10.193 0.798 52 53 48
24.738 -10.215 0.785 51 46 40
24.701 -10.210 0.792 62 61 43
24.688 -10.211 0.797 68 68 60
24.592 -10.147 0.782 66 65 63
24.686 -10.200 0.790 63 59 56
24.713 -10.210 0.789 73 74 56
24.631 -10.176 0.791 54 54 52
24.549 -10.132 0.784 48 52 55
24.671 -10.201 0.795 41 38 29
24.609 -10.157 0.785 58 58 56
24.699 -10.214 0.795 62 61 43
24.705 -10.217 0.796 63 62 44
24.624 -10.184 0.798 50 52 51
24.618 -10.288 0.802 41 42 44
24.577 -10.295 0.795 59 59 59
24.617 -10.288 0.802 41 42 44
24.617 -10.259 0.801 44 45 49
24.646 -10.243 0.806 41 42 44
24.601 -10.269 0.798 50 52 51
24.603 -10.257 0.799 49 51 50
24.596 -10.275 0.798 58 60 59
24.618 -10.302 0.802 41 42 44
24.643 -10.240 0.805 44 46 45
24.617 -10.274 0.802 43 44 48
24.634 -10.252 0.804 42 43 47
24.608 -10.282 0.800 47 49 48
24.569 -10.289 0.794 56 58 57
24.599 -10.283 0.799 51 53 52
24.606 -10.301 0.800 44 45 47
24.631 -10.239 0.803 46 47 49
24.644 -10.256 0.806 40 41 43
24.620 -10.295 0.803 41 42 44
24.626 -10.252 0.802 45 46 50
24.602 -10.302 0.800 44 45 47
24.618 -10.302 0.803 41 42 44
24.598 -10.295 0.799 55 55 55
24.585 -10.284 0.796 57 57 57
24.562 -10.296 0.793 59 61 60
24.643 -10.242 0.805 41 42 44
24.639 -10.255 0.805 41 42 46
24.610 -10.251 0.799 46 47 49
24.596 -10.282 0.798 57 59 58
24.610 -10.265 0.800 46 47 49
24.650 -10.215 0.805 43 43 41
24.585 -10.293 0.796 55 55 55
24.643 -10.245 0.805 42 43 45
24.638 -10.234 0.804 42 44 43
24.573 -10.302 0.795 58 59 61
24.628 -10.261 0.803 43 44 48
24.634 -10.257 0.804 43 44 48
24.620 -10.287 0.802 41 42 44
24.610 -10.274 0.800 47 49 48
24.600 -10.280 0.799 48 50 49
24.574 -10.290 0.794 55 55 55
24.628 -10.238 0.802 47 48 50
24.635 -10.296 0.805 41 43 42
24.564 -10.295 0.793 58 60 59
24.607 -10.280 0.800 44 46 45
24.587 -10.276 0.796 58 58 58
24.627 -10.255 0.803 44 45 49
24.633 -10.291 0.805 41 43 42
24.645 -10.253 0.806 42 43 45
24.608 -10.263 0.799 47 48 50
24.636 -10.279 0.805 40 41 45
24.598 -10.285 0.799 51 53 52
24.607 -10.282 0.800 47 49 48
24.543 -10.146 0.783 65 66 70
24.534 -10.139 0.782 54 53 59
24.578 -10.160 0.792 65 67 66
24.628 -10.197 0.800 57 59 58
24.566 -10.182 0.783 57 63 63
24.596 -10.178 0.794 57 58 60
24.556 -10.151 0.786 62 66 65
24.534 -10.149 0.779 70 68 69
24.581 -10.177 0.789 51 57 57
24.610 -10.203 0.793 47 48 50
24.632 -10.199 0.801 50 52 49
24.566 -10.178 0.784 59 65 65
24.591 -10.180 0.792 50 54 55
24.600 -10.198 0.791 48 49 51
24.549 -10.144 0.786 61 65 68
24.617 -10.188 0.798 55 57 56
24.582 -10.188 0.787 59 61 60
24.546 -10.147 0.784 58 62 65
24.589 -10.173 0.792 62 63 65
24.591 -10.202 0.787 50 54 55
24.594 -10.182 0.792 49 53 54
24.544 -10.150 0.782 69 70 74
24.562 -10.179 0.782 60 66 66
24.553 -10.168 0.782 59 68 67
24.572 -10.170 0.788 58 63 66
24.587 -10.197 0.787 53 57 56
24.599 -10.182 0.794 49 50 52
24.595 -10.207 0.787 50 51 53
24.553 -10.152 0.785 59 63 64
24.596 -10.196 0.790 47 51 52
24.562 -10.173 0.784 57 66 65
24.610 -10.187 0.796 58 59 61
24.563 -10.159 0.787 61 65 64
24.571 -10.201 0.781 56 58 57
24.540 -10.155 0.780 68 70 69
24.609 -10.185 0.796 61 62 64
24.552 -10.161 0.782 62 71 68
24.561 -10.174 0.783 57 66 65
24.549 -10.139 0.787 48 52 55
24.528 -10.126 0.782 105 106 101
24.598 -10.196 0.790 48 49 51
24.586 -10.174 0.791 55 59 60
24.516 -10.114 0.781 149 143 117
24.575 -10.198 0.783 56 58 57
24.629 -10.196 0.801 50 52 49
24.515 -10.116 0.780 164 158 132
24.480 -10.223 0.780 79 81 80
24.459 -10.143 0.790 166 153 136
24.464 -10.171 0.787 120 114 102
24.491 -10.226 0.778 78 79 84
24.461 -10.150 0.789 167 155 133
24.477 -10.209 0.782 70 70 70
24.485 -10.210 0.780 80 78 83
24.482 -10.266 0.778 77 76 81
24.476 -10.181 0.784 105 105 105
24.458 -10.170 0.789 117 113 101
24.471 -10.226 0.782 74 73 78
24.470 -10.207 0.784 55 57 56
24.466 -10.173 0.787 124 117 107
24.501 -10.143 0.779 77 74 57
24.478 -10.176 0.784 93 93 91
24.469 -10.192 0.785 74 75 77
24.488 -10.139 0.783 180 162 126
24.490 -10.159 0.782 106 103 88
24.486 -10.222 0.779 79 80 82
24.495 -10.195 0.778 83 77 81
24.494 -10.134 0.782 177 159 121
24.496 -10.154 0.780 66 66 54
24.478 -10.246 0.780 76 77 81
24.487 -10.236 0.778 73 76 81
24.482 -10.166 0.783 119 115 106
24.494 -10.215 0.778 81 78 87
24.481 -10.250 0.779 77 78 82
24.505 -10.133 0.779 109 104 82
24.471 -10.206 0.783 57 59 58
24.487 -10.130 0.784 179 158 113
24.493 -10.168 0.780 53 58 54
24.490 -10.160 0.782 109 107 94
24.501 -10.125 0.781 170 157 115
24.481 -10.248 0.779 76 77 81
24.483 -10.239 0.779 76 79 84
24.487 -10.213 0.779 80 79 84
24.474 -10.140 0.786 153 137 112
24.464 -10.184 0.787 138 134 133
24.471 -10.181 0.785 128 126 127
24.473 -10.221 0.782 76 77 82
24.502 -10.139 0.780 119 113 91
24.484 -10.180 0.782 49 53 54
24.482 -10.164 0.783 125 119 103
24.462 -10.141 0.789 168 153 134
24.486 -10.171 0.782 58 60 57
24.480 -10.262 0.778 75 74 79
24.502 -10.114 0.781 183 161 122
24.522 -10.152 0.779 64 69 72
24.530 -10.190 0.778 72 71 76
24.503 -10.191 0.778 77 77 77
24.550 -10.218 0.778 67 71 72
24.522 -10.209 0.778 72 72 72
24.503 -10.187 0.778 76 78 77
24.510 -10.185 0.778 72 76 77
24.507 -10.126 0.779 141 134 106
24.560 -10.211 0.778 57 59 58
24.510 -10.154 0.779 62 71 70
24.515 -10.174 0.778 72 78 78
24.544 -10.219 0.778 67 69 68
24.521 -10.188 0.778 74 75 77
24.551 -10.182 0.779 63 67 68
24.532 -10.183 0.778 70 71 73
24.548 -10.217 0.778 67 71 72
24.510 -10.143 0.779 54 56 51
24.561 -10.220 0.778 61 63 60
24.548 -10.177 0.779 64 70 70
24.509 -10.188 0.778 76 78 77
24.525 -10.137 0.779 63 61 62
24.526 -10.151 0.779 66 70 73
24.520 -10.186 0.778 74 75 77
24.519 -10.190 0.778 74 75 77
24.516 -10.145 0.779 54 58 61
24.538 -10.206 0.778 62 66 69
24.551 -10.222 0.778 61 63 62
24.512 -10.149 0.779 59 65 65
24.505 -10.150 0.779 58 63 59
24.519 -10.204 0.778 74 73 78
24.529 -10.189 0.778 72 71 76
24.549 -10.224 0.778 61 63 62
24.521 -10.143 0.779 60 63 68
24.517 -10.189 0.778 74 75 77
24.545 -10.224 0.778 65 67 66
24.549 -10.191 0.779 63 64 68
24.560 -10.220 0.778 61 63 60
24.547 -10.213 0.778 61 65 66
24.525 -10.168 0.779 66 72 70
24.538 -10.188 0.778 68 69 73
24.544 -10.198 0.778 62 63 67
24.541 -10.181 0.779 67 71 72
24.436 -10.200 0.782 129 105 79
24.448 -10.195 0.784 152 145 135
24.425 -10.174 0.784 205 197 184
24.446 -10.168 0.788 155 156 140
24.432 -10.183 0.784 157 154 139
24.404 -10.179 0.780 126 114 100
24.462 -10.211 0.784 55 60 53
24.404 -10.170 0.782 95 83 71
24.427 -10.174 0.785 197 191 177
24.445 -10.218 0.780 51 51 49
24.436 -10.206 0.781 144 127 101
24.447 -10.213 0.781 56 57 49
24.419 -10.165 0.785 97 89 78
24.471 -10.247 0.779 76 77 81
24.431 -10.165 0.786 183 179 167
24.459 -10.198 0.785 165 160 156
24.440 -10.226 0.778 58 56 59
24.441 -10.221 0.779 54 54 54
24.421 -10.206 0.779 156 134 95
24.433 -10.199 0.781 122 95 68
24.473 -10.244 0.780 76 77 81
24.448 -10.159 0.790 134 131 112
24.416 -10.178 0.782 202 192 180
24.454 -10.196 0.785 164 157 151
24.396 -10.188 0.778 172 163 146
24.474 -10.253 0.779 81 82 86
24.448 -10.217 0.781 51 53 50
24.417 -10.207 0.778 157 137 100
24.467 -10.221 0.783 66 67 69
24.410 -10.184 0.780 198 192 178
24.407 -10.196 0.778 189 186 167
24.423 -10.172 0.784 191 183 170
24.435 -10.155 0.789 155 153 140
24.418 -10.164 0.785 97 89 78
24.399 -10.165 0.782 87 74 65
24.425 -10.172 0.784 207 199 186
24.441 -10.209 0.781 107 100 84
24.415 -10.192 0.780 174 167 148
24.396 -10.178 0.779 117 100 82
24.420 -10.190 0.781 163 155 134
24.438 -10.194 0.783 123 95 73
24.448 -10.187 0.785 126 124 112
24.401 -10.189 0.778 201 199 184
24.386 -10.175 0.778 115 92 61
24.455 -10.192 0.786 145 140 134
24.430 -10.218 0.778 56 47 30
24.450 -10.238 0.778 76 76 76
24.456 -10.219 0.782 63 65 60
24.418 -10.177 0.783 189 179 167
24.440 -10.165 0.788 195 193 178
24.421 -10.179 0.783 205 199 187
24.445 -10.275 0.778 166 173 165
24.476 -10.295 0.778 185 186 191
24.424 -10.260 0.778 98 98 86
24.430 -10.282 0.779 66 71 67
24.429 -10.270 0.779 135 136 128
24.418 -10.290 0.778 51 46 40
24.432 -10.287 0.779 42 42 40
24.416 -10.283 0.778 48 45 36
24.426 -10.271 0.778 133 134 126
24.443 -10.302 0.780 67 67 69
24.427 -10.275 0.778 89 90 84
24.434 -10.292 0.779 40 40 40
24.418 -10.266 0.778 184 186 173
24.451 -10.300 0.780 61 65 68
24.457 -10.296 0.781 38 42 43
24.431 -10.275 0.779 116 117 109
24.453 -10.294 0.780 31 35 34
24.420 -10.266 0.778 184 186 173
24.460 -10.301 0.781 36 40 41
24.404 -10.193 0.803 124 103 82
24.410 -10.213 0.819 137 131 119
24.383 -10.189 0.793 140 109 80
24.369 -10.193 0.791 140 114 89
24.412 -10.160 0.785 72 68 57
24.420 -10.165 0.791 65 61 50
24.380 -10.205 0.802 134 114 87
24.385 -10.242 0.828 147 152 156
24.383 -10.222 0.814 153 155 152
24.410 -10.199 0.810 115 98 82
24.435 -10.159 0.793 92 89 74
24.411 -10.179 0.797 70 61 44
24.400 -10.224 0.822 153 159 159
24.372 -10.224 0.811 163 162 160
24.372 -10.219 0.808 153 148 142
24.381 -10.210 0.806 136 124 110
24.358 -10.182 0.779 144 115 81
24.354 -10.203 0.791 135 114 93
24.369 -10.234 0.817 167 164 157
24.407 -10.194 0.806 119 101 81
24.389 -10.216 0.813 145 145 137
24.436 -10.167 0.799 53 49 37
24.392 -10.191 0.797 133 107 80
24.359 -10.185 0.781 144 116 79
24.406 -10.200 0.809 129 108 91
24.381 -10.179 0.786 135 109 74
24.413 -10.208 0.816 120 108 94
24.384 -10.235 0.824 149 154 158
24.398 -10.183 0.795 117 98 68
24.391 -10.169 0.783 103 87 64
24.398 -10.228 0.824 143 152 157
24.423 -10.173 0.797 54 50 38
24.378 -10.203 0.800 135 114 87
24.402 -10.212 0.815 136 130 118
24.373 -10.216 0.807 145 138 130
24.388 -10.241 0.829 143 150 156
24.381 -10.231 0.820 151 156 159
24.438 -10.158 0.793 130 127 112
24.360 -10.179 0.778 142 116 83
24.361 -10.198 0.790 140 114 91
24.357 -10.213 0.799 135 126 109
24.384 -10.203 0.802 133 112 83
24.369 -10.198 0.793 138 114 90
24.391 -10.228 0.821 142 153 159
24.384 -10.252 0.834 157 157 155
24.378 -10.195 0.795 138 112 87
24.385 -10.178 0.787 133 107 72
24.379 -10.220 0.812 152 151 146
24.389 -10.245 0.832 143 150 156
24.412 -10.169 0.791 62 56 42
24.412 -10.180 0.798 73 65 46
24.366 -10.209 0.799 128 113 90
24.385 -10.181 0.788 137 108 74
24.448 -10.151 0.792 118 115 96
24.367 -10.209 0.800 130 114 91
24.405 -10.178 0.794 94 82 60
24.425 -10.176 0.800 47 45 33
24.403 -10.164 0.784 76 69 53
24.434 -10.175 0.803 65 61 52
24.374 -10.232 0.818 157 157 155
24.411 -10.192 0.805 105 88 70
24.561 -9.933 1.146 97 93 84
24.507 -9.942 1.140 97 96 94
24.543 -9.941 1.145 95 92 87
24.545 -9.941 1.146 95 92 85
24.520 -9.951 1.145 98 95 88
24.512 -9.957 1.145 93 90 83
24.515 -9.949 1.143 99 96 91
24.512 -9.943 1.141 101 98 93
24.550 -9.927 1.142 97 94 89
24.500 -9.951 1.141 100 100 98
24.519 -9.936 1.140 96 95 90
24.530 -9.929 1.140 96 95 90
24.510 -9.943 1.141 101 98 93
24.547 -9.924 1.141 94 93 89
24.491 -9.971 1.146 107 104 97
24.578 -9.924 1.146 94 91 76
24.562 -9.927 1.145 97 92 86
24.556 -9.922 1.142 95 90 86
24.497 -9.956 1.142 102 101 97
24.531 -9.925 1.139 95 96 90
24.516 -9.949 1.143 98 95 88
24.544 -9.931 1.143 94 93 88
24.495 -9.965 1.144 107 104 97
24.563 -9.931 1.146 98 94 85
24.594 -9.915 1.146 95 88 72
24.555 -9.921 1.142 95 90 86
24.489 -9.990 1.147 111 111 103
24.538 -9.977 1.146 99 98 93
24.491 -10.007 1.146 106 105 101
24.569 -9.944 1.147 98 93 87
24.378 -10.138 1.145 146 143 134
24.477 -9.997 1.147 114 110 107
24.474 -10.039 1.146 95 90 87
24.535 -9.968 1.147 98 98 90
24.424 -10.070 1.146 136 137 132
24.513 -10.003 1.146 104 104 104
24.487 -10.036 1.146 115 115 115
24.576 -9.947 1.147 97 93 84
24.522 -9.976 1.147 97 96 91
24.401 -10.130 1.145 181 189 191
24.502 -9.973 1.147 103 100 93
24.378 -10.146 1.145 197 199 194
24.500 -9.993 1.147 101 100 95
24.370 -10.152 1.145 134 135 137
24.451 -10.073 1.146 133 138 142
24.433 -10.075 1.146 122 123 118
24.470 -10.054 1.146 123 123 125
24.410 -10.098 1.146 139 139 131
24.495 -9.982 1.147 110 110 102
24.485 -10.028 1.146 80 79 77
24.456 -10.028 1.146 120 121 116
24.412 -10.110 1.145 175 180 174
24.489 -10.006 1.146 97 96 92
24.584 -9.926 1.147 91 85 69
24.383 -10.140 1.145 125 126 121
24.393 -10.118 1.145 143 137 125
24.430 -10.081 1.146 128 129 124
24.452 -10.072 1.146 133 138 142
24.471 -9.998 1.147 112 108 105
24.482 -9.996 1.147 111 107 104
24.570 -9.950 1.147 95 90 84
24.526 -9.963 1.147 89 86 81
24.497 -10.020 1.146 106 106 106
24.487 -9.987 1.147 112 112 104
24.517 -9.998 1.146 102 102 100
24.449 -10.063 1.146 101 105 104
24.538 -9.961 1.147 96 96 88
24.412 -10.092 1.146 132 131 126
24.549 -9.959 1.147 96 93 86
24.399 -10.118 1.145 147 144 135
24.546 -9.946 1.147 92 89 82
24.483 -9.986 1.147 111 111 103
24.434 -10.057 1.146 129 130 124
24.496 -10.000 1.146 102 103 98
24.506 -10.000 1.146 105 105 103
24.476 -10.032 1.146 107 102 99
24.485 -10.000 1.147 106 103 98
24.491 -10.033 1.146 115 115 115
24.477 -10.013 1.146 108 105 100
24.450 -10.063 1.146 101 105 104
24.573 -9.939 1.147 90 83 77
24.401 -10.120 1.145 133 134 128
24.447 -10.061 1.146 105 109 108
24.415 -10.090 1.146 134 133 128
24.447 -10.036 1.146 121 123 120
24.591 -9.933 1.147 90 83 64
24.447 -10.035 1.146 121 123 120
24.529 -9.992 1.146 98 97 95
24.418 -10.107 1.145 170 172 167
24.396 -10.127 1.145 127 129 124
24.530 -9.990 1.146 99 98 94
24.546 -9.957 1.147 94 91 84
24.486 -9.990 1.147 113 113 105
24.467 -10.011 1.147 111 110 106
24.545 -9.966 1.147 96 95 90
24.541 -9.968 1.147 97 96 91
24.545 -9.971 1.146 97 96 91
24.426 -10.077 1.146 131 132 126
24.502 -10.012 1.146 109 109 109
24.417 -10.081 1.146 133 132 127
24.435 -10.058 1.146 129 130 124
24.448 -10.039 1.146 119 121 118
24.385 -10.137 1.145 124 125 119
24.429 -10.090 1.146 122 124 121
24.499 -10.001 1.146 105 106 101
24.525 -9.987 1.146 100 99 95
24.391 -10.117 1.145 149 141 128
24.501 -9.986 1.147 101 100 95
24.524 -9.978 1.147 98 97 92
24.409 -10.116 1.145 175 183 185
24.549 -9.951 1.147 94 91 84
24.430 -10.098 1.145 158 162 165
24.424 -10.097 1.145 114 116 113
24.515 -9.965 1.147 88 85 80
24.477 -10.050 1.146 119 117 120
24.461 -10.045 1.146 100 99 97
24.399 -10.163 1.141 181 187 185
24.374 -10.178 1.142 176 182 182
24.406 -10.129 1.145 171 181 183
24.406 -10.195 1.135 18 20 15
24.480 -10.074 1.142 131 132 134
24.423 -10.138 1.141 169 174 178
24.411 -10.198 1.134 19 20 15
24.408 -10.193 1.135 19 19 17
24.404 -10.138 1.144 170 180 182
24.465 -10.111 1.139 100 101 103
24.563 -9.972 1.145 95 94 90
24.396 -10.186 1.138 152 157 153
24.409 -10.135 1.143 168 176 179
24.438 -10.094 1.145 145 148 157
24.426 -10.165 1.137 24 28 29
24.389 -10.177 1.140 183 189 187
24.394 -10.225 1.133 20 20 20
24.553 -9.984 1.145 97 95 96
24.486 -10.056 1.144 121 122 127
24.454 -10.134 1.137 21 21 21
24.475 -10.058 1.145 121 122 126
24.388 -10.184 1.139 187 193 191
24.432 -10.153 1.138 92 96 97
24.498 -10.036 1.145 110 114 117
24.424 -10.161 1.138 137 141 140
24.511 -10.037 1.143 117 118 120
24.475 -10.091 1.140 133 134 136
24.386 -10.188 1.139 189 195 193
24.487 -10.070 1.142 125 126 128
24.458 -10.130 1.137 21 21 21
24.498 -10.054 1.142 122 124 121
24.449 -10.148 1.136 16 16 14
24.459 -10.129 1.137 21 21 21
24.532 -10.020 1.142 108 110 109
24.447 -10.111 1.141 152 157 160
24.453 -10.129 1.138 98 100 99
24.472 -10.089 1.141 141 142 144
24.524 -10.032 1.142 119 121 120
24.396 -10.218 1.133 15 16 18
24.459 -10.100 1.141 143 147 146
24.368 -10.199 1.140 177 185 188
24.388 -10.221 1.134 15 15 17
24.400 -10.145 1.143 171 181 183
24.443 -10.097 1.144 142 146 155
24.428 -10.158 1.137 94 98 99
24.411 -10.141 1.142 170 175 178
24.382 -10.164 1.143 181 186 189
24.447 -10.138 1.137 35 35 35
24.453 -10.111 1.140 149 153 152
24.404 -10.197 1.135 18 20 15
24.442 -10.135 1.139 123 125 122
24.437 -10.125 1.141 161 165 166
24.380 -10.220 1.135 67 67 69
24.379 -10.175 1.142 178 187 186
24.579 -9.954 1.145 87 85 73
24.387 -10.160 1.143 179 184 187
24.486 -10.068 1.142 128 129 131
24.538 -10.014 1.142 110 110 110
24.430 -10.159 1.137 42 46 47
24.496 -10.061 1.142 128 129 131
24.568 -9.971 1.144 101 100 95
24.437 -10.137 1.139 150 154 153
24.481 -10.078 1.141 133 134 136
24.436 -10.141 1.139 143 147 146
24.419 -10.129 1.143 168 173 177
24.578 -9.960 1.145 95 93 81
24.376 -10.207 1.138 165 170 174
24.563 -9.984 1.143 101 102 97
24.395 -10.142 1.144 178 189 193
24.444 -10.136 1.138 123 125 122
24.411 -10.182 1.137 49 50 52
24.507 -10.045 1.142 122 124 123
24.594 -9.930 1.147 96 89 70
24.440 -10.157 1.136 15 16 18
24.445 -10.088 1.145 140 142 154
24.418 -10.130 1.143 168 173 177
24.496 -10.058 1.142 128 130 127
24.518 -10.027 1.143 106 108 107
24.388 -10.168 1.142 179 188 187
24.469 -10.103 1.139 106 107 109
24.485 -10.079 1.141 124 125 127
24.435 -10.160 1.136 22 23 25
24.511 -10.040 1.143 120 121 123
24.368 -10.185 1.142 179 185 185
24.416 -10.185 1.135 17 17 19
24.554 -9.976 1.146 94 95 90
24.418 -10.123 1.144 159 167 170
24.486 -10.044 1.145 113 114 116
24.466 -10.077 1.144 124 129 135
24.506 -10.054 1.141 119 121 120
24.557 -9.976 1.145 94 95 90
24.430 -10.176 1.135 15 15 13
24.398 -10.143 1.144 173 184 188
24.463 -10.098 1.141 142 146 145
24.375 -10.161 1.144 190 194 195
24.383 -10.200 1.138 156 162 162
24.555 -9.990 1.143 105 103 104
24.405 -10.184 1.137 83 85 82
24.472 -10.102 1.139 112 113 115
24.368 -10.195 1.141 178 186 189
24.376 -10.202 1.138 181 186 190
24.386 -10.149 1.145 182 193 195
24.373 -10.200 1.139 185 190 194
24.471 -10.106 1.139 66 66 68
24.380 -10.175 1.142 178 187 186
24.495 -10.080 1.139 37 37 35
24.414 -10.177 1.137 56 56 58
24.460 -10.111 1.140 134 135 137
24.402 -10.149 1.142 172 180 182
24.437 -10.129 1.140 164 168 167
24.470 -10.080 1.143 131 136 142
24.404 -10.186 1.137 85 87 84
24.431 -10.132 1.141 163 170 176
24.427 -10.145 1.139 165 171 169
24.487 -10.066 1.142 127 128 130
24.391 -10.194 1.138 148 152 151
24.432 -10.134 1.140 164 171 177
24.409 -10.204 1.134 22 23 17
24.493 -10.078 1.140 68 70 69
24.543 -10.007 1.143 113 113 113
24.443 -10.127 1.140 160 165 161
24.419 -10.115 1.145 168 174 174
24.407 -10.131 1.144 171 181 183
24.527 -10.013 1.144 100 102 99
24.494 -10.072 1.140 98 99 101
24.382 -10.241 1.132 23 25 24
24.373 -10.167 1.144 181 187 187
24.564 -9.914 1.142 74 70 59
24.628 -9.918 0.911 152 142 130
24.607 -9.939 0.989 112 105 87
24.619 -9.931 0.900 140 128 114
24.629 -9.924 0.840 163 149 140
24.602 -9.963 0.840 124 123 118
24.605 -9.951 0.900 129 123 111
24.627 -9.923 0.874 159 147 135
24.618 -9.939 0.854 142 130 116
24.616 -9.938 0.885 137 125 113
24.623 -9.933 0.836 152 136 120
24.611 -9.928 1.036 107 98 81
24.625 -9.916 0.952 147 135 121
24.613 -9.938 0.911 132 119 103
24.618 -9.941 0.825 147 133 120
24.604 -9.951 0.921 120 117 102
24.595 -9.975 0.830 149 150 152
24.619 -9.926 0.948 141 128 112
24.611 -9.947 0.866 137 127 115
24.604 -9.949 0.934 121 115 103
24.608 -9.938 0.991 112 105 87
24.603 -9.964 0.824 133 128 124
24.611 -9.950 0.842 139 132 122
24.629 -9.917 0.895 152 142 132
24.609 -9.940 0.952 120 111 94
24.598 -9.967 0.865 138 138 136
24.616 -9.941 0.853 140 131 116
24.617 -9.925 0.981 130 121 106
24.614 -9.921 1.053 120 111 96
24.614 -9.942 0.877 137 125 113
24.627 -9.917 0.929 148 138 126
24.592 -9.978 0.844 140 148 151
24.620 -9.925 0.939 140 131 116
24.617 -9.939 0.861 140 128 114
24.607 -9.937 1.012 108 100 81
24.618 -9.923 0.988 133 124 107
24.623 -9.929 0.865 152 140 126
24.613 -9.942 0.885 135 125 113
24.618 -9.918 1.026 128 118 106
24.607 -9.938 0.998 114 103 85
24.597 -9.972 0.821 148 145 140
24.613 -9.926 1.026 113 104 89
24.606 -9.951 0.892 132 125 115
24.623 -9.918 0.956 146 134 122
24.608 -9.934 1.017 107 99 80
24.628 -9.919 0.899 154 144 132
24.605 -9.950 0.918 122 116 102
24.615 -9.920 1.054 126 116 104
24.628 -9.929 0.815 162 148 139
24.620 -9.938 0.822 147 133 122
24.605 -9.961 0.823 133 126 120
24.636 -9.920 0.780 173 157 123
24.612 -9.933 0.971 119 110 95
24.613 -9.932 0.974 118 109 94
24.631 -9.920 0.843 165 152 143
24.633 -9.924 0.782 175 149 114
24.615 -9.944 0.850 141 134 118
24.612 -9.929 1.002 116 104 88
24.619 -9.937 0.855 142 130 116
24.614 -9.948 0.820 151 137 128
24.607 -9.947 0.912 128 120 107
24.610 -9.951 0.851 136 130 118
24.624 -9.919 0.949 147 134 118
24.603 -9.955 0.893 124 120 111
24.613 -9.931 0.986 115 106 89
24.606 -9.941 0.980 113 106 90
24.619 -9.917 1.030 128 118 106
24.617 -9.922 1.005 132 120 108
24.599 -9.969 0.830 141 141 141
24.592 -9.979 0.839 144 152 155
24.621 -9.938 0.818 151 137 128
24.613 -9.948 0.833 144 134 122
24.614 -9.933 0.954 125 113 97
24.612 -9.925 1.049 112 103 88
24.617 -9.943 0.825 148 134 121
24.594 -9.976 0.846 144 149 152
24.612 -9.923 1.062 113 104 89
24.611 -9.938 0.951 121 112 95
24.623 -9.938 0.790 155 132 101
24.620 -9.930 0.902 140 128 114
24.620 -9.926 0.940 140 131 116
24.593 -9.977 0.849 147 153 153
24.592 -9.977 0.851 142 148 148
24.620 -9.941 0.797 154 137 111
24.615 -9.937 0.900 135 121 108
24.601 -9.954 0.931 115 111 99
24.631 -9.919 0.858 159 149 137
24.609 -9.946 0.892 133 125 114
24.613 -9.949 0.825 146 133 124
24.611 -9.926 1.044 110 101 84
24.607 -9.956 0.834 138 131 121
24.628 -9.918 0.910 152 142 130
24.596 -9.969 0.883 131 132 127
24.622 -9.922 0.947 146 133 117
24.616 -9.924 1.004 126 114 100
24.622 -9.931 0.871 147 133 120
24.603 -9.963 0.825 133 128 124
24.621 -9.930 0.885 143 131 119
24.612 -9.930 1.003 116 104 88
24.623 -9.936 0.804 153 140 123
24.605 -9.947 0.950 121 113 100
24.616 -9.946 0.809 151 138 122
24.605 -9.952 0.902 124 120 109
24.596 -9.967 0.898 127 128 122
24.613 -9.934 0.955 123 111 95
24.626 -9.930 0.817 158 144 135
24.627 -9.931 0.804 160 148 132
24.620 -9.924 0.949 141 128 112
24.602 -9.963 0.836 126 125 121
24.628 -9.918 0.897 154 144 132
24.615 -9.932 0.944 127 115 101
24.619 -9.919 1.004 135 123 111
24.625 -9.930 0.835 159 146 130
24.624 -9.922 0.922 147 138 121
24.604 -9.958 0.857 131 124 114
24.619 -9.942 0.812 151 137 124
24.628 -9.916 0.914 150 141 126
24.622 -9.916 0.998 136 126 114
24.604 -9.963 0.815 140 128 114
24.633 -9.920 0.823 164 154 144
24.614 -9.934 0.938 127 113 100
24.619 -9.940 0.823 149 135 124
24.618 -9.943 0.811 151 138 122
24.621 -9.926 0.920 144 135 118
24.620 -9.921 0.978 137 125 111
24.621 -9.939 0.815 149 135 124
24.602 -9.965 0.824 133 128 124
24.631 -9.916 0.888 155 145 135
24.606 -9.938 1.005 113 105 86
24.615 -9.938 0.898 136 122 109
24.603 -9.963 0.833 129 128 124
24.618 -9.935 0.871 142 128 115
24.603 -9.963 0.831 130 129 125
24.616 -9.947 0.805 154 139 118
24.625 -9.928 0.859 156 144 130
24.610 -9.952 0.833 144 136 125
24.600 -9.961 0.883 120 119 114
24.455 -10.150 0.934 29 28 26
24.546 -10.022 0.986 20 20 18
24.591 -9.947 1.105 88 83 64
24.540 -10.049 0.836 152 154 151
24.543 -10.036 0.908 22 24 23
24.489 -10.097 0.980 25 24 22
24.562 -10.008 0.927 21 19 20
24.456 -10.154 0.893 30 29 27
24.449 -10.168 0.858 139 148 155
24.476 -10.121 0.929 28 27 22
24.504 -10.093 0.861 143 150 158
24.565 -10.010 0.883 19 21 18
24.535 -10.033 1.015 17 17 17
24.460 -10.144 0.922 29 28 24
24.528 -10.062 0.862 152 157 161
24.580 -9.969 1.039 69 68 64
24.534 -10.044 0.941 22 22 20
24.598 -9.949 1.014 99 96 81
24.589 -9.980 0.867 136 139 146
24.575 -9.999 0.862 146 153 159
24.523 -10.059 0.937 22 22 22
24.467 -10.134 0.930 29 28 24
24.515 -10.079 0.860 142 149 155
24.578 -9.988 0.918 14 16 15
24.539 -10.049 0.849 148 154 152
24.502 -10.099 0.840 143 146 153
24.475 -10.125 0.917 28 27 23
24.551 -10.022 0.935 21 21 21
24.501 -10.099 0.855 144 151 157
24.536 -10.040 0.944 22 22 20
24.561 -10.014 0.893 19 21 20
24.584 -9.982 0.901 15 19 18
24.479 -10.118 0.925 28 27 23
24.591 -9.976 0.881 99 100 104
24.410 -10.221 0.853 145 148 157
24.412 -10.218 0.856 146 149 158
24.583 -9.989 0.856 137 144 150
24.602 -9.946 0.988 110 104 90
24.598 -9.951 0.997 103 99 87
24.448 -10.164 0.894 29 28 26
24.484 -10.115 0.898 28 27 23
24.580 -9.995 0.844 143 144 148
24.525 -10.060 0.906 23 23 21
24.487 -10.114 0.879 30 30 28
24.508 -10.091 0.839 149 150 155
24.530 -10.044 0.972 21 21 19
24.541 -10.023 1.024 16 16 16
24.589 -9.979 0.871 33 36 41
24.420 -10.207 0.857 148 152 161
24.588 -9.959 1.047 98 95 88
24.450 -10.166 0.870 33 38 42
24.462 -10.148 0.875 31 32 34
24.591 -9.956 1.030 91 92 78
24.429 -10.189 0.896 27 26 24
24.431 -10.194 0.842 137 146 153
24.577 -9.974 1.034 14 15 17
24.525 -10.048 0.998 20 20 20
24.570 -9.983 1.033 13 14 16
24.553 -10.003 1.058 14 14 14
24.479 -10.115 0.953 26 25 21
24.588 -9.983 0.860 140 145 151
24.476 -10.125 0.900 29 28 24
24.478 -10.128 0.858 139 148 155
24.510 -10.070 0.980 22 22 20
24.526 -10.048 0.983 20 20 18
24.457 -10.147 0.930 29 28 26
24.575 -9.971 1.077 10 9 5
24.549 -10.026 0.914 21 23 22
24.546 -10.040 0.842 156 155 150
24.536 -10.042 0.937 21 21 21
24.546 -10.040 0.845 151 157 155
24.585 -9.969 0.996 113 112 108
24.563 -9.999 0.994 17 17 17
24.542 -10.035 0.924 20 22 21
24.597 -9.955 0.973 109 103 87
24.586 -9.974 0.948 28 28 28
24.539 -10.025 1.032 16 16 16
24.555 -10.019 0.914 21 23 22
24.500 -10.083 0.980 23 23 21
24.579 -9.968 1.065 54 53 49
24.556 -10.017 0.925 21 21 21
24.561 -10.015 0.881 20 22 19
24.519 -10.067 0.920 23 23 21
24.592 -9.956 1.020 101 99 86
24.536 -10.034 0.988 19 19 19
24.447 -10.163 0.915 29 28 24
24.578 -9.977 1.000 21 19 20
24.567 -9.992 1.000 19 18 16
24.574 -9.999 0.880 20 21 23
24.516 -10.072 0.900 23 23 21
24.593 -9.947 1.080 91 85 69
24.415 -10.212 0.876 21 22 24
24.574 -9.999 0.874 16 20 19
24.583 -9.977 0.952 17 17 17
24.560 -10.002 0.996 17 17 17
24.582 -9.983 0.913 14 16 15
24.584 -9.969 1.003 111 110 108
24.523 -10.069 0.857 143 148 151
24.512 -10.075 0.919 23 23 21
24.516 -10.063 0.975 23 23 21
24.585 -9.975 0.943 30 30 30
24.529 -10.047 0.963 21 21 19
24.571 -10.006 0.849 141 150 149
24.439 -10.181 0.860 141 150 159
24.591 -9.948 1.096 85 82 65
24.505 -10.081 0.941 23 23 21
24.483 -10.110 0.946 27 26 24
24.491 -10.109 0.874 27 29 28
24.606 -9.925 1.108 96 88 69
24.536 -10.053 0.848 148 154 152
24.468 -10.130 0.944 29 28 24
24.537 -10.028 1.025 17 17 17
24.547 -10.035 0.874 19 24 27
24.614 -9.916 1.095 114 106 93
24.536 -10.047 0.895 23 23 21
24.545 -10.031 0.917 21 23 22
24.498 -10.096 0.909 24 24 22
24.479 -10.121 0.905 29 28 24
24.575 -9.998 0.868 70 75 79
24.431 -10.194 0.841 137 146 153
24.544 -10.031 0.938 22 22 22
24.569 -9.997 0.944 21 21 19
24.423 -10.200 0.879 27 27 29
24.491 -10.107 0.890 29 28 26
24.497 -10.106 0.841 140 143 152
24.550 -10.023 0.936 22 22 22
24.566 -9.986 1.057 11 13 12
24.552 -10.006 1.041 15 15 15
24.503 -10.080 0.969 24 24 22
24.477 -10.127 0.877 31 33 32
24.528 -10.046 0.981 20 20 18
24.601 -9.938 1.060 97 90 71
24.592 -9.954 1.036 88 89 75
24.518 -10.067 0.924 24 24 24
24.487 -10.119 0.839 121 125 134
24.514 -10.080 0.860 142 149 155
24.486 -10.104 0.973 26 25 23
24.583 -9.968 1.015 98 94 93
24.540 -10.028 1.001 18 18 18
24.420 -10.203 0.884 26 24 25
24.595 -9.951 1.029 96 94 81
24.520 -10.060 0.955 22 22 20
24.466 -10.140 0.894 30 29 25
24.569 -10.005 0.878 19 21 18
24.550 -10.032 0.867 113 117 126
24.483 -10.117 0.895 29 28 23
24.491 -10.103 0.924 26 25 23
24.522 -10.050 1.009 20 20 20
24.463 -10.148 0.863 148 157 164
24.534 -10.044 0.934 22 22 22
24.514 -10.067 0.961 22 22 20
24.558 -10.001 1.018 16 16 16
24.495 -10.103 0.881 31 30 26
24.599 -9.950 0.984 109 103 89
24.533 -10.038 0.992 20 20 20
24.469 -10.136 0.896 29 28 24
24.550 -10.030 0.879 20 24 23
24.584 -9.960 1.073 105 102 95
24.545 -10.037 0.880 18 23 19
24.579 -9.977 0.996 25 24 22
24.552 -10.024 0.910 20 22 21
24.498 -10.086 0.978 25 25 23
24.518 -10.076 0.854 145 151 151
24.532 -10.041 0.981 20 20 18
24.507 -10.087 0.888 29 25 22
24.522 -10.059 0.939 23 23 21
24.476 -10.128 0.889 31 30 25
24.472 -10.138 0.846 141 148 154
24.513 -10.079 0.878 23 24 28
24.588 -9.952 1.092 81 79 64
24.470 -10.128 0.944 29 28 24
24.484 -10.111 0.936 25 24 22
24.457 -10.146 0.935 29 28 26
24.592 -9.946 1.097 88 83 64
24.449 -10.162 0.907 29 28 24
24.529 -10.040 1.015 18 18 18
24.590 -9.975 0.899 71 73 70
24.546 -10.037 0.863 158 162 173
24.529 -10.040 1.013 18 18 18
24.588 -9.982 0.863 151 156 162
24.528 -10.050 0.954 22 22 20
24.572 -9.984 1.010 17 15 16
24.558 -10.012 0.940 22 20 21
24.571 -10.006 0.844 141 145 148
24.579 -9.987 0.918 22 24 23
24.495 -10.106 0.849 140 145 149
24.609 -9.920 1.115 103 94 77
24.482 -10.119 0.886 30 29 24
24.511 -10.075 0.933 24 24 24
24.592 -9.967 0.944 134 130 129
24.567 -10.004 0.906 21 21 21
24.506 -10.086 0.895 25 25 23
24.562 -10.002 0.968 19 19 17
24.569 -9.980 1.067 12 12 12
24.499 -10.102 0.849 142 147 151
24.490 -10.101 0.947 25 24 22
24.611 -9.918 1.120 105 96 79
24.458 -10.146 0.923 29 28 24
24.505 -10.096 0.836 145 148 155
24.552 -10.033 0.842 155 155 153
24.567 -9.998 0.958 20 20 18
24.507 -10.076 0.970 23 23 21
24.549 -10.032 0.875 18 22 23
24.531 -10.060 0.850 145 151 151
24.509 -10.087 0.861 144 151 159
24.529 -10.051 0.939 23 23 21
24.503 -10.085 0.933 23 23 21
24.601 -9.945 1.011 106 99 81
24.545 -10.034 0.908 22 24 23
24.584 -9.988 0.853 137 144 150
24.542 -10.022 1.029 16 16 16
24.539 -10.024 1.039 16 16 16
24.509 -10.082 0.898 24 24 22
24.544 -10.034 0.913 21 23 22
24.532 -10.047 0.937 22 22 22
24.536 -10.049 0.884 20 22 21
24.597 -9.943 1.067 94 89 70
24.537 -10.042 0.921 22 22 20
24.605 -9.929 1.089 97 89 70
24.528 -10.062 0.863 154 159 163
24.580 -9.973 1.011 24 20 21
24.421 -10.203 0.879 24 25 27
24.584 -9.968 1.010 130 126 123
24.497 -10.101 0.879 30 30 28
24.548 -10.014 1.026 16 16 16
24.519 -10.077 0.836 145 148 153
24.532 -10.041 0.979 20 20 18
24.580 -9.983 0.937 19 19 19
24.507 -10.074 0.982 24 24 22
24.591 -9.958 1.020 101 99 86
24.555 -10.017 0.925 21 21 21
24.481 -10.113 0.940 28 27 23
24.463 -10.138 0.934 29 28 24
24.449 -10.160 0.927 30 26 23
24.518 -10.058 0.999 21 21 19
24.584 -9.982 0.904 16 18 17
24.453 -10.165 0.840 142 147 153
24.597 -9.962 0.926 115 111 108
24.599 -9.944 1.034 102 97 78
24.576 -9.985 0.963 19 19 19
24.484 -10.116 0.892 29 28 23
24.409 -10.223 0.841 136 143 151
24.482 -10.112 0.942 27 26 24
24.613 -9.918 1.085 115 105 93
24.549 -10.036 0.846 153 158 152
24.427 -10.199 0.841 133 142 149
24.470 -10.132 0.914 29 28 24
24.501 -10.081 0.995 23 23 21
24.567 -10.011 0.850 141 147 147
24.521 -10.070 0.872 26 31 34
24.518 -10.074 0.873 17 21 24
24.483 -10.113 0.923 26 25 23
24.471 -10.140 0.842 142 147 153
24.533 -10.045 0.937 22 22 22
24.569 -9.986 1.024 15 15 15
24.484 -10.118 0.874 29 33 32
24.526 -10.066 0.849 145 151 151
24.581 -9.994 0.842 142 143 148
24.501 -10.097 0.860 143 150 158
24.395 -10.241 0.848 146 150 161
24.504 -10.081 0.957 23 23 21
24.443 -10.171 0.901 29 28 26
24.521 -10.055 0.985 22 22 20
24.540 -10.031 0.975 20 20 18
24.455 -10.162 0.848 141 148 156
24.486 -10.110 0.919 26 25 23
24.567 -9.985 1.051 12 14 13
24.575 -9.983 0.988 17 17 15
24.429 -10.194 0.870 61 71 73
24.600 -9.938 1.074 96 89 70
24.515 -10.063 0.992 22 22 20
24.428 -10.195 0.866 139 149 151
24.580 -9.982 0.948 16 18 17
24.591 -9.962 0.979 114 113 108
24.555 -10.005 1.025 15 15 15
24.453 -10.162 0.869 27 32 35
24.442 -10.170 0.912 29 28 24
24.481 -10.117 0.915 27 26 24
24.594 -9.963 0.946 123 118 115
24.510 -10.070 0.984 22 22 20
24.528 -10.055 0.908 23 23 21
24.489 -10.115 0.848 144 149 153
24.607 -9.932 1.045 103 95 76
24.592 -9.974 0.890 140 142 141
24.475 -10.120 0.959 27 26 22
24.574 -9.974 1.064 21 19 20
24.552 -10.007 1.043 14 14 14
24.535 -10.040 0.952 22 22 20
24.555 -10.008 1.000 16 16 16
24.505 -10.093 0.855 143 150 156
24.559 -10.006 0.974 18 18 16
24.539 -10.030 0.994 20 20 20
24.602 -9.930 1.118 94 83 63
24.588 -9.954 1.082 87 81 69
24.543 -10.038 0.896 22 22 20
24.558 -9.997 1.050 13 13 13
24.584 -9.969 1.002 104 103 99
24.531 -10.043 0.980 20 20 18
24.471 -10.140 0.840 142 147 153
24.441 -10.172 0.917 28 27 23
24.500 -10.089 0.940 23 23 21
24.508 -10.074 0.971 23 23 21
24.476 -10.122 0.924 28 27 23
24.522 -10.054 0.986 20 20 18
24.590 -9.973 0.910 119 119 117
24.588 -9.953 1.084 86 80 68
24.564 -10.008 0.906 20 20 20
24.554 -10.005 1.040 14 14 14
24.435 -10.181 0.899 28 27 25
24.538 -10.040 0.929 23 23 23
24.507 -10.090 0.855 141 149 152
24.548 -10.024 0.948 21 21 19
24.582 -9.982 0.921 19 21 20
24.516 -10.075 0.887 27 27 25
24.598 -9.941 1.077 93 88 68
24.512 -10.070 0.966 23 23 21
24.580 -9.967 1.059 49 48 44
24.492 -10.096 0.960 26 25 23
24.441 -10.181 0.841 141 145 154
24.548 -10.034 0.863 156 160 171
24.528 -10.046 0.983 20 20 18
24.560 -10.012 0.921 21 21 21
24.583 -9.971 1.000 50 49 47
24.495 -10.095 0.941 25 25 23
24.521 -10.062 0.931 23 23 23
24.438 -10.183 0.856 139 148 157
24.450 -10.164 0.879 26 28 25
24.538 -10.045 0.888 23 23 21
24.464 -10.144 0.888 30 29 27
24.389 -10.249 0.853 148 151 156
24.561 -10.001 0.987 19 19 17
24.497 -10.103 0.860 144 151 159
24.471 -10.128 0.932 28 27 22
24.557 -10.020 0.893 19 21 20
24.569 -10.004 0.884 19 19 19
24.483 -10.110 0.944 27 26 24
24.500 -10.088 0.952 23 23 21
24.425 -10.197 0.884 28 26 27
24.549 -10.012 1.028 15 15 15
24.446 -10.173 0.856 139 148 157
24.555 -10.007 1.008 16 16 16
24.474 -10.131 0.882 28 27 23
24.567 -9.983 1.065 13 13 13
24.521 -10.064 0.922 23 23 23
24.514 -10.076 0.890 27 23 20
24.514 -10.080 0.862 145 152 158
24.606 -9.934 1.036 105 97 78
24.598 -9.949 1.010 99 96 81
24.486 -10.106 0.953 27 26 24
24.543 -10.033 0.931 22 22 22
24.494 -10.105 0.878 29 29 27
24.476 -10.131 0.856 140 149 156
24.603 -9.937 1.044 101 94 75
24.587 -9.979 0.891 22 23 25
24.450 -10.159 0.925 30 26 23
24.584 -9.986 0.872 19 24 30
24.534 -10.037 0.986 19 19 17
24.549 -10.032 0.879 20 24 23
24.508 -10.078 0.932 23 23 21
24.559 -10.002 1.003 16 16 16
24.560 -10.013 0.904 19 21 20
24.558 -9.998 1.045 13 13 13
24.504 -10.076 0.994 23 23 21
24.572 -9.980 1.036 14 15 17
24.566 -9.993 1.001 18 17 15
24.574 -10.001 0.862 149 156 162
24.486 -10.103 0.971 26 25 23
24.540 -10.047 0.848 147 153 151
24.566 -9.988 1.043 13 15 14
24.552 -10.008 1.038 15 15 15
24.573 -9.980 1.033 14 15 17
24.537 -10.046 0.896 22 22 20
24.408 -10.220 0.878 28 28 30
24.464 -10.151 0.840 144 149 155
24.548 -10.009 1.055 14 14 14
24.462 -10.140 0.932 29 28 26
24.426 -10.194 0.891 27 26 24
24.462 -10.153 0.840 144 149 155
24.445 -10.176 0.842 141 145 154
24.580 -9.973 1.019 20 16 17
24.500 -10.096 0.884 22 21 17
24.483 -10.117 0.900 28 27 23
24.592 -9.970 0.917 142 142 140
24.559 -10.021 0.858 151 156 162
24.447 -10.164 0.907 29 28 24
24.576 -10.000 0.842 142 145 150
24.566 -9.989 1.037 11 15 14
24.546 -10.041 0.840 155 156 151
24.423 -10.201 0.871 20 28 30
24.565 -10.004 0.924 21 19 20
24.605 -9.937 1.026 104 97 78
24.580 -9.978 0.979 17 19 16
24.530 -10.049 0.933 22 22 22
24.584 -9.985 0.880 15 18 23
24.445 -10.175 0.852 143 150 160
24.493 -10.102 0.903 26 25 23
24.519 -10.077 0.842 149 150 155
24.434 -10.182 0.909 28 27 23
24.427 -10.196 0.865 147 157 159
24.539 -10.040 0.918 22 22 20
24.511 -10.077 0.917 23 23 21
24.505 -10.086 0.912 24 24 22
24.513 -10.071 0.945 23 23 21
24.564 -10.001 0.961 19 19 17
24.587 -9.980 0.888 32 33 37
24.557 -10.027 0.838 150 154 153
24.593 -9.950 1.065 94 88 74
24.603 -9.928 1.114 93 85 66
24.573 -10.005 0.837 143 148 152
24.572 -9.989 0.967 19 19 17
24.540 -10.034 0.945 22 22 20
24.546 -10.018 1.011 16 16 16
24.514 -10.070 0.946 23 23 21
24.596 -9.943 1.083 90 85 66
24.448 -10.171 0.852 144 151 159
24.496 -10.100 0.897 27 26 24
24.582 -9.989 0.862 140 147 153
24.538 -10.041 0.924 23 23 23
24.571 -9.982 1.038 15 15 15
24.437 -10.186 0.843 141 145 154
24.497 -10.105 0.843 140 145 148
24.530 -10.053 0.906 23 23 21
24.568 -9.989 1.010 17 16 14
24.484 -10.118 0.879 25 27 24
24.415 -10.215 0.850 143 146 155
24.497 -10.100 0.882 31 30 26
24.449 -10.160 0.921 31 27 24
24.496 -10.104 0.861 144 151 159
24.573 -9.987 0.968 22 22 20
24.556 -10.009 0.984 18 18 16
24.551 -10.012 1.012 17 17 17
24.523 -10.069 0.857 143 148 151
24.530 -10.059 0.868 72 77 81
24.470 -10.126 0.954 27 26 22
24.459 -10.146 0.918 30 29 24
24.509 -10.077 0.934 23 23 21
24.588 -9.959 1.038 100 99 95
24.604 -9.938 1.026 104 97 78
24.552 -10.022 0.926 21 21 21
24.428 -10.193 0.884 26 26 26
24.526 -10.057 0.922 23 23 23
24.466 -10.146 0.847 140 147 155
24.589 -9.979 0.877 29 32 37
24.476 -10.133 0.838 147 150 159
24.545 -10.016 1.038 17 17 17
24.581 -9.969 1.035 63 63 63
24.540 -10.030 0.977 20 20 18
24.607 -9.933 1.036 105 97 78
24.541 -10.031 0.967 21 21 19
24.547 -10.036 0.865 121 125 134
24.524 -10.054 0.961 22 22 20
24.562 -10.018 0.849 144 150 148
24.594 -9.962 0.952 120 115 112
24.457 -10.151 0.911 30 29 24
24.597 -9.963 0.920 116 115 111
24.484 -10.118 0.879 25 27 24
24.571 -9.987 0.995 19 18 16
24.575 -9.976 1.045 14 12 13
24.445 -10.173 0.859 139 148 157
24.557 -10.000 1.042 14 14 14
24.504 -10.080 0.963 24 24 22
24.562 -9.996 1.021 15 15 13
24.491 -10.105 0.904 26 25 23
24.501 -10.090 0.920 24 24 22
24.556 -9.999 1.061 13 13 13
24.544 -10.033 0.922 20 22 21
24.441 -10.175 0.885 26 26 24
24.516 -10.061 0.992 21 21 19
24.586 -9.955 1.091 89 87 72
24.450 -10.159 0.916 29 28 24
24.585 -9.966 1.011 130 126 123
24.614 -9.917 1.088 116 108 97
24.572 -9.983 1.014 17 15 16
24.443 -10.171 0.904 28 27 23
24.567 -9.995 0.984 18 17 13
24.586 -9.983 0.870 52 57 63
24.538 -10.049 0.856 148 153 156
24.561 -10.001 0.993 17 17 17
24.589 -9.981 0.865 127 132 138
24.454 -10.161 0.863 156 165 170
24.570 -10.008 0.849 140 149 148
24.554 -10.030 0.844 153 153 151
24.534 -10.054 0.864 162 167 171
24.562 -10.011 0.901 19 21 20
24.427 -10.196 0.870 26 34 36
24.552 -10.009 1.027 16 16 16
24.445 -10.175 0.846 142 146 155
24.432 -10.191 0.862 155 164 173
24.574 -9.997 0.892 27 23 24
24.573 -9.989 0.960 17 17 15
24.574 -9.997 0.893 27 23 24
24.439 -10.175 0.902 29 28 24
24.461 -10.154 0.843 143 148 154
24.614 -9.916 1.092 115 107 94
24.523 -10.069 0.856 143 148 151
24.458 -10.157 0.848 142 149 157
24.581 -9.965 1.057 107 106 101
24.553 -10.012 0.988 17 17 15
24.496 -10.091 0.961 24 24 22
24.449 -10.164 0.890 28 28 26
24.555 -10.018 0.924 21 21 21
24.510 -10.079 0.910 24 24 22
24.495 -10.099 0.911 26 25 23
24.404 -10.230 0.843 143 147 156
24.553 -10.004 1.042 14 14 14
24.586 -9.956 1.083 89 85 73
24.570 -10.008 0.842 144 148 151
24.560 -9.996 1.041 14 16 15
24.549 -10.015 1.006 17 17 17
24.460 -10.143 0.929 29 28 24
24.471 -10.133 0.891 30 29 25
24.495 -10.107 0.842 138 143 146
24.446 -10.174 0.845 142 146 155
24.614 -9.916 1.103 112 104 91
24.544 -10.031 0.935 22 22 22
24.583 -9.988 0.863 140 147 153
24.436 -10.181 0.893 28 27 25
24.592 -9.970 0.913 142 142 140
24.582 -9.990 0.862 140 147 153
24.554 -10.015 0.955 20 20 18
24.591 -9.955 1.041 94 88 76
24.564 -9.999 0.983 18 18 16
24.574 -9.977 1.043 15 13 14
24.539 -10.035 0.956 21 21 19
24.575 -9.972 1.072 20 19 17
24.457 -10.157 0.866 157 166 171
24.518 -10.070 0.893 24 24 22
24.443 -10.169 0.915 28 27 23
24.588 -9.959 1.039 97 94 87
24.595 -9.962 0.948 120 115 112
24.601 -9.942 1.037 98 93 74
24.575 -9.983 0.980 20 20 18
24.586 -9.969 0.985 125 126 121
24.544 -10.022 0.998 17 17 17
24.608 -9.919 1.129 103 95 76
24.546 -10.035 0.879 16 20 19
24.574 -9.980 1.020 16 14 17
24.578 -9.978 1.003 19 17 18
24.572 -9.997 0.915 20 20 18
24.510 -10.077 0.929 23 23 21
24.434 -10.185 0.881 29 29 29
24.480 -10.128 0.841 141 146 150
24.439 -10.175 0.900 29 28 26
24.552 -10.021 0.931 21 21 21
24.406 -10.224 0.861 150 155 161
24.465 -10.137 0.923 29 28 24
24.492 -10.104 0.904 26 25 23
24.537 -10.051 0.849 148 154 152
24.595 -9.979 0.799 119 95 61
24.626 -9.935 0.780 169 141 104
24.569 -10.018 0.781 163 134 90
24.591 -9.983 0.820 146 145 140
24.583 -9.995 0.815 73 62 44
24.601 -9.969 0.798 136 108 71
24.536 -10.066 0.782 96 96 88
24.576 -10.008 0.782 162 133 93
24.610 -9.957 0.786 161 132 92
24.564 -10.025 0.780 164 135 93
24.569 -10.016 0.796 114 86 46
24.552 -10.040 0.802 101 81 44
24.578 -10.001 0.825 153 155 152
24.563 -10.025 0.801 98 75 44
24.586 -9.992 0.793 120 91 51
24.550 -10.043 0.808 81 62 30
24.587 -9.991 0.785 155 123 84
24.591 -9.986 0.793 123 93 55
24.614 -9.953 0.780 171 138 95
24.560 -10.028 0.808 84 63 36
24.557 -10.036 0.781 165 133 94
24.611 -9.954 0.802 152 136 111
24.607 -9.960 0.803 146 129 101
24.601 -9.969 0.802 124 103 72
24.602 -9.968 0.793 147 117 81
24.538 -10.062 0.794 88 81 71
24.572 -10.013 0.796 115 85 47
24.559 -10.030 0.810 79 62 36
24.551 -10.044 0.784 146 117 83
24.623 -9.939 0.783 158 132 97
24.604 -9.965 0.784 167 134 93
24.596 -9.977 0.812 119 104 85
24.579 -10.003 0.786 144 114 76
24.564 -10.025 0.783 158 129 87
24.578 -10.005 0.783 154 125 85
24.571 -10.012 0.808 89 65 39
24.594 -9.978 0.816 113 104 89
24.603 -9.965 0.810 133 117 94
24.548 -10.046 0.805 84 65 35
24.591 -9.983 0.817 117 111 99
24.609 -9.958 0.790 154 126 87
24.589 -9.987 0.801 107 79 42
24.543 -10.056 0.784 112 99 82
24.555 -10.036 0.809 80 63 37
24.582 -9.996 0.821 120 117 108
24.569 -10.016 0.808 87 66 39
24.593 -9.982 0.797 124 96 57
24.584 -9.996 0.782 164 130 92
24.568 -10.018 0.789 134 106 66
24.593 -9.982 0.803 112 88 54
24.557 -10.035 0.790 137 109 70
24.565 -10.022 0.801 97 74 43
24.573 -10.010 0.798 103 78 48
24.532 -10.071 0.781 97 100 93
24.546 -10.050 0.801 90 73 45
24.560 -10.029 0.810 79 62 36
24.533 -10.070 0.783 97 100 93
24.537 -10.064 0.791 91 87 78
24.571 -10.011 0.816 71 59 43
24.496 -10.100 0.819 123 125 124
24.435 -10.184 0.827 143 148 152
24.464 -10.149 0.831 142 146 155
24.451 -10.149 0.794 66 61 42
24.537 -10.050 0.826 150 154 155
24.480 -10.120 0.817 123 121 122
24.510 -10.081 0.818 115 119 118
24.448 -10.165 0.821 155 156 158
24.450 -10.147 0.792 88 83 63
24.406 -10.227 0.839 144 151 159
24.455 -10.147 0.804 136 127 112
24.509 -10.087 0.829 139 147 149
24.457 -10.139 0.795 157 150 131
24.453 -10.152 0.806 70 66 55
24.432 -10.181 0.811 78 75 66
24.451 -10.152 0.800 61 58 43
24.430 -10.186 0.816 109 110 105
24.426 -10.200 0.836 133 142 151
24.502 -10.090 0.814 110 106 103
24.471 -10.133 0.819 136 137 141
24.443 -10.164 0.805 86 82 71
24.431 -10.181 0.808 45 43 31
24.399 -10.233 0.831 134 143 148
24.411 -10.215 0.826 145 145 145
24.453 -10.155 0.815 80 79 77
24.440 -10.180 0.832 140 147 153
24.448 -10.164 0.819 125 125 125
24.467 -10.145 0.836 142 145 154
24.531 -10.056 0.823 158 159 161
24.484 -10.119 0.826 143 147 156
24.549 -10.034 0.826 151 152 146
24.528 -10.065 0.833 145 150 154
24.427 -10.195 0.826 150 153 158
24.450 -10.166 0.831 139 146 154
24.494 -10.107 0.828 141 149 152
24.537 -10.048 0.823 151 153 150
24.395 -10.239 0.834 142 153 159
24.515 -10.082 0.834 145 148 153
24.471 -10.127 0.806 136 124 110
24.432 -10.178 0.804 45 41 30
24.452 -10.164 0.832 138 145 153
24.498 -10.103 0.833 144 149 155
24.458 -10.151 0.820 134 134 134
24.422 -10.197 0.817 99 99 91
24.480 -10.115 0.806 131 117 104
24.499 -10.091 0.807 118 109 100
24.441 -10.174 0.820 110 111 106
24.451 -10.162 0.823 155 156 158
24.441 -10.166 0.802 99 95 83
24.410 -10.222 0.836 139 146 154
24.383 -10.257 0.838 162 163 155
24.532 -10.055 0.825 153 154 156
24.521 -10.072 0.828 144 149 155
24.522 -10.067 0.821 127 129 128
24.417 -10.202 0.815 90 83 65
24.433 -10.181 0.813 78 75 66
24.441 -10.176 0.826 150 154 157
24.495 -10.108 0.835 135 138 147
24.489 -10.110 0.821 139 143 144
24.434 -10.177 0.808 68 66 54
24.451 -10.167 0.833 137 144 152
24.409 -10.223 0.836 142 149 157
24.441 -10.174 0.822 148 150 149
24.459 -10.140 0.800 149 140 123
24.431 -10.187 0.821 142 144 141
24.447 -10.168 0.827 141 146 150
24.461 -10.141 0.810 123 116 108
24.446 -10.157 0.798 110 104 88
24.410 -10.216 0.826 146 144 147
24.541 -10.045 0.827 149 153 152
24.457 -10.142 0.800 149 140 123
24.491 -10.101 0.808 121 111 101
24.388 -10.250 0.836 150 160 161
24.526 -10.068 0.834 147 152 156
24.491 -10.112 0.833 144 148 157
24.424 -10.198 0.826 146 151 154
24.469 -10.141 0.833 144 148 157
24.513 -10.080 0.824 142 150 152
24.463 -10.151 0.833 143 146 155
24.460 -10.147 0.818 135 136 140
24.462 -10.148 0.827 142 146 155
24.471 -10.124 0.800 150 139 121
24.493 -10.114 0.786 159 140 108
24.506 -10.106 0.783 174 155 122
24.525 -10.077 0.795 77 79 68
24.481 -10.119 0.793 157 146 128
24.522 -10.064 0.812 48 44 35
24.561 -10.021 0.821 166 163 156
24.508 -10.081 0.808 47 44 37
24.499 -10.112 0.784 172 152 115
24.544 -10.039 0.818 100 94 80
24.531 -10.066 0.802 63 59 48
24.569 -10.013 0.821 97 89 78
24.542 -10.056 0.802 75 60 41
24.515 -10.081 0.801 88 85 76
24.506 -10.095 0.795 114 108 94
24.510 -10.094 0.791 128 108 81
24.486 -10.109 0.799 144 131 115
24.499 -10.093 0.804 126 118 107
24.507 -10.089 0.800 89 83 71
24.509 -10.097 0.789 133 116 90
24.513 -10.089 0.794 119 117 104
24.478 -10.118 0.797 157 144 127
24.483 -10.113 0.798 153 140 123
24.542 -10.041 0.817 114 108 96
24.521 -10.080 0.796 75 75 63
24.504 -10.101 0.790 146 130 104
24.531 -10.070 0.797 76 76 64
24.534 -10.062 0.802 64 56 43
24.543 -10.048 0.809 77 61 36
24.497 -10.112 0.784 161 145 112
24.517 -10.091 0.788 146 126 99
24.497 -10.112 0.784 161 145 112
24.516 -10.071 0.810 57 54 45
24.377 -10.254 1.095 170 174 177
24.503 -10.074 1.078 18 18 18
24.474 -10.116 1.062 21 21 21
24.493 -10.086 1.101 17 17 17
24.478 -10.113 0.987 27 26 24
24.476 -10.109 1.121 17 17 17
24.385 -10.244 1.078 58 61 66
24.427 -10.181 1.129 19 19 17
24.540 -10.020 1.096 12 12 12
24.395 -10.235 0.969 23 25 22
24.411 -10.212 0.954 24 23 21
24.390 -10.241 0.974 24 22 25
24.388 -10.243 1.004 21 27 27
24.393 -10.236 1.004 20 22 21
24.534 -10.027 1.133 14 15 10
24.413 -10.203 1.084 19 19 19
24.423 -10.192 1.015 20 20 20
24.478 -10.109 1.098 17 17 17
24.407 -10.211 1.097 19 19 19
24.491 -10.093 1.025 22 22 20
24.437 -10.176 0.936 28 27 23
24.561 -9.990 1.086 12 12 12
24.379 -10.259 0.931 161 160 155
24.495 -10.085 1.073 19 19 19
24.411 -10.213 0.943 24 23 21
24.471 -10.119 1.097 17 17 17
24.387 -10.249 0.909 114 116 115
24.476 -10.113 1.058 22 22 20
24.502 -10.074 1.080 19 19 19
24.411 -10.204 1.109 20 20 20
24.470 -10.119 1.112 17 17 17
24.397 -10.226 1.095 20 20 20
24.567 -9.979 1.120 11 11 13
24.564 -9.986 1.085 11 13 12
24.469 -10.122 1.077 19 19 19
24.468 -10.120 1.136 16 16 16
24.571 -9.975 1.106 11 11 13
24.598 -9.934 1.129 92 81 61
24.456 -10.143 1.011 23 23 21
24.418 -10.194 1.109 20 20 20
24.439 -10.165 1.094 19 19 19
24.401 -10.224 1.020 19 19 19
24.478 -10.113 0.986 27 26 24
24.454 -10.144 1.074 20 20 20
24.417 -10.200 1.036 19 19 19
24.437 -10.175 0.953 26 25 21
24.533 -10.028 1.140 50 50 48
24.455 -10.141 1.119 18 18 18
24.421 -10.192 1.076 19 19 19
24.417 -10.199 1.046 19 19 19
24.451 -10.154 0.974 25 24 22
24.477 -10.109 1.108 17 17 17
24.388 -10.243 0.998 27 31 32
24.453 -10.148 1.008 23 23 21
24.424 -10.185 1.113 20 20 20
24.480 -10.105 1.101 16 16 16
24.524 -10.042 1.090 14 14 14
24.509 -10.067 1.044 20 20 20
24.435 -10.174 1.023 21 21 21
24.423 -10.194 0.962 24 23 21
24.424 -10.196 0.899 27 25 26
24.387 -10.250 0.883 157 161 160
24.414 -10.207 0.961 24 23 21
24.451 -10.150 1.074 20 20 20
24.382 -10.249 1.058 165 170 173
24.402 -10.222 1.020 19 19 19
24.448 -10.153 1.090 19 19 19
24.408 -10.208 1.119 20 20 20
24.519 -10.051 1.053 18 18 18
24.422 -10.197 0.950 25 24 22
24.482 -10.104 1.053 22 22 20
24.503 -10.070 1.139 20 22 21
24.385 -10.253 0.872 156 160 159
24.519 -10.051 1.053 18 18 18
24.416 -10.205 0.943 25 24 22
24.465 -10.132 0.999 26 25 23
24.384 -10.252 0.927 154 154 154
24.385 -10.254 0.853 164 160 157
24.448 -10.158 0.984 25 24 22
24.380 -10.253 1.020 164 165 167
24.411 -10.207 1.082 20 20 20
24.378 -10.258 0.989 164 164 162
24.543 -10.013 1.138 66 66 64
24.496 -10.080 1.131 16 16 14
24.416 -10.200 1.043 19 19 19
24.422 -10.192 1.061 19 19 19
24.388 -10.249 0.880 130 131 135
24.416 -10.201 1.060 19 19 19
24.389 -10.247 0.881 130 131 135
24.512 -10.058 1.117 13 13 13
24.446 -10.160 1.008 22 22 22
24.459 -10.137 1.060 20 20 20
24.424 -10.190 1.029 19 19 19
24.387 -10.244 1.028 25 29 30
24.562 -9.987 1.134 12 12 10
24.579 -9.963 1.114 113 112 110
24.524 -10.045 1.044 18 18 18
24.499 -10.080 1.047 21 21 19
24.552 -10.000 1.139 70 70 68
24.441 -10.171 0.929 30 27 22
24.381 -10.252 1.030 157 163 163
24.376 -10.256 1.086 169 170 174
24.376 -10.262 0.979 148 147 143
24.472 -10.121 1.031 24 24 22
24.496 -10.087 0.994 24 24 22
24.378 -10.262 0.913 166 161 157
24.444 -10.161 1.046 19 19 19
24.560 -9.989 1.141 84 83 81
24.489 -10.093 1.075 19 19 19
24.385 -10.248 0.994 152 156 159
24.550 -10.006 1.087 12 12 12
24.395 -10.228 1.088 18 18 18
24.456 -10.144 1.001 25 24 22
24.481 -10.106 1.056 22 22 20
24.520 -10.051 1.030 19 19 19
24.535 -10.026 1.097 12 12 12
24.469 -10.127 0.976 26 25 23
24.571 -9.974 1.116 13 11 14
24.502 -10.074 1.116 14 14 14
24.461 -10.131 1.133 18 18 16
24.381 -10.250 1.065 166 171 174
24.442 -10.161 1.116 18 18 18
24.505 -10.071 1.058 19 19 19
24.380 -10.260 0.894 162 159 152
24.430 -10.178 1.103 19 19 19
24.538 -10.021 1.140 50 50 48
24.543 -10.013 1.137 18 18 16
24.437 -10.175 0.940 27 26 22
24.584 -9.954 1.137 85 81 69
24.438 -10.171 1.020 21 21 21
24.407 -10.210 1.111 20 20 20
24.485 -10.097 1.137 17 19 18
24.451 -10.154 0.967 26 25 23
24.519 -10.049 1.098 14 14 14
24.473 -10.119 1.025 23 23 21
24.437 -10.169 1.075 18 18 18
24.405 -10.222 0.907 27 26 22
24.452 -10.146 1.078 20 20 20
24.411 -10.214 0.897 27 26 24
24.393 -10.241 0.892 22 23 25
24.420 -10.197 1.005 19 19 19
24.397 -10.229 1.015 20 20 20
24.381 -10.258 0.876 166 163 158
24.429 -10.188 0.922 31 27 24
24.411 -10.211 0.983 22 22 22
24.471 -10.121 1.018 24 24 22
24.394 -10.239 0.901 20 20 18
24.440 -10.166 1.062 19 19 19
24.384 -10.246 1.074 33 39 39
24.418 -10.195 1.115 20 20 20
24.414 -10.210 0.922 27 26 22
24.547 -10.011 1.067 14 14 14
24.519 -10.049 1.127 14 14 14
24.426 -10.191 0.971 24 23 21
24.393 -10.232 1.074 18 18 16
24.445 -10.156 1.121 17 17 17
24.593 -9.943 1.132 95 86 69
24.421 -10.195 1.022 20 20 20
24.420 -10.194 1.071 19 19 19
24.464 -10.131 1.037 23 23 23
24.528 -10.035 1.133 13 14 9
24.555 -10.000 1.075 12 12 12
24.405 -10.218 1.017 19 19 19
24.422 -10.195 1.009 19 19 19
24.447 -10.157 1.014 22 22 22
24.386 -10.252 0.889 153 155 152
24.379 -10.260 0.894 162 159 152
24.415 -10.199 1.100 19 19 19
24.498 -10.082 1.029 22 22 20
24.380 -10.250 1.100 179 182 187
24.481 -10.110 0.974 27 26 24
24.388 -10.242 1.000 8 12 13
24.394 -10.236 0.956 20 20 20
24.387 -10.242 1.039 18 19 21
24.496 -10.084 1.056 22 22 20
24.484 -10.105 0.983 26 25 23
24.451 -10.149 1.074 20 20 20
24.442 -10.168 0.936 29 28 24
24.451 -10.155 0.960 26 25 23
24.428 -10.181 1.108 19 19 19
24.403 -10.218 1.085 18 18 18
24.489 -10.095 1.021 24 24 22
24.391 -10.236 1.079 22 24 23
24.431 -10.176 1.106 19 19 19
24.403 -10.223 0.975 20 20 20
24.389 -10.238 1.093 22 22 22
24.397 -10.225 1.098 20 20 20
24.577 -9.965 1.128 83 82 80
24.543 -10.016 1.064 15 15 15
24.471 -10.118 1.115 17 17 17
24.441 -10.167 0.992 23 22 20
24.591 -9.944 1.140 91 85 69
24.442 -10.160 1.125 18 18 18
24.428 -10.181 1.104 19 19 19
24.462 -10.134 1.037 22 22 22
24.423 -10.188 1.095 19 19 19
24.386 -10.253 0.864 151 155 154
24.389 -10.237 1.118 21 19 20
24.521 -10.049 1.047 18 18 18
24.487 -10.097 1.066 20 20 20
24.400 -10.223 1.062 19 19 19
24.596 -9.939 1.123 92 81 61
24.537 -10.022 1.127 12 12 12
24.386 -10.248 0.946 135 135 135
24.406 -10.217 1.015 19 19 19
24.479 -10.112 0.973 27 26 24
24.500 -10.076 1.098 16 16 16
24.418 -10.198 1.051 20 20 20
24.591 -9.946 1.123 91 84 68
24.386 -10.241 1.104 21 21 23
24.511 -10.063 1.048 19 19 19
24.400 -10.227 0.970 22 22 22
24.393 -10.234 1.022 24 22 23
24.404 -10.220 1.014 19 19 19
24.468 -10.126 1.031 24 24 22
24.493 -10.090 1.033 23 23 21
24.482 -10.105 1.041 23 23 21
24.446 -10.162 0.971 25 24 22
24.479 -10.111 1.018 24 24 22
24.416 -10.203 0.994 20 20 20
24.384 -10.251 0.956 155 159 158
24.476 -10.113 1.039 23 23 21
24.393 -10.235 1.007 18 18 18
24.392 -10.239 0.968 23 23 23
24.460 -10.136 1.064 20 20 20
24.562 -9.987 1.115 11 11 11
24.380 -10.252 1.053 162 168 168
24.381 -10.254 0.965 156 162 160
24.511 -10.061 1.090 16 16 16
24.449 -10.158 0.954 27 26 22
24.474 -10.118 1.017 25 25 23
24.395 -10.233 0.983 17 15 16
24.381 -10.251 1.027 162 163 165
24.382 -10.254 0.954 153 159 157
24.515 -10.058 1.038 20 20 20
24.378 -10.251 1.125 178 183 187
24.437 -10.171 1.058 19 19 19
24.491 -10.092 1.064 20 20 20
24.391 -10.244 0.897 19 20 22
24.578 -9.965 1.097 103 102 100
24.399 -10.223 1.080 20 20 20
24.413 -10.202 1.092 19 19 19
24.425 -10.193 0.932 27 26 21
24.422 -10.189 1.113 20 20 20
24.406 -10.215 1.066 19 19 19
24.432 -10.183 0.929 30 27 22
24.496 -10.085 1.029 22 22 20
24.468 -10.121 1.130 18 18 16
24.480 -10.108 1.032 23 23 21
24.554 -10.001 1.064 14 14 14
24.399 -10.231 0.923 27 23 22
24.435 -10.178 0.950 26 25 21
24.412 -10.204 1.097 19 19 19
24.485 -10.100 1.057 21 21 19
24.388 -10.240 1.071 21 25 24
24.440 -10.169 1.009 21 21 21
24.403 -10.227 0.878 25 23 26
24.493 -10.091 1.005 23 23 21
24.424 -10.192 1.003 20 20 20
24.377 -10.255 1.078 169 170 174
24.395 -10.239 0.869 55 63 66
24.481 -10.106 1.060 21 21 19
24.425 -10.193 0.958 25 24 22
24.381 -10.250 1.071 168 173 176
24.405 -10.221 0.947 21 21 19
24.563 -9.986 1.107 12 12 14
24.450 -10.150 1.090 19 19 19
24.378 -10.252 1.107 165 168 173
24.462 -10.134 1.036 22 22 22
24.416 -10.201 1.046 19 19 19
24.414 -10.202 1.084 19 19 19
24.447 -10.155 1.081 20 20 20
24.555 -9.997 1.114 11 11 11
24.418 -10.203 0.942 25 24 22
24.452 -10.150 1.041 20 20 20
24.501 -10.077 1.066 20 20 20
24.383 -10.254 0.917 151 151 151
24.383 -10.255 0.891 156 157 152
24.429 -10.180 1.098 18 18 18
24.390 -10.238 1.066 21 23 22
24.455 -10.144 1.017 23 23 21
24.420 -10.201 0.902 27 25 26
24.455 -10.145 1.028 22 22 20
24.404 -10.222 0.957 22 22 20
24.488 -10.093 1.111 16 16 16
24.477 -10.110 1.091 18 18 18
24.381 -10.249 1.080 150 153 158
24.386 -10.250 0.906 162 164 163
24.491 -10.089 1.108 17 17 17
24.516 -10.053 1.121 13 13 13
24.403 -10.221 0.998 20 20 20
24.540 -10.019 1.104 12 12 12
24.409 -10.210 1.047 20 20 20
24.451 -10.149 1.079 20 20 20
24.431 -10.180 1.017 21 21 21
24.393 -10.230 1.128 17 17 19
24.594 -9.941 1.132 95 87 68
24.423 -10.195 0.966 23 21 22
24.559 -9.993 1.071 11 13 12
24.394 -10.235 0.977 21 23 20
24.410 -10.209 1.062 19 19 19
24.383 -10.249 1.023 170 171 175
24.384 -10.254 0.895 153 155 152
24.460 -10.134 1.102 18 18 18
24.563 -9.985 1.130 11 11 13
24.455 -10.142 1.095 20 20 20
24.526 -10.042 1.031 18 18 18
24.538 -10.023 1.070 14 14 14
24.536 -10.026 1.078 14 14 14
24.419 -10.193 1.106 20 20 20
24.561 -9.989 1.102 12 12 12
24.395 -10.234 0.984 17 15 16
24.432 -10.183 0.927 30 26 23
24.402 -10.221 1.042 18 18 18
24.401 -10.226 0.966 22 22 22
24.404 -10.223 0.919 26 25 21
24.379 -10.257 0.978 166 168 167
24.508 -10.069 1.022 21 21 19
24.556 -9.998 1.075 12 12 12
24.505 -10.071 1.062 19 19 19
24.404 -10.215 1.092 19 19 19
24.544 -10.012 1.138 68 68 66
24.388 -10.242 1.015 18 19 21
24.418 -10.194 1.132 20 20 20
24.550 -10.005 1.103 12 12 12
24.513 -10.057 1.097 15 15 15
24.437 -10.170 1.040 19 19 19
24.404 -10.220 0.991 20 20 20
24.514 -10.055 1.133 15 15 13
24.410 -10.212 0.999 20 20 20
24.475 -10.117 1.001 26 25 23
24.385 -10.245 1.031 28 32 33
24.398 -10.233 0.926 25 21 20
24.579 -9.964 1.102 115 114 112
24.396 -10.227 1.094 18 18 18
24.500 -10.080 1.021 23 23 21
24.428 -10.180 1.118 19 19 19
24.384 -10.255 0.854 164 160 157
24.400 -10.223 1.036 18 18 18
24.484 -10.101 1.064 21 21 21
24.405 -10.215 1.089 19 19 19
24.472 -10.120 1.036 23 23 23
24.437 -10.168 1.099 19 19 19
24.447 -10.161 0.964 26 25 23
24.462 -10.137 0.986 26 25 23
24.423 -10.197 0.910 27 25 26
24.526 -10.043 1.036 18 18 18
24.452 -10.152 1.006 23 23 21
24.501 -10.080 1.015 22 22 20
24.508 -10.065 1.100 15 15 15
24.408 -10.215 1.002 20 20 20
24.400 -10.223 1.040 17 17 17
24.508 -10.068 1.022 21 21 19
24.415 -10.200 1.105 20 20 20
24.421 -10.196 0.992 21 21 21
24.395 -10.230 1.068 20 20 20
24.463 -10.135 0.982 25 24 22
24.490 -10.091 1.105 17 17 17
24.442 -10.169 0.935 29 28 24
24.592 -9.943 1.137 92 86 70
24.429 -10.180 1.077 19 19 19
24.385 -10.253 0.879 159 159 159
24.410 -10.217 0.890 27 25 26
24.546 -10.012 1.064 15 15 15
24.430 -10.188 0.910 27 26 22
24.542 -10.015 1.123 13 13 13
24.500 -10.076 1.096 16 16 16
24.402 -10.220 1.071 19 19 19
24.396 -10.227 1.097 20 20 20
24.499 -10.083 1.005 23 23 21
24.449 -10.152 1.071 20 20 20
24.436 -10.176 0.959 25 24 22
24.437 -10.174 0.965 25 24 22
24.433 -10.176 1.033 20 20 20
24.480 -10.111 0.988 26 26 24
24.383 -10.246 1.103 73 76 81
24.443 -10.162 1.056 20 20 20
24.382 -10.257 0.884 162 162 154
24.551 -10.003 1.117 11 11 11
24.501 -10.076 1.085 18 18 18
24.488 -10.097 1.035 23 23 21
24.461 -10.139 0.947 28 27 23
24.396 -10.227 1.111 21 21 21
24.410 -10.211 1.010 18 18 18
24.382 -10.247 1.100 156 159 164
24.432 -10.179 1.018 21 21 21
24.508 -10.069 1.019 21 21 19
24.438 -10.168 1.076 18 18 18
24.381 -10.259 0.860 159 153 141
24.422 -10.194 1.014 20 20 20
24.482 -10.100 1.135 15 17 16
24.389 -10.242 0.986 26 27 29
24.388 -10.245 0.961 73 73 75
24.559 -9.992 1.096 12 12 12
24.394 -10.235 0.991 19 17 18
24.584 -9.954 1.140 71 67 55
24.393 -10.235 1.006 20 20 20
24.550 -10.005 1.100 12 12 12
24.504 -10.069 1.127 14 14 14
24.421 -10.190 1.132 20 20 20
24.445 -10.160 1.018 21 21 21
24.400 -10.223 1.057 20 20 20
24.420 -10.200 0.945 25 24 22
24.425 -10.195 0.913 28 26 27
24.379 -10.261 0.877 167 160 154
24.553 -10.000 1.107 12 12 12
24.380 -10.256 0.964 158 164 162
24.500 -10.078 1.058 21 21 19
24.401 -10.218 1.121 21 21 21
24.487 -10.098 1.051 22 22 20
24.518 -10.050 1.123 13 13 13
24.572 -9.973 1.105 11 9 12
24.461 -10.137 0.998 26 25 23
24.495 -10.088 1.006 23 23 21
24.393 -10.233 1.058 17 16 14
24.548 -10.007 1.121 12 12 12
24.392 -10.242 0.888 31 32 34
24.543 -10.015 1.103 12 12 12
24.458 -10.140 1.012 24 24 22
24.440 -10.172 0.928 31 28 23
24.532 -10.030 1.126 14 14 14
24.451 -10.150 1.073 20 20 20
24.421 -10.191 1.104 20 20 20
24.397 -10.232 0.961 27 29 26
24.511 -10.061 1.080 16 16 16
24.405 -10.223 0.908 26 25 21
24.483 -10.101 1.098 17 17 17
24.590 -9.946 1.132 94 87 71
24.405 -10.214 1.088 19 19 19
24.397 -10.235 0.909 25 24 20
24.456 -10.141 1.084 20 20 20
24.440 -10.171 0.966 25 24 22
24.475 -10.114 1.061 21 21 21
24.528 -10.037 1.089 15 15 15
24.441 -10.169 0.948 27 26 22
24.438 -10.169 1.043 19 19 19
24.493 -10.086 1.123 15 15 15
24.379 -10.261 0.898 159 156 151
24.430 -10.179 1.078 18 18 18
24.522 -10.047 1.063 17 17 17
24.426 -10.186 1.074 19 19 19
24.380 -10.255 0.996 159 163 164
24.512 -10.061 1.043 20 20 20
24.408 -10.213 1.034 19 19 19
24.391 -10.239 1.006 17 19 18
24.449 -10.154 1.022 21 21 21
24.390 -10.243 0.935 28 23 27
24.542 -10.016 1.117 11 11 11
24.404 -10.225 0.882 29 25 26
24.396 -10.229 1.050 20 20 20
24.378 -10.261 0.928 161 156 150
24.510 -10.061 1.131 14 14 12
24.395 -10.233 0.980 19 17 18
24.408 -10.215 0.976 22 20 21
24.531 -10.035 1.043 17 17 17
24.452 -10.146 1.089 20 20 20
24.450 -10.148 1.092 19 19 19
24.380 -10.260 0.893 162 159 152
24.488 -10.093 1.102 17 17 17
24.480 -10.109 0.998 25 25 23
24.490 -10.090 1.111 16 16 16
24.384 -10.256 0.858 162 161 157
24.463 -10.128 1.116 18 18 18
24.424 -10.195 0.925 28 27 23
24.504 -10.074 1.047 20 20 20
24.439 -10.164 1.122 18 18 18
24.399 -10.231 0.896 21 20 18
24.449 -10.159 0.937 28 27 23
24.507 -10.070 1.013 22 22 20
24.428 -10.190 0.924 30 26 23
24.569 -9.977 1.110 14 14 16
24.388 -10.244 0.963 17 15 18
24.389 -10.246 0.917 42 44 43
24.474 -10.119 0.994 27 26 24
24.414 -10.203 1.063 19 19 19
24.470 -10.122 1.038 23 23 23
24.378 -10.258 0.982 164 164 162
24.375 -10.258 1.076 170 171 173
24.446 -10.155 1.098 18 18 18
24.509 -10.064 1.099 14 14 14
24.428 -10.183 1.061 19 19 19
24.415 -10.208 0.926 27 26 22
24.501 -10.074 1.116 14 14 14
24.577 -9.966 1.108 84 83 81
24.435 -10.174 1.043 18 18 18
24.430 -10.185 0.965 25 24 22
24.487 -10.097 1.065 21 21 21
24.430 -10.180 1.059 19 19 19
24.387 -10.247 0.952 59 59 61
24.391 -10.243 0.896 19 20 22
24.557 -9.994 1.104 12 12 12
24.465 -10.128 1.072 20 20 20
24.508 -10.065 1.121 14 14 14
24.504 -10.072 1.090 17 17 17
24.452 -10.152 0.978 25 24 22
24.376 -10.255 1.102 172 176 179
24.404 -10.218 1.031 19 19 19
24.430 -10.183 0.997 22 21 19
24.401 -10.222 1.042 17 17 17
24.380 -10.254 0.998 159 163 164
24.409 -10.217 0.918 26 25 21
24.530 -10.036 1.057 15 15 15
24.379 -10.258 0.959 153 160 153
24.397 -10.225 1.118 19 19 19
24.432 -10.184 0.919 31 27 24
24.416 -10.197 1.110 20 20 20
24.491 -10.091 1.046 22 22 20
24.377 -10.255 1.085 169 170 174
24.511 -10.060 1.121 13 13 13
24.406 -10.218 0.987 20 20 20
24.458 -10.140 1.013 24 24 22
24.426 -10.192 0.929 28 27 22
24.386 -10.252 0.874 156 160 159
24.473 -10.119 1.008 25 25 23
24.435 -10.172 1.070 18 18 18
24.490 -10.095 1.022 23 23 21
24.528 -10.036 1.116 13 13 13
24.530 -10.033 1.126 12 12 12
24.449 -10.151 1.105 18 18 18
24.428 -10.182 1.087 18 18 18
24.417 -10.201 1.013 19 19 19
24.552 -10.004 1.062 14 14 14
24.386 -10.243 1.071 6 10 11
24.378 -10.261 0.916 166 161 157
24.447 -10.153 1.119 18 18 18
24.405 -10.222 0.904 27 26 22
24.469 -10.120 1.125 17 17 17
24.402 -10.221 1.030 19 19 19
24.545 -10.015 1.052 14 14 14
24.400 -10.228 0.931 25 24 22
24.544 -10.013 1.125 12 12 12
24.460 -10.134 1.114 18 18 18
24.379 -10.257 0.988 168 170 169
24.417 -10.200 1.020 20 20 20
24.476 -10.112 1.082 18 18 18
24.455 -10.150 0.938 29 28 24
24.387 -10.245 0.998 27 31 32
24.435 -10.172 1.074 18 18 18
24.391 -10.238 0.995 21 23 22
24.384 -10.252 0.931 148 148 146
24.377 -10.253 1.112 166 169 174
24.393 -10.232 1.077 16 16 14
24.451 -10.151 1.041 20 20 20
24.401 -10.229 0.888 26 24 27
24.383 -10.252 0.944 155 157 156
24.420 -10.193 1.071 19 19 19
24.518 -10.051 1.089 15 15 15
24.399 -10.226 1.043 18 18 18
24.567 -9.982 1.088 12 12 14
24.406 -10.222 0.914 26 25 21
24.465 -10.129 1.044 22 22 22
24.504 -10.070 1.098 16 16 16
24.467 -10.128 1.011 25 25 23
24.485 -10.097 1.117 16 16 16
24.486 -10.099 1.043 23 23 21
24.412 -10.207 1.040 19 19 19
24.460 -10.138 1.028 23 23 21
24.403 -10.218 1.084 19 19 19
24.378 -10.256 1.024 170 170 170
24.406 -10.221 0.920 26 25 23
24.506 -10.069 1.080 18 18 18
24.381 -10.259 0.858 164 156 145
24.492 -10.086 1.137 15 17 16
24.467 -10.129 0.991 26 25 23
24.408 -10.219 0.892 25 23 24
24.408 -10.212 1.071 19 19 19
24.504 -10.070 1.097 16 16 16
24.474 -10.118 1.004 26 25 23
24.416 -10.198 1.108 20 20 20
24.453 -10.151 0.975 25 24 22
24.432 -10.180 0.985 23 22 20
24.436 -10.171 1.064 19 19 19
24.572 -9.973 1.113 14 12 15
24.403 -10.219 1.038 18 18 18
24.514 -10.056 1.118 13 13 13
24.488 -10.097 1.027 24 24 22
24.526 -10.040 1.068 15 15 15
24.445 -10.160 1.031 20 20 20
24.389 -10.246 0.890 37 41 42
24.382 -10.252 0.989 158 162 163
24.515 -10.055 1.117 13 13 13
24.459 -10.141 0.969 26 25 23
24.441 -10.165 1.056 19 19 19
24.410 -10.211 1.005 18 18 18
24.419 -10.200 0.955 24 23 21
24.398 -10.224 1.091 20 20 20
24.383 -10.250 1.003 161 166 169
24.379 -10.256 0.988 168 170 169
24.416 -10.202 1.037 19 19 19
24.394 -10.232 1.040 25 21 20
24.432 -10.183 0.948 26 25 21
24.445 -10.158 1.065 20 20 20
24.478 -10.113 0.976 26 25 23
24.398 -10.228 1.007 20 20 20
24.435 -10.171 1.116 20 20 20
24.383 -10.248 1.063 127 132 135
24.551 -10.003 1.121 12 12 12
24.415 -10.206 0.977 22 20 21
24.412 -10.208 1.020 19 19 19
24.401 -10.227 0.949 25 25 23
24.480 -10.106 1.077 19 19 19
24.423 -10.194 0.965 23 21 22
24.402 -10.228 0.906 27 26 22
24.465 -10.134 0.953 28 27 23
24.551 -10.003 1.111 12 12 12
24.487 -10.095 1.117 16 16 16
24.408 -10.218 0.926 26 25 23
24.499 -10.083 1.003 23 23 21
24.533 -10.031 1.076 14 14 14
24.530 -10.036 1.040 17 17 17
24.455 -10.148 0.947 28 27 23
24.508 -10.070 1.012 22 22 20
24.555 -9.997 1.126 11 11 11
24.408 -10.219 0.906 26 25 21
24.534 -10.027 1.129 14 14 14
24.381 -10.256 0.940 158 160 155
24.414 -10.202 1.084 19 19 19
24.440 -10.163 1.112 18 18 18
24.399 -10.221 1.127 20 20 20
24.414 -10.205 1.006 18 18 18
24.515 -10.058 1.034 20 20 18
24.378 -10.256 1.042 167 171 170
24.505 -10.072 1.062 19 19 19
24.446 -10.157 1.074 20 20 20
24.394 -10.235 0.967 24 24 24
24.397 -10.225 1.092 19 19 19
24.532 -10.030 1.113 12 12 12
24.509 -10.066 1.051 19 19 19
24.408 -10.211 1.093 19 19 19
24.328 -10.232 1.083 133 120 101
24.338 -10.237 1.077 132 120 104
24.315 -10.223 1.041 141 123 103
24.345 -10.240 1.052 130 120 111
24.315 -10.222 1.029 142 123 106
24.314 -10.224 1.090 136 119 101
24.330 -10.230 1.018 139 126 110
24.325 -10.228 1.026 140 124 108
24.336 -10.235 1.042 136 124 108
24.316 -10.224 1.063 136 119 99
24.343 -10.241 1.100 130 120 108
24.328 -10.228 0.984 137 125 109
24.323 -10.228 1.057 137 121 105
24.334 -10.234 1.068 134 121 104
24.340 -10.235 0.997 136 126 114
24.329 -10.228 0.984 137 125 109
24.345 -10.241 1.071 131 121 109
24.334 -10.236 1.097 134 121 104
24.320 -10.226 1.052 138 122 106
24.322 -10.226 1.027 141 124 106
24.349 -10.245 1.115 124 120 109
24.333 -10.236 1.103 130 121 106
24.338 -10.237 1.075 134 122 106
24.315 -10.221 1.001 142 127 106
24.350 -10.245 1.100 127 119 108
24.354 -10.247 1.091 129 122 116
24.316 -10.223 1.045 140 123 103
24.338 -10.235 1.030 136 124 110
24.357 -10.248 1.078 129 124 120
24.332 -10.234 1.066 134 121 104
24.329 -10.232 1.062 135 122 105
24.336 -10.233 1.000 140 130 118
24.355 -10.246 1.064 129 122 116
24.321 -10.223 0.976 138 122 106
24.320 -10.224 0.996 143 128 109
24.339 -10.234 0.983 135 125 113
24.318 -10.227 1.095 133 118 99
24.331 -10.231 1.015 139 126 110
24.349 -10.242 1.046 129 125 116
24.345 -10.240 1.047 129 122 112
24.327 -10.227 0.984 138 125 109
24.357 -10.248 1.077 129 124 120
24.313 -10.221 1.028 141 122 105
24.314 -10.222 1.033 142 124 104
24.338 -10.238 1.090 131 119 105
24.348 -10.242 1.065 130 120 110
24.334 -10.236 1.091 133 120 103
24.311 -10.222 1.074 135 120 97
24.342 -10.237 1.014 135 125 115
24.342 -10.237 1.019 135 123 111
24.362 -10.251 1.095 138 134 133
24.334 -10.234 1.055 135 121 108
24.334 -10.232 1.004 141 127 114
24.331 -10.234 1.109 128 119 104
24.309 -10.220 1.056 137 122 101
24.339 -10.239 1.109 128 119 104
24.319 -10.225 1.054 139 122 104
24.319 -10.225 1.047 138 121 101
24.308 -10.219 1.047 140 123 103
24.324 -10.226 0.994 140 127 110
24.328 -10.231 1.057 135 122 106
24.353 -10.246 1.090 129 122 116
24.332 -10.231 1.002 141 129 115
24.327 -10.228 0.989 139 126 110
24.353 -10.245 1.070 129 122 116
24.328 -10.232 1.080 133 120 101
24.335 -10.234 1.035 136 124 110
24.326 -10.227 0.997 141 128 111
24.354 -10.246 1.075 128 121 115
24.324 -10.224 0.960 134 121 105
24.327 -10.225 0.927 128 115 99
24.354 -10.246 1.062 130 123 117
24.341 -10.235 0.991 132 123 114
24.323 -10.226 1.017 143 126 110
24.348 -10.244 1.115 126 120 108
24.321 -10.223 0.977 138 122 106
24.340 -10.239 1.086 128 119 104
24.367 -10.255 1.023 135 134 130
24.330 -10.227 0.923 122 110 94
24.372 -10.259 0.884 126 122 110
24.355 -10.246 0.900 112 99 90
24.357 -10.247 0.973 123 118 112
24.367 -10.255 0.870 111 102 85
24.348 -10.240 0.955 121 117 108
24.342 -10.236 0.909 107 94 77
24.374 -10.260 1.068 156 156 156
24.352 -10.244 0.944 115 111 100
24.360 -10.250 1.030 135 130 124
24.364 -10.253 0.865 114 103 85
24.355 -10.246 0.960 127 120 114
24.343 -10.237 0.981 134 126 115
24.358 -10.248 1.054 132 127 123
24.371 -10.258 1.054 153 154 149
24.368 -10.256 1.014 132 132 130
24.338 -10.233 0.960 129 119 109
24.376 -10.262 0.890 137 134 125
24.376 -10.262 0.854 134 121 105
24.340 -10.235 0.934 121 115 101
24.356 -10.247 0.940 116 112 100
24.361 -10.250 1.011 128 125 120
24.364 -10.253 0.986 130 127 122
24.372 -10.259 0.866 127 118 103
24.375 -10.261 0.984 145 143 144
24.347 -10.240 0.949 121 117 106
24.364 -10.252 1.035 130 129 124
24.350 -10.242 0.959 126 119 113
24.356 -10.247 0.986 129 124 118
24.375 -10.261 0.869 137 129 116
24.370 -10.257 0.897 120 115 109
24.356 -10.246 0.993 127 122 116
24.368 -10.255 1.098 155 155 155
24.364 -10.253 1.091 140 139 137
24.341 -10.235 0.963 129 120 113
24.351 -10.243 1.011 134 125 116
24.373 -10.259 1.033 148 148 146
24.355 -10.246 1.029 133 126 116
24.377 -10.263 0.920 143 138 134
24.368 -10.256 0.868 122 113 96
24.372 -10.258 1.042 142 146 145
24.368 -10.255 1.082 149 149 151
24.366 -10.255 0.929 117 113 102
24.351 -10.242 0.990 131 124 116
24.374 -10.260 0.907 132 127 121
24.366 -10.254 0.974 127 123 120
24.372 -10.259 0.962 130 129 124
24.344 -10.238 0.954 122 118 109
24.373 -10.260 0.971 138 137 135
24.353 -10.245 0.999 132 125 119
24.362 -10.251 1.053 138 134 131
24.362 -10.251 0.968 124 121 116
24.329 -10.226 0.928 124 112 98
24.351 -10.243 1.007 133 126 118
24.345 -10.238 0.914 131 119 103
24.352 -10.244 1.007 133 126 118
24.369 -10.257 0.958 124 123 118
24.369 -10.256 1.034 137 138 133
24.342 -10.236 0.939 123 115 102
24.374 -10.261 0.919 134 129 123
24.356 -10.247 0.921 113 104 89
24.371 -10.259 0.931 135 132 123
24.365 -10.254 0.986 132 128 125
24.366 -10.254 1.036 132 131 126
24.361 -10.251 0.870 117 109 90
24.367 -10.255 0.974 129 125 122
24.373 -10.260 0.863 134 125 110
24.370 -10.258 1.017 142 142 140
24.373 -10.260 0.895 123 119 110
24.363 -10.252 0.883 103 97 83
24.356 -10.246 1.031 131 124 114
24.349 -10.241 0.980 128 121 111
24.348 -10.241 0.897 114 102 88
24.355 -10.246 1.039 129 125 116
24.374 -10.261 0.896 129 126 117
24.366 -10.254 0.923 120 113 103
24.354 -10.245 0.965 128 121 115
24.350 -10.242 1.006 130 123 115
24.369 -10.257 0.871 115 108 92
24.348 -10.241 0.942 117 111 99
24.344 -10.237 0.943 120 114 102
24.355 -10.246 1.001 128 121 115
24.345 -10.239 0.913 109 97 81
24.364 -10.253 0.988 130 127 122
24.372 -10.259 0.882 126 122 110
24.360 -10.250 1.021 132 127 121
24.373 -10.260 1.017 149 149 147
24.366 -10.254 1.083 147 145 146
24.360 -10.250 0.889 107 99 88
24.349 -10.242 0.938 117 111 97
24.359 -10.245 1.125 144 148 147
24.328 -10.224 1.110 128 120 109
24.360 -10.235 1.128 168 178 179
24.331 -10.226 1.111 129 119 109
24.366 -10.243 1.130 178 182 181
24.364 -10.236 1.130 173 179 177
24.364 -10.217 1.134 122 126 125
24.323 -10.215 1.109 125 121 109
24.351 -10.230 1.123 162 170 172
24.331 -10.223 1.112 123 122 118
24.329 -10.198 1.116 170 178 181
24.359 -10.200 1.135 169 174 177
24.319 -10.222 1.105 128 118 106
24.359 -10.229 1.129 174 184 185
24.355 -10.184 1.135 180 184 187
24.345 -10.211 1.123 176 182 182
24.337 -10.238 1.113 130 118 106
24.343 -10.195 1.126 42 42 40
24.365 -10.201 1.138 180 185 188
24.367 -10.205 1.139 180 185 188
24.337 -10.212 1.118 169 174 177
24.343 -10.186 1.128 82 82 80
24.361 -10.214 1.133 79 83 82
24.364 -10.200 1.138 178 183 186
24.317 -10.225 1.103 130 118 104
24.347 -10.227 1.122 164 172 174
24.364 -10.245 1.128 167 173 171
24.363 -10.224 1.132 110 114 113
24.335 -10.204 1.119 170 175 179
24.345 -10.184 1.129 125 127 126
24.348 -10.204 1.127 164 166 163
24.311 -10.219 1.100 130 118 102
24.349 -10.245 1.119 126 123 116
24.361 -10.210 1.134 129 133 134
24.334 -10.210 1.117 169 174 177
24.352 -10.225 1.125 177 182 185
