-18.330 36.342 0.915 93 56 38
-18.326 36.301 0.898 154 137 119
-18.320 36.259 0.882 171 146 115
-18.326 36.274 0.883 172 142 108
-18.322 36.263 0.882 144 119 89
-18.317 36.298 0.909 176 154 130
-18.322 36.267 0.885 152 125 95
-18.323 36.330 0.919 93 63 52
-18.322 36.274 0.888 150 124 91
-18.333 36.350 0.915 152 102 77
-18.327 36.331 0.913 48 30 26
-18.324 36.331 0.919 93 63 52
-18.326 36.326 0.913 51 49 52
-18.330 36.340 0.914 64 35 21
-18.325 36.282 0.889 183 154 120
-18.327 36.327 0.911 51 49 52
-18.321 36.243 0.872 172 148 112
-18.330 36.329 0.907 70 61 64
-18.320 36.252 0.880 168 143 112
-18.328 36.309 0.899 122 118 109
-18.318 36.299 0.909 160 142 118
-18.414 36.350 0.907 140 122 84
-18.409 36.354 0.915 168 156 130
-18.408 36.360 0.914 160 149 119
-18.412 36.327 0.917 148 131 111
-18.403 36.335 0.934 144 113 92
-18.417 36.347 0.900 137 115 76
-18.422 36.319 0.898 158 126 77
-18.416 36.330 0.907 131 112 79
-18.422 36.319 0.900 143 115 67
-18.406 36.351 0.923 184 175 146
-18.415 36.357 0.902 106 88 50
-18.440 36.303 0.868 186 157 123
-18.435 36.313 0.875 195 161 123
-18.423 36.340 0.890 181 141 92
-18.406 36.329 0.928 143 128 107
-18.410 36.347 0.915 162 152 127
-18.403 36.332 0.933 117 96 77
-18.412 36.345 0.912 143 125 89
-18.420 36.329 0.900 127 96 50
-18.415 36.344 0.905 135 115 78
-18.412 36.333 0.916 139 122 96
-18.405 36.360 0.921 182 169 134
-18.410 36.366 0.908 147 121 84
-18.419 36.340 0.899 132 105 62
-18.389 36.288 0.878 51 43 40
-18.394 36.278 0.870 48 40 37
-18.347 36.250 0.870 185 150 112
-18.367 36.281 0.882 43 49 47
-18.377 36.303 0.891 43 43 35
-18.333 36.274 0.890 175 152 120
-18.336 36.301 0.906 96 95 90
-18.393 36.284 0.874 50 42 39
-18.325 36.247 0.876 162 130 91
-18.332 36.315 0.915 60 63 56
-18.381 36.305 0.891 47 44 35
-18.337 36.259 0.879 176 146 110
-18.352 36.260 0.874 183 163 139
-18.379 36.267 0.868 61 62 57
-18.370 36.304 0.894 40 40 32
-18.353 36.290 0.893 71 76 72
-18.361 36.303 0.897 40 40 32
-18.363 36.298 0.893 34 36 31
-18.401 36.277 0.867 54 49 45
-18.336 36.290 0.899 132 120 98
-18.373 36.279 0.878 40 44 45
-18.370 36.306 0.896 41 41 31
-18.375 36.277 0.876 40 42 41
-18.371 36.305 0.895 41 41 31
-18.326 36.251 0.878 166 134 96
-18.326 36.278 0.895 151 124 81
-18.355 36.299 0.897 43 44 36
-18.317 36.325 0.927 175 99 73
-18.325 36.315 0.918 67 61 47
-18.319 36.296 0.908 175 149 124
-18.332 36.257 0.880 174 140 102
-18.356 36.296 0.895 46 49 42
-18.352 36.304 0.902 42 42 32
-18.328 36.317 0.918 65 57 44
-18.347 36.247 0.868 188 152 116
-18.322 36.292 0.905 136 109 82
-18.356 36.272 0.880 62 56 44
-18.389 36.281 0.874 48 43 40
-18.348 36.285 0.891 78 68 59
-18.387 36.295 0.883 48 43 37
-18.338 36.292 0.899 149 137 121
-18.327 36.300 0.908 132 116 101
-18.401 36.300 0.881 64 58 42
-18.384 36.283 0.877 37 36 34
-18.337 36.302 0.906 96 95 90
-18.318 36.276 0.897 175 147 100
-18.347 36.297 0.899 103 104 96
-18.329 36.262 0.884 158 125 90
-18.347 36.311 0.907 51 48 59
-18.324 36.265 0.888 152 119 84
-18.323 36.311 0.916 63 54 39
-18.412 36.284 0.867 51 52 44
-18.335 36.303 0.907 75 71 62
-18.390 36.289 0.878 51 43 40
-18.361 36.288 0.888 42 48 46
-18.388 36.304 0.888 51 47 36
-18.421 36.294 0.869 91 79 53
-18.333 36.252 0.877 184 150 112
-18.390 36.296 0.883 54 50 41
-18.329 36.251 0.877 162 128 90
-18.407 36.287 0.871 51 48 43
-18.349 36.255 0.872 183 148 106
-18.322 36.257 0.884 171 141 107
-18.348 36.258 0.874 188 151 109
-18.326 36.282 0.897 151 124 81
-18.339 36.297 0.902 167 163 152
-18.328 36.319 0.919 65 46 31
-18.327 36.277 0.894 174 149 108
-18.349 36.296 0.898 103 104 96
-18.322 36.305 0.913 114 99 80
-18.363 36.297 0.893 34 36 31
-18.323 36.255 0.882 173 143 109
-18.359 36.288 0.889 42 48 46
-18.370 36.275 0.877 41 43 40
-18.413 36.292 0.872 53 50 35
-18.335 36.265 0.884 177 147 113
-18.286 36.509 0.866 166 147 114
-18.344 36.424 0.865 134 110 66
-18.284 36.503 0.866 173 158 125
-18.283 36.542 0.865 153 132 89
-18.280 36.532 0.866 167 147 110
-18.347 36.438 0.865 146 126 91
-18.326 36.457 0.865 124 102 61
-18.346 36.440 0.865 152 132 97
-18.280 36.533 0.866 166 147 107
-18.277 36.541 0.866 156 138 98
-18.348 36.435 0.865 146 126 89
-18.317 36.471 0.865 135 111 73
-18.310 36.503 0.865 163 130 87
-18.295 36.516 0.865 154 126 87
-18.305 36.518 0.865 172 135 90
-18.273 36.523 0.867 174 163 131
-18.336 36.457 0.865 151 126 85
-18.268 36.520 0.867 177 170 142
-18.314 36.474 0.866 141 117 81
-18.349 36.426 0.865 147 122 81
-18.277 36.520 0.866 169 156 124
-18.302 36.517 0.865 164 130 85
-18.336 36.461 0.865 170 141 99
-18.303 36.504 0.865 141 112 72
-18.271 36.549 0.866 158 144 107
-18.256 36.542 0.867 187 183 158
-18.344 36.443 0.865 152 132 95
-18.282 36.526 0.866 168 148 111
-18.313 36.495 0.865 147 112 72
-18.350 36.437 0.865 161 139 100
-18.329 36.456 0.865 111 88 47
-18.331 36.472 0.865 159 128 84
-18.317 36.471 0.865 135 111 73
-18.326 36.478 0.865 140 108 67
-18.287 36.545 0.865 185 161 117
-18.323 36.452 0.866 140 121 81
-18.263 36.551 0.866 166 156 121
-18.257 36.551 0.866 176 171 141
-18.241 36.540 0.865 195 190 170
-18.178 36.374 0.866 229 212 184
-18.179 36.380 0.866 224 208 182
-18.178 36.374 0.866 226 209 181
-18.180 36.374 0.867 229 212 184
-18.186 36.398 0.868 226 215 195
-18.188 36.363 0.869 230 214 189
-18.195 36.379 0.872 236 224 200
-18.180 36.370 0.867 227 210 180
-18.208 36.393 0.876 242 234 215
-18.195 36.382 0.871 233 222 200
-18.194 36.390 0.871 230 222 201
-18.183 36.408 0.868 223 212 194
-18.199 36.400 0.873 231 226 206
-18.178 36.417 0.866 215 204 186
-18.207 36.391 0.875 241 233 214
-18.194 36.401 0.871 228 221 202
-18.198 36.371 0.872 245 232 213
-18.175 36.427 0.865 215 204 184
-18.188 36.416 0.869 224 213 191
-18.177 36.394 0.866 225 210 189
-18.184 36.420 0.868 222 211 189
-18.178 36.380 0.866 223 207 181
-18.189 36.366 0.869 239 223 198
-18.186 36.383 0.869 229 214 191
-18.186 36.391 0.869 231 219 197
-18.189 36.374 0.869 235 219 194
-18.180 36.382 0.866 226 210 185
-18.181 36.413 0.867 223 212 192
-18.190 36.391 0.870 232 221 199
-18.180 36.371 0.866 227 210 180
-18.204 36.373 0.874 247 236 216
-18.196 36.399 0.872 230 225 205
-18.185 36.378 0.868 228 214 188
-18.047 36.158 0.883 156 153 144
-18.189 36.184 0.870 71 77 91
-18.124 36.203 0.947 36 36 44
-18.034 36.163 0.901 191 190 169
-18.053 36.160 0.886 58 55 48
-18.110 36.171 0.881 117 121 130
-18.107 36.188 0.921 195 204 201
-18.053 36.198 0.973 109 114 120
-18.082 36.174 0.903 75 80 83
-18.063 36.189 0.948 100 101 105
-18.013 36.152 0.887 214 215 209
-18.233 36.201 0.886 80 83 90
-18.089 36.178 0.908 154 159 163
-18.206 36.189 0.872 54 63 78
-18.244 36.200 0.879 66 67 69
-18.137 36.172 0.869 80 87 95
-18.070 36.179 0.921 101 106 112
-18.091 36.192 0.940 188 197 192
-18.105 36.165 0.871 82 91 96
-18.016 36.160 0.904 197 196 176
-18.041 36.151 0.871 146 145 141
-18.101 36.167 0.876 133 142 147
-18.055 36.193 0.960 101 109 120
-18.057 36.203 0.982 127 129 126
-18.270 36.203 0.872 43 47 50
-18.018 36.153 0.886 210 212 201
-18.053 36.172 0.912 125 126 118
-18.048 36.171 0.913 199 197 182
-18.181 36.187 0.880 90 98 111
-18.146 36.199 0.926 171 181 190
-18.170 36.179 0.869 93 101 114
-18.023 36.169 0.921 207 209 198
-18.166 36.193 0.902 153 166 182
-18.152 36.195 0.915 104 117 134
-18.105 36.194 0.937 185 194 193
-18.081 36.172 0.898 91 99 101
-18.198 36.188 0.875 111 117 133
-18.137 36.198 0.929 169 178 185
-18.219 36.199 0.889 68 71 86
-18.069 36.159 0.875 89 92 97
-18.137 36.175 0.875 82 89 97
-18.072 36.203 0.974 184 192 195
-18.153 36.185 0.891 92 98 110
-18.074 36.184 0.929 176 182 180
-18.089 36.200 0.960 184 192 195
-18.199 36.205 0.912 74 81 97
-18.042 36.176 0.927 201 203 200
-18.063 36.203 0.979 194 199 202
-18.035 36.183 0.947 167 153 127
-18.037 36.154 0.878 221 221 221
-18.073 36.171 0.900 91 96 99
-18.172 36.188 0.888 100 110 122
-18.048 36.183 0.940 86 87 81
-18.151 36.196 0.917 90 104 117
-18.119 36.193 0.926 182 192 193
-18.255 36.204 0.883 41 41 41
-18.042 36.165 0.903 183 185 161
-18.119 36.192 0.924 177 188 190
-18.097 36.201 0.956 190 194 203
-18.177 36.194 0.900 85 97 113
-18.124 36.187 0.912 128 137 146
-18.161 36.183 0.883 91 101 113
-18.186 36.200 0.908 137 146 161
-18.276 36.204 0.870 72 75 80
-18.134 36.200 0.936 191 197 197
-18.103 36.173 0.889 89 94 100
-18.110 36.199 0.945 53 53 65
-18.204 36.197 0.891 109 118 127
-18.035 36.155 0.882 214 213 208
-18.080 36.181 0.920 200 205 209
-18.032 36.164 0.905 198 197 169
-18.202 36.189 0.874 83 89 105
-18.161 36.178 0.869 89 97 110
-18.067 36.163 0.885 100 103 108
-18.090 36.187 0.927 184 194 185
-18.059 36.194 0.961 95 103 114
-18.222 36.199 0.887 72 76 88
-18.132 36.177 0.882 73 80 88
-18.045 36.155 0.878 136 135 131
-18.028 36.172 0.927 209 210 205
-18.034 36.170 0.918 201 198 179
-18.139 36.202 0.937 202 206 209
-18.082 36.187 0.931 181 188 181
-18.037 36.172 0.921 202 199 180
-18.078 36.169 0.892 74 79 82
-18.095 36.167 0.880 74 81 87
-18.109 36.182 0.908 84 92 95
-18.187 36.183 0.870 82 88 102
-18.145 36.201 0.933 104 111 117
-18.114 36.201 0.947 36 36 46
-18.098 36.187 0.924 185 195 187
-18.088 36.183 0.920 191 197 197
-18.087 36.166 0.880 78 85 91
-18.177 36.181 0.870 92 100 113
-18.157 36.187 0.894 121 130 145
-18.063 36.185 0.938 110 115 118
-18.135 36.174 0.874 82 89 97
-18.069 36.161 0.879 103 106 111
-18.135 36.172 0.870 77 84 92
-18.080 36.166 0.886 76 84 87
-18.111 36.190 0.924 183 195 193
-18.145 36.186 0.897 119 126 136
-18.146 36.186 0.897 127 134 144
-18.203 36.203 0.907 143 150 166
-18.091 36.162 0.870 78 88 90
-18.106 36.200 0.950 64 71 81
-18.125 36.192 0.922 179 189 199
-18.115 36.197 0.938 181 184 189
-18.268 36.203 0.873 43 47 50
-18.172 36.180 0.869 92 100 113
-18.044 36.167 0.907 193 190 173
-18.036 36.189 0.960 60 60 48
-18.081 36.198 0.959 182 191 190
-18.221 36.197 0.884 65 71 85
-18.187 36.188 0.881 77 84 100
-18.192 36.188 0.877 168 174 190
-18.104 36.178 0.901 127 130 135
-18.083 36.191 0.942 195 201 197
-18.130 36.192 0.918 140 151 169
-18.161 36.186 0.889 96 105 120
-18.074 36.162 0.878 100 105 109
-18.039 36.172 0.920 188 185 168
-18.025 36.154 0.886 211 211 201
-18.066 36.177 0.917 103 108 114
-18.122 36.189 0.915 84 94 104
-18.212 36.203 0.902 89 92 109
-18.150 36.203 0.934 146 150 159
-18.219 36.198 0.888 68 71 86
-18.129 36.202 0.942 109 111 110
-18.057 36.170 0.907 94 96 95
-18.225 36.198 0.884 70 76 88
-18.013 36.151 0.884 214 215 210
-18.200 36.192 0.883 86 94 107
-18.059 36.177 0.922 101 107 107
-18.112 36.179 0.897 107 112 118
-18.086 36.181 0.917 121 126 129
-18.131 36.178 0.886 77 84 92
-18.168 36.200 0.917 152 161 176
-18.198 36.200 0.901 66 72 86
-18.097 36.172 0.890 66 73 79
-18.015 36.146 0.873 234 229 225
-18.143 36.175 0.872 87 94 104
-18.040 36.191 0.963 57 62 58
-18.166 36.179 0.871 92 100 113
-18.193 36.186 0.871 141 147 161
-18.169 36.202 0.923 176 183 199
-18.201 36.199 0.898 67 73 87
-18.229 36.205 0.897 78 79 83
-18.106 36.200 0.950 64 71 81
-18.076 36.194 0.952 184 190 188
-18.072 36.184 0.932 163 169 167
-18.044 36.160 0.889 202 199 182
-18.197 36.196 0.894 72 81 90
-18.080 36.188 0.937 188 195 188
-18.187 36.191 0.887 67 75 88
-18.031 36.185 0.955 166 149 119
-18.081 36.179 0.915 112 117 121
-18.137 36.199 0.932 178 186 189
-18.063 36.190 0.949 100 101 105
-18.047 36.182 0.940 80 82 81
-18.045 36.153 0.873 54 53 48
-18.045 36.157 0.881 189 189 181
-18.042 36.153 0.874 214 214 212
-18.075 36.201 0.969 180 188 191
-18.068 36.173 0.908 104 109 112
-18.102 36.169 0.880 84 91 97
-18.123 36.198 0.938 187 191 194
-18.116 36.197 0.937 206 211 214
-18.113 36.170 0.877 117 122 128
-18.047 36.185 0.945 81 79 66
-18.136 36.196 0.925 182 194 208
-18.048 36.161 0.890 206 203 184
-18.089 36.198 0.954 178 186 188
-18.167 36.182 0.876 95 103 116
-18.058 36.199 0.973 112 119 125
-18.041 36.176 0.928 204 205 200
-18.069 36.200 0.969 186 194 197
-18.248 36.200 0.877 70 71 73
-18.134 36.201 0.937 204 208 207
-18.023 36.166 0.914 200 199 178
-18.094 36.177 0.903 80 88 90
-18.041 36.174 0.924 203 203 195
-18.147 36.183 0.888 93 100 110
-18.052 36.185 0.944 78 79 71
-18.088 36.200 0.959 184 192 195
-18.208 36.189 0.871 54 63 78
-18.186 36.196 0.899 53 62 77
-18.108 36.176 0.895 98 101 106
-18.084 36.179 0.913 112 117 121
-18.240 36.197 0.874 67 72 78
-18.237 36.197 0.875 74 81 89
-18.137 36.180 0.888 93 100 110
-18.056 36.164 0.894 138 138 128
-18.052 36.171 0.911 137 138 132
-18.137 36.175 0.876 78 85 93
-18.090 36.184 0.922 184 193 190
-18.132 36.226 0.972 40 39 45
-18.179 36.255 0.984 34 37 44
-18.182 36.253 0.980 36 40 49
-18.177 36.285 1.021 170 166 154
-18.199 36.282 1.006 156 163 179
-18.264 36.227 0.907 36 35 40
-18.137 36.205 0.944 33 35 34
-18.177 36.223 0.946 29 37 50
-18.127 36.234 0.985 41 40 46
-18.192 36.234 0.952 31 33 45
-18.115 36.208 0.959 36 39 48
-18.142 36.263 1.012 177 184 190
-18.218 36.246 0.953 88 92 101
-18.171 36.240 0.970 37 37 45
-18.219 36.209 0.908 121 124 133
-18.192 36.253 0.975 26 35 40
-18.240 36.211 0.900 62 61 59
-18.232 36.208 0.900 82 82 84
-18.226 36.269 0.978 59 62 71
-18.190 36.248 0.969 38 45 55
-18.225 36.212 0.907 94 97 102
-18.266 36.230 0.909 44 45 49
-18.183 36.233 0.955 33 36 41
-18.200 36.278 1.001 179 186 204
-18.141 36.259 1.008 169 175 189
-18.117 36.244 1.002 35 39 48
-18.178 36.275 1.008 159 166 182
-18.204 36.210 0.916 80 86 98
-18.247 36.212 0.897 75 74 72
-18.210 36.213 0.917 78 85 95
-18.159 36.247 0.985 40 41 45
-18.055 36.207 0.989 101 102 96
-18.182 36.223 0.944 31 38 56
-18.206 36.252 0.966 169 173 184
-18.123 36.215 0.964 37 38 43
-18.275 36.230 0.905 40 39 44
-18.148 36.252 0.995 43 44 49
-18.270 36.234 0.913 43 44 49
-18.077 36.218 0.991 182 191 198
-18.186 36.221 0.939 73 78 100
-18.222 36.232 0.933 96 102 114
-18.252 36.212 0.895 61 61 63
-18.255 36.245 0.933 43 43 51
-18.205 36.271 0.990 158 162 173
-18.266 36.210 0.885 31 32 36
-18.171 36.276 1.013 171 178 188
-18.149 36.225 0.963 34 37 44
-18.192 36.212 0.925 172 180 199
-18.279 36.212 0.881 73 74 78
-18.245 36.227 0.916 59 58 64
-18.076 36.217 0.990 179 188 195
-18.054 36.204 0.986 92 93 88
-18.182 36.271 1.002 94 103 120
-18.225 36.243 0.945 66 70 81
-18.185 36.269 0.998 28 34 48
-18.064 36.217 0.996 188 192 191
-18.195 36.285 1.012 163 173 183
-18.209 36.216 0.921 166 174 185
-18.148 36.240 0.981 38 36 41
-18.129 36.230 0.979 40 38 43
-18.112 36.212 0.966 33 36 45
-18.172 36.216 0.939 127 133 149
-18.205 36.244 0.958 178 182 193
-18.171 36.256 0.989 42 43 48
-18.145 36.251 0.996 38 40 52
-18.203 36.242 0.956 185 189 201
-18.134 36.212 0.955 35 36 41
-18.143 36.229 0.971 36 36 44
-18.200 36.220 0.931 112 123 143
-18.157 36.267 1.010 169 175 187
-18.159 36.270 1.012 171 178 188
-18.208 36.270 0.987 165 169 178
-18.264 36.230 0.910 49 50 54
-18.092 36.215 0.980 187 194 202
-18.214 36.210 0.912 60 64 75
-18.166 36.231 0.961 35 36 41
-18.166 36.219 0.947 29 35 47
-18.196 36.245 0.963 46 52 64
-18.166 36.208 0.934 141 147 161
-18.244 36.240 0.932 52 55 64
-18.284 36.222 0.891 69 71 70
-18.166 36.276 1.016 156 160 169
-18.290 36.224 0.890 68 70 67
-18.179 36.262 0.993 39 42 51
-18.203 36.263 0.981 168 172 184
-18.191 36.262 0.986 49 49 57
-18.203 36.269 0.989 178 182 193
-18.256 36.240 0.926 45 45 55
-18.155 36.253 0.994 44 43 48
-18.142 36.225 0.966 37 37 45
-18.114 36.233 0.990 44 45 49
-18.224 36.230 0.930 79 83 94
-18.217 36.248 0.956 100 104 113
-18.148 36.217 0.953 33 37 46
-18.121 36.205 0.953 34 34 42
-18.212 36.275 0.992 168 172 183
-18.191 36.275 1.001 61 70 87
-18.237 36.250 0.948 55 59 68
-18.199 36.267 0.988 183 187 198
-18.244 36.208 0.894 74 72 75
-18.064 36.206 0.983 192 196 199
-18.194 36.258 0.980 85 87 100
-18.179 36.262 0.993 39 42 51
-18.214 36.254 0.965 131 135 144
-18.087 36.227 0.996 183 192 201
-18.168 36.260 0.995 43 43 51
-18.272 36.229 0.905 31 30 35
-18.135 36.208 0.949 36 36 44
-18.137 36.208 0.948 34 37 44
-18.224 36.247 0.951 64 68 77
-18.171 36.221 0.947 26 34 45
-18.100 36.238 1.004 53 56 63
-18.163 36.225 0.955 32 36 39
-18.132 36.205 0.948 38 38 46
-18.269 36.214 0.888 35 36 40
-18.171 36.227 0.953 33 38 41
-18.149 36.262 1.008 168 176 187
-18.151 36.236 0.975 35 38 47
-18.145 36.235 0.977 39 38 46
-18.117 36.222 0.975 40 41 46
-18.174 36.251 0.982 33 38 44
-18.183 36.213 0.931 161 170 187
-18.177 36.269 1.001 39 46 62
-18.155 36.268 1.012 176 183 193
-18.155 36.216 0.949 32 36 48
-18.190 36.249 0.971 29 38 45
-18.190 36.282 1.011 162 171 186
-18.267 36.217 0.893 42 43 47
-18.288 36.216 0.881 71 72 74
-18.205 36.229 0.939 169 171 192
-18.209 36.209 0.912 74 78 90
-18.184 36.229 0.950 33 37 48
-18.169 36.250 0.983 36 41 47
-18.198 36.213 0.924 173 181 200
-18.175 36.257 0.989 40 41 46
-18.163 36.225 0.955 32 36 39
-18.187 36.210 0.926 166 175 192
-18.173 36.244 0.973 36 39 44
-18.236 36.245 0.942 58 62 71
-18.162 36.266 1.005 135 143 156
-18.060 36.211 0.991 190 192 189
-18.103 36.213 0.971 67 69 82
-18.130 36.210 0.954 38 39 44
-18.161 36.236 0.970 36 36 44
-18.241 36.234 0.926 56 56 66
-18.232 36.225 0.920 68 71 76
-18.297 36.214 0.875 83 81 84
-18.176 36.212 0.933 133 140 156
-18.105 36.230 0.991 42 43 47
-18.204 36.278 0.999 164 170 184
-18.189 36.236 0.955 32 35 44
-18.128 36.217 0.963 36 35 41
-18.126 36.230 0.980 41 40 45
-18.217 36.234 0.939 131 134 151
-18.111 36.226 0.983 43 46 53
-18.201 36.210 0.918 76 85 102
-18.276 36.208 0.878 76 80 83
-18.197 36.210 0.920 145 154 171
-18.264 36.239 0.920 43 43 51
-18.084 36.212 0.979 185 192 198
-18.280 36.232 0.905 55 54 59
-18.203 36.251 0.967 183 187 198
-18.205 36.246 0.960 173 177 188
-18.145 36.222 0.961 34 37 44
-18.208 36.241 0.952 171 175 187
-18.130 36.208 0.952 37 37 45
-18.174 36.284 1.022 168 164 152
-18.194 36.264 0.987 95 99 110
-18.211 36.280 0.997 172 176 187
-18.100 36.219 0.980 79 83 94
-18.164 36.216 0.943 44 50 66
-18.086 36.211 0.978 140 147 155
-18.145 36.253 0.999 40 43 58
-18.190 36.294 1.025 177 171 147
-18.199 36.274 0.997 177 184 202
-18.089 36.204 0.967 177 184 190
-18.191 36.212 0.926 172 180 199
-18.266 36.231 0.911 49 50 54
-18.097 36.219 0.982 149 156 166
-18.211 36.247 0.958 151 155 166
-18.195 36.227 0.942 34 36 61
-18.226 36.263 0.970 66 70 79
-18.149 36.246 0.988 41 42 46
-18.145 36.240 0.982 39 37 42
-18.296 36.211 0.870 90 88 91
-18.107 36.241 1.003 42 47 53
-18.255 36.216 0.897 57 57 57
-18.126 36.248 1.003 71 75 87
-18.164 36.274 1.014 172 176 185
-18.240 36.234 0.928 56 59 68
-18.186 36.213 0.929 161 170 187
-18.220 36.265 0.975 82 86 98
-18.253 36.244 0.932 47 47 57
-18.127 36.206 0.951 37 37 45
-18.105 36.212 0.969 45 44 60
-18.136 36.233 0.979 40 39 45
-18.126 36.253 1.009 179 183 195
-18.229 36.244 0.945 64 68 79
-18.188 36.278 1.007 148 157 172
-18.163 36.222 0.952 30 35 39
-18.155 36.227 0.962 37 38 43
-18.233 36.255 0.957 57 62 68
-18.147 36.257 1.002 46 50 61
-18.253 36.252 0.972 43 48 54
-18.302 36.219 0.911 82 75 69
-18.294 36.224 0.903 93 88 84
-18.230 36.267 0.992 141 146 152
-18.253 36.252 0.980 71 78 84
-18.235 36.264 0.985 136 140 149
-18.278 36.234 0.926 56 59 66
-18.202 36.286 1.016 163 162 167
-18.248 36.255 0.985 129 136 144
-18.272 36.239 0.982 23 28 32
-18.286 36.230 0.952 43 46 51
-18.305 36.216 0.903 68 64 53
-18.246 36.257 1.008 155 159 168
-18.265 36.244 0.955 27 30 35
-18.253 36.252 0.973 52 57 63
-18.270 36.241 0.983 30 35 39
-18.300 36.220 0.902 76 69 61
-18.207 36.283 1.018 169 170 175
-18.285 36.230 0.917 89 88 94
-18.218 36.276 1.023 162 165 170
-18.270 36.240 0.928 44 48 59
-18.243 36.259 1.025 154 159 165
-18.247 36.255 0.956 34 37 46
-18.286 36.229 0.933 57 60 65
-18.297 36.222 0.909 92 87 84
-18.237 36.262 0.989 146 149 156
-18.254 36.251 0.981 71 78 84
-18.226 36.270 0.982 131 138 144
-18.263 36.246 0.997 139 146 152
-18.254 36.252 0.992 138 145 153
-18.275 36.236 0.934 46 50 59
-18.260 36.247 0.958 32 38 38
-18.227 36.269 1.014 158 163 169
-18.263 36.246 1.004 158 165 173
-18.270 36.240 0.971 29 34 38
-18.283 36.231 0.906 103 101 104
-18.296 36.223 0.925 88 83 87
-18.277 36.236 0.979 23 28 32
-18.268 36.243 1.007 155 162 168
-18.283 36.231 0.947 42 45 50
-18.257 36.250 1.022 159 163 172
-18.299 36.220 0.883 65 54 34
-18.205 36.284 1.017 169 170 175
-18.251 36.253 0.945 31 35 38
-18.302 36.218 0.879 86 71 48
-18.303 36.218 0.918 93 88 84
-18.280 36.234 0.983 27 32 35
-18.296 36.223 0.943 66 67 72
-18.306 36.215 0.896 81 71 59
-18.241 36.260 0.998 146 153 161
-18.266 36.244 1.013 153 160 168
-18.276 36.237 0.992 33 38 41
-18.247 36.256 1.004 152 159 167
-18.252 36.253 1.006 155 162 170
-18.285 36.230 0.923 76 77 82
-18.250 36.254 0.972 57 59 71
-18.255 36.251 0.986 108 115 121
-18.298 36.221 0.917 96 90 92
-18.281 36.233 0.973 31 34 39
-18.266 36.244 1.016 156 163 173
-18.268 36.242 0.970 25 30 34
-18.255 36.250 0.942 39 43 46
-18.303 36.217 0.875 95 81 55
-18.279 36.235 0.998 59 64 67
-18.216 36.277 1.022 167 168 172
-18.264 36.244 0.947 36 42 40
-18.220 36.274 1.023 162 165 170
-18.252 36.253 1.009 154 161 169
-18.294 36.224 0.899 81 74 68
-18.247 36.256 0.982 110 117 125
-18.252 36.252 0.968 42 50 53
-18.221 36.273 0.996 146 153 159
-18.273 36.239 1.015 161 168 174
-18.229 36.268 1.015 153 157 166
-18.283 36.231 0.938 50 53 58
-18.236 36.263 0.997 146 151 157
-18.282 36.233 0.993 30 35 38
-18.254 36.251 0.955 30 35 41
-18.223 36.271 0.989 136 143 151
-18.298 36.221 0.922 95 90 94
-18.261 36.246 0.969 24 29 33
-18.283 36.232 0.966 29 32 37
-18.244 36.257 0.968 77 83 95
-18.259 36.249 1.023 160 164 175
-18.307 36.215 0.896 81 71 59
-18.271 36.239 0.924 54 55 60
-18.227 36.269 0.986 135 142 150
-18.280 36.234 0.956 35 38 43
-18.233 36.265 0.994 144 147 154
-18.030 36.231 0.952 135 120 91
-18.026 36.187 0.940 211 205 191
-18.028 36.236 0.947 128 108 73
-18.018 36.178 0.912 198 196 183
-18.023 36.222 0.931 162 137 106
-18.026 36.178 0.937 220 215 209
-18.032 36.230 0.961 139 124 105
-18.031 36.202 0.956 87 72 49
-18.030 36.243 0.953 134 110 84
-18.022 36.208 0.926 217 209 198
-18.033 36.239 0.963 146 125 104
-18.023 36.196 0.929 210 210 208
-18.016 36.185 0.904 202 201 183
-18.022 36.215 0.927 211 196 175
-18.023 36.204 0.929 211 201 189
-18.026 36.241 0.941 142 123 83
-18.017 36.177 0.908 197 195 180
-18.021 36.183 0.923 214 214 212
-18.032 36.247 0.959 150 122 100
-18.027 36.192 0.942 190 163 134
-18.018 36.203 0.913 210 211 206
-18.033 36.241 0.963 152 126 103
-18.014 36.180 0.897 203 202 184
-18.029 36.190 0.947 174 142 104
-18.026 36.220 0.940 172 139 96
-18.021 36.170 0.921 203 203 191
-18.013 36.169 0.894 199 197 184
-18.024 36.197 0.933 205 193 179
-18.028 36.188 0.944 175 145 109
-18.020 36.175 0.919 204 204 194
-18.017 36.175 0.907 201 200 182
-18.021 36.208 0.923 207 212 208
-18.032 36.204 0.961 90 84 72
-18.027 36.179 0.941 220 214 200
-18.026 36.202 0.939 172 143 111
-18.014 36.171 0.897 202 200 185
-18.031 36.225 0.955 131 119 97
-18.015 36.168 0.901 200 199 181
-18.029 36.235 0.949 119 104 75
-18.031 36.235 0.955 140 128 106
-18.017 36.184 0.907 200 198 183
-18.014 36.171 0.898 202 200 185
-18.022 36.178 0.924 213 214 208
-18.016 36.171 0.905 200 199 181
-18.028 36.209 0.945 174 142 103
-18.028 36.202 0.945 180 148 110
-18.036 36.264 0.963 165 144 113
-18.047 36.289 0.976 111 109 86
-18.044 36.266 0.977 114 109 89
-18.043 36.246 0.981 171 165 143
-18.038 36.264 0.968 164 154 129
-18.043 36.238 0.984 170 164 142
-18.040 36.226 0.982 165 158 139
-18.038 36.265 0.967 164 154 129
-18.039 36.221 0.981 156 148 127
-18.032 36.249 0.961 150 124 101
-18.033 36.256 0.961 147 120 93
-18.040 36.248 0.974 165 153 127
-18.043 36.247 0.981 171 165 143
-18.035 36.250 0.966 154 135 105
-18.042 36.260 0.976 176 168 145
-18.054 36.268 0.914 164 144 111
-18.041 36.241 0.910 220 211 202
-18.072 36.273 0.882 191 193 190
-18.062 36.267 0.895 212 212 210
-18.065 36.257 0.876 196 197 183
-18.060 36.253 0.883 201 198 183
-18.023 36.203 0.901 197 195 180
-18.085 36.291 0.875 78 84 84
-18.045 36.245 0.905 211 207 204
-18.050 36.246 0.897 210 210 202
-18.055 36.238 0.875 200 198 175
-18.018 36.198 0.906 202 202 192
-18.069 36.282 0.900 197 190 180
-18.035 36.221 0.898 202 204 191
-18.078 36.276 0.873 140 137 130
-18.028 36.188 0.873 207 210 201
-18.027 36.213 0.906 208 209 203
-18.044 36.233 0.893 204 206 193
-18.030 36.234 0.925 162 138 104
-18.041 36.254 0.926 180 145 107
-18.041 36.233 0.899 209 211 210
-18.075 36.277 0.879 156 158 157
-18.076 36.285 0.889 121 126 129
-18.058 36.253 0.887 203 200 185
-18.057 36.279 0.921 76 66 64
-18.023 36.198 0.897 198 197 177
-18.035 36.254 0.938 150 133 103
-18.038 36.218 0.887 200 198 173
-18.026 36.217 0.913 211 213 212
-18.089 36.292 0.867 82 87 83
-18.088 36.290 0.868 77 82 76
-18.036 36.252 0.934 175 142 109
-18.036 36.221 0.896 204 205 189
-18.070 36.269 0.881 196 198 195
-18.065 36.281 0.906 169 157 141
-18.021 36.193 0.894 199 198 178
-18.059 36.247 0.879 198 195 176
-18.059 36.260 0.894 212 211 206
-18.024 36.179 0.871 220 218 219
-18.082 36.282 0.869 81 82 74
-18.044 36.252 0.917 172 153 121
-18.040 36.261 0.935 139 121 101
-18.063 36.275 0.903 200 188 174
-18.085 36.298 0.883 80 88 91
-18.095 36.305 0.869 99 109 111
-18.038 36.211 0.880 203 199 172
-18.056 36.256 0.896 212 211 206
-18.099 36.310 0.869 100 109 116
-18.069 36.267 0.880 194 194 182
-18.046 36.246 0.905 211 207 204
-18.066 36.280 0.903 181 171 159
-18.055 36.239 0.876 200 198 175
-18.055 36.278 0.925 71 59 47
-18.040 36.258 0.933 160 133 106
-18.060 36.265 0.897 210 211 206
-18.042 36.219 0.880 200 199 171
-18.063 36.256 0.880 193 191 176
-18.035 36.228 0.908 214 214 212
-18.070 36.280 0.894 185 185 183
-18.022 36.181 0.876 209 211 200
-18.042 36.249 0.916 217 201 175
-18.025 36.197 0.890 201 198 179
-18.071 36.285 0.897 192 191 186
-18.059 36.245 0.874 199 196 177
-18.075 36.270 0.872 193 189 180
-18.069 36.284 0.903 159 152 142
-18.023 36.179 0.873 214 215 209
-18.017 36.179 0.885 205 203 190
-18.066 36.264 0.883 195 196 182
-18.080 36.276 0.868 119 119 109
-18.074 36.274 0.877 169 168 164
-18.088 36.292 0.869 80 86 86
-18.058 36.277 0.915 172 156 133
-18.038 36.232 0.904 210 214 215
-18.018 36.175 0.878 217 219 206
-18.061 36.281 0.916 178 161 141
-18.050 36.272 0.929 93 80 74
-18.048 36.245 0.899 210 211 206
-18.062 36.283 0.915 168 155 136
-18.051 36.229 0.874 189 192 163
-18.026 36.211 0.906 208 210 207
-18.018 36.173 0.876 212 212 202
-18.062 36.246 0.869 182 180 157
-18.027 36.219 0.912 210 212 209
-18.034 36.230 0.910 209 208 204
-18.054 36.261 0.906 231 223 210
-18.016 36.191 0.901 200 199 181
-18.094 36.305 0.874 99 110 114
-18.273 36.502 0.889 202 200 185
-18.297 36.480 0.869 176 157 125
-18.276 36.494 0.898 210 208 195
-18.296 36.479 0.877 182 170 144
-18.348 36.413 0.873 104 82 43
-18.261 36.520 0.885 200 201 183
-18.313 36.459 0.871 158 140 116
-18.311 36.455 0.886 184 176 153
-18.334 36.429 0.876 117 104 62
-18.302 36.474 0.870 168 148 115
-18.314 36.455 0.876 160 148 124
-18.296 36.466 0.904 219 213 199
-18.322 36.448 0.870 126 102 66
-18.316 36.456 0.871 155 137 113
-18.316 36.453 0.877 167 158 127
-18.340 36.423 0.876 108 95 53
-18.294 36.483 0.873 174 166 143
-18.309 36.453 0.896 216 205 187
-18.279 36.485 0.911 204 205 191
-18.323 36.442 0.882 145 127 103
-18.309 36.467 0.866 147 125 84
-18.273 36.497 0.902 214 215 201
-18.321 36.444 0.883 152 134 110
-18.328 36.439 0.874 125 112 80
-18.326 36.437 0.885 135 128 102
-18.321 36.448 0.873 131 111 86
-18.273 36.511 0.871 184 178 154
-18.251 36.540 0.869 191 187 162
-18.298 36.467 0.896 212 203 188
-18.318 36.437 0.905 220 199 182
-18.331 36.429 0.887 123 111 87
-18.308 36.454 0.896 216 205 187
-18.351 36.411 0.868 144 108 60
-18.328 36.438 0.876 123 113 77
-18.331 36.438 0.867 118 94 48
-18.277 36.505 0.874 178 176 153
-18.305 36.466 0.881 180 171 142
-18.325 36.436 0.889 173 163 138
-18.314 36.454 0.878 167 158 127
-18.315 36.443 0.901 218 202 186
-18.303 36.471 0.873 170 160 135
-18.335 36.434 0.866 114 90 44
-18.330 36.438 0.868 133 108 68
-18.322 36.443 0.880 147 134 102
-18.298 36.474 0.880 185 173 149
-18.306 36.456 0.898 213 204 187
-18.318 36.440 0.897 207 192 173
-18.304 36.457 0.903 215 205 193
-18.313 36.447 0.898 217 204 185
-18.293 36.462 0.923 196 197 181
-18.284 36.496 0.872 175 173 150
-18.314 36.452 0.884 176 159 139
-18.313 36.461 0.867 136 114 73
-18.322 36.442 0.883 152 134 110
-18.281 36.487 0.899 206 203 188
-18.330 36.439 0.870 133 108 68
-18.319 36.449 0.875 137 125 99
-18.279 36.489 0.901 213 211 196
-18.334 36.428 0.881 116 98 58
-18.315 36.447 0.891 198 187 165
-18.297 36.475 0.883 190 182 163
-18.302 36.451 0.919 176 174 159
-18.322 36.443 0.880 147 134 102
-18.295 36.482 0.873 174 166 143
-18.320 36.267 0.891 172 142 108
-18.346 36.313 0.922 54 36 26
-18.334 36.271 0.895 172 149 108
-18.356 36.320 0.927 168 112 95
-18.369 36.321 0.929 127 95 72
-18.379 36.327 0.933 214 131 115
-18.323 36.277 0.898 167 139 99
-18.352 36.314 0.923 58 34 24
-18.365 36.311 0.923 54 44 34
-18.332 36.253 0.884 159 127 89
-18.322 36.271 0.894 170 141 101
-18.383 36.320 0.930 97 59 38
-18.364 36.282 0.904 83 79 70
-18.339 36.246 0.880 179 146 105
-18.321 36.272 0.895 170 141 101
-18.340 36.265 0.892 177 153 115
-18.335 36.234 0.872 177 149 110
-18.340 36.325 0.929 214 123 105
-18.355 36.264 0.892 142 125 99
-18.330 36.241 0.876 150 121 79
-18.361 36.282 0.904 155 151 140
-18.336 36.289 0.907 142 127 104
-18.337 36.259 0.888 174 144 108
-18.382 36.314 0.926 64 48 33
-18.376 36.326 0.933 212 130 116
-18.365 36.292 0.910 42 41 37
-18.327 36.234 0.871 159 130 86
-18.319 36.323 0.926 167 98 69
-18.350 36.324 0.930 170 97 80
-18.351 36.318 0.926 116 70 55
-18.330 36.308 0.918 60 59 55
-18.361 36.310 0.921 36 29 21
-18.360 36.281 0.903 155 151 140
-18.337 36.316 0.923 84 53 35
-18.349 36.287 0.906 162 156 140
-18.338 36.312 0.921 38 39 33
-18.345 36.319 0.926 167 110 93
-18.319 36.313 0.920 65 49 33
-18.382 36.308 0.922 49 45 33
-18.360 36.308 0.921 38 38 36
-18.343 36.327 0.930 202 106 90
-18.335 36.285 0.904 197 172 142
-18.317 36.321 0.925 146 89 59
-18.344 36.309 0.920 50 52 49
-18.321 36.261 0.888 169 139 105
-18.333 36.323 0.928 170 102 81
-18.331 36.230 0.869 156 131 91
-18.329 36.246 0.879 157 125 84
-18.343 36.276 0.899 177 157 130
-18.373 36.324 0.931 182 117 99
-18.368 36.288 0.908 40 37 30
-18.321 36.296 0.909 177 151 116
-18.336 36.262 0.890 168 140 103
-18.348 36.269 0.895 172 155 129
-18.332 36.255 0.885 159 127 89
-18.339 36.346 0.912 107 104 97
-18.370 36.334 0.924 64 65 57
-18.345 36.347 0.915 117 111 97
-18.367 36.333 0.922 62 64 53
-18.377 36.310 0.920 139 129 102
-18.341 36.299 0.897 86 82 73
-18.332 36.292 0.889 87 79 77
-18.352 36.329 0.913 139 131 110
-18.380 36.319 0.924 140 137 120
-18.371 36.300 0.913 158 128 118
-18.341 36.242 0.877 54 55 41
-18.343 36.266 0.886 137 136 118
-18.378 36.301 0.917 168 123 100
-18.337 36.309 0.898 112 103 94
-18.342 36.285 0.892 66 65 60
-18.343 36.257 0.883 90 87 96
-18.362 36.346 0.924 114 108 92
-18.328 36.275 0.882 51 52 47
-18.351 36.270 0.892 105 96 99
-18.356 36.285 0.900 124 121 112
-18.363 36.301 0.909 132 114 104
-18.381 36.335 0.930 159 155 152
-18.349 36.276 0.893 146 138 125
-18.334 36.291 0.890 78 73 69
-18.378 36.307 0.919 144 123 96
-18.348 36.337 0.914 137 129 108
-18.389 36.330 0.933 134 129 109
-18.337 36.292 0.892 61 58 53
-18.378 36.303 0.918 168 123 100
-18.362 36.275 0.900 55 36 29
-18.341 36.335 0.909 121 114 98
-18.332 36.321 0.899 98 91 81
-18.379 36.311 0.921 140 130 105
-18.344 36.357 0.918 97 95 83
-18.324 36.250 0.871 126 124 127
-18.374 36.342 0.928 70 75 71
-18.360 36.350 0.924 115 109 95
-18.335 36.244 0.874 77 71 75
-18.334 36.232 0.870 56 57 43
-18.337 36.273 0.886 100 99 94
-18.330 36.294 0.889 94 86 84
-18.367 36.298 0.910 150 123 114
-18.347 36.320 0.907 140 135 116
-18.365 36.335 0.921 58 58 46
-18.377 36.334 0.927 116 121 117
-18.339 36.295 0.894 63 60 53
-18.374 36.308 0.917 144 133 115
-18.354 36.308 0.907 62 62 52
-18.386 36.329 0.931 139 137 125
-18.356 36.284 0.899 140 134 118
-18.337 36.308 0.897 112 105 95
-18.374 36.337 0.927 90 95 89
-18.328 36.241 0.870 116 116 106
-18.377 36.322 0.924 153 144 135
-18.336 36.340 0.908 107 102 96
-18.391 36.333 0.935 134 127 108
-18.338 36.246 0.877 80 72 70
-18.370 36.312 0.916 145 131 118
-18.331 36.300 0.892 103 93 91
-18.296 36.268 0.970 145 128 100
-18.304 36.258 0.937 164 135 93
-18.305 36.290 0.951 169 140 96
-18.311 36.217 0.888 88 68 43
-18.314 36.228 0.885 119 94 53
-18.290 36.254 0.984 87 90 81
-18.309 36.306 0.944 181 135 83
-18.289 36.244 0.982 61 63 60
-18.301 36.246 0.940 157 140 110
-18.314 36.259 0.899 190 157 122
-18.301 36.270 0.953 172 143 109
-18.303 36.239 0.930 174 160 134
-18.293 36.249 0.971 105 98 88
-18.288 36.262 0.994 96 97 83
-18.309 36.256 0.916 199 163 127
-18.306 36.274 0.936 179 149 99
-18.316 36.220 0.873 141 115 78
-18.311 36.228 0.893 103 94 65
-18.303 36.229 0.925 92 82 70
-18.305 36.223 0.914 105 97 84
-18.307 36.216 0.903 65 58 52
-18.288 36.251 0.992 64 66 61
-18.311 36.235 0.897 100 86 57
-18.316 36.278 0.904 191 159 121
-18.300 36.230 0.934 83 79 68
-18.280 36.242 1.015 122 129 135
-18.306 36.266 0.932 184 151 108
-18.304 36.221 0.918 82 75 67
-18.308 36.283 0.934 179 152 107
-18.314 36.220 0.878 126 98 61
-18.309 36.248 0.914 189 158 127
-18.294 36.260 0.973 113 101 79
-18.286 36.259 1.000 63 64 58
-18.314 36.291 0.918 192 163 129
-18.298 36.250 0.953 96 87 72
-18.316 36.309 0.921 119 95 61
-18.293 36.260 0.977 110 104 82
-18.297 36.224 0.941 82 78 79
-18.282 36.239 1.007 42 47 50
-18.298 36.268 0.963 145 124 95
-18.313 36.310 0.932 145 106 67
-18.297 36.239 0.952 88 85 80
-18.306 36.220 0.908 60 53 43
-18.286 36.252 0.998 49 54 50
-18.304 36.297 0.957 142 124 78
-18.309 36.256 0.917 193 164 124
-18.291 36.229 0.967 44 43 48
-18.311 36.233 0.899 70 56 27
-18.313 36.311 0.932 124 86 49
-18.313 36.251 0.900 139 105 77
-18.312 36.315 0.937 169 109 57
-18.305 36.245 0.926 176 157 125
-18.302 36.230 0.930 81 73 62
-18.306 36.236 0.918 176 159 131
-18.297 36.272 0.969 140 120 85
-18.300 36.267 0.954 160 139 110
-18.286 36.256 1.000 53 55 50
-18.305 36.247 0.926 177 154 122
-18.313 36.264 0.906 192 158 123
-18.310 36.307 0.941 177 131 81
-18.307 36.250 0.921 188 164 130
-18.305 36.272 0.938 181 149 102
-18.302 36.230 0.928 78 70 57
-18.300 36.239 0.939 116 105 85
-18.306 36.217 0.906 71 66 60
-18.295 36.257 0.968 107 92 73
-18.299 36.262 0.956 153 133 108
-18.304 36.266 0.940 169 137 88
-18.303 36.265 0.943 150 122 83
-18.309 36.228 0.902 75 65 40
-18.311 36.306 0.935 177 139 100
-18.297 36.266 0.965 144 124 97
-18.304 36.223 0.917 99 91 78
-18.314 36.277 0.910 193 160 125
-18.297 36.242 0.954 85 80 74
-18.314 36.288 0.916 186 157 125
-18.282 36.247 1.009 25 31 31
-18.293 36.268 0.980 144 137 111
-18.311 36.299 0.931 176 144 106
-18.313 36.231 0.889 112 88 44
-18.277 36.239 1.024 155 161 173
-18.303 36.243 0.932 174 150 122
-18.292 36.260 0.980 97 91 75
-18.317 36.239 0.880 140 109 65
-18.286 36.247 0.994 49 54 50
-18.305 36.236 0.919 177 162 133
-18.312 36.248 0.901 126 95 67
-18.281 36.239 1.009 42 47 50
-18.302 36.269 0.948 134 104 68
-18.286 36.252 0.997 60 62 59
-18.311 36.265 0.915 189 158 127
-18.305 36.276 0.943 152 123 83
-18.284 36.243 1.000 31 37 35
-18.307 36.241 0.916 187 162 132
-18.297 36.297 0.996 154 141 106
-18.293 36.276 0.986 116 111 73
-18.280 36.248 1.021 86 91 94
-18.295 36.291 1.002 172 162 126
-18.295 36.293 1.006 175 162 128
-18.295 36.281 0.984 109 104 66
-18.285 36.256 1.005 50 52 51
-18.296 36.304 1.014 167 153 118
-18.297 36.305 1.007 175 160 121
-18.300 36.299 0.984 112 103 70
-18.306 36.310 0.966 158 150 113
-18.305 36.313 0.978 95 89 65
-18.288 36.273 1.011 126 120 106
-18.299 36.296 0.987 111 103 67
-18.285 36.265 1.017 40 36 33
-18.293 36.278 0.992 129 123 87
-18.284 36.255 1.006 50 52 51
-18.305 36.302 0.955 156 133 83
-18.293 36.278 0.992 129 123 87
-18.284 36.257 1.011 30 30 30
-18.311 36.318 0.949 161 128 85
-18.294 36.276 0.982 128 123 85
-18.290 36.280 1.009 107 100 74
-18.291 36.285 1.011 178 168 143
-18.294 36.290 1.007 173 162 132
-18.302 36.304 0.978 147 140 111
-18.296 36.303 1.012 171 157 120
-18.311 36.319 0.951 166 132 94
-18.292 36.278 0.998 163 157 125
-18.288 36.269 1.009 112 108 97
-18.301 36.304 0.987 143 132 100
-18.394 36.334 0.939 175 123 109
-18.362 36.324 0.922 60 38 17
-18.425 36.304 0.883 195 167 130
-18.405 36.315 0.905 138 129 98
-18.407 36.306 0.888 142 128 101
-18.394 36.322 0.918 62 55 37
-18.390 36.309 0.894 42 40 28
-18.378 36.326 0.925 71 45 28
-18.386 36.332 0.936 190 113 93
-18.410 36.306 0.888 144 129 100
-18.390 36.323 0.920 59 48 30
-18.379 36.324 0.922 66 47 33
-18.416 36.302 0.880 126 104 81
-18.368 36.328 0.930 188 125 107
-18.355 36.320 0.917 55 47 44
-18.392 36.317 0.909 54 48 32
-18.391 36.315 0.904 89 92 75
-18.386 36.331 0.935 190 113 93
-18.413 36.316 0.907 98 78 43
-18.414 36.321 0.914 140 125 96
-18.335 36.327 0.929 210 121 107
-18.359 36.321 0.918 57 43 32
-18.359 36.330 0.934 201 120 101
-18.409 36.320 0.913 125 113 87
-18.405 36.303 0.883 134 123 105
-18.379 36.319 0.912 44 46 32
-18.377 36.322 0.917 60 43 35
-18.404 36.328 0.928 109 86 68
-18.413 36.310 0.894 163 145 109
-18.402 36.327 0.926 81 63 43
-18.343 36.321 0.919 50 35 30
-18.409 36.319 0.911 131 116 87
-18.331 36.324 0.924 108 71 52
-18.416 36.305 0.886 153 129 95
-18.339 36.321 0.919 49 38 32
-18.407 36.312 0.899 103 92 62
-18.416 36.315 0.904 97 73 35
-18.349 36.323 0.922 106 68 55
-18.388 36.316 0.908 48 51 34
-18.342 36.319 0.915 55 62 68
-18.419 36.308 0.891 182 156 123
-18.287 36.422 0.904 223 124 103
-18.277 36.412 0.898 190 115 109
-18.270 36.395 0.885 57 58 62
-18.272 36.419 0.905 209 112 106
-18.291 36.416 0.898 172 113 95
-18.255 36.414 0.904 219 122 113
-18.359 36.397 0.868 191 151 100
-18.289 36.413 0.896 159 103 90
-18.285 36.409 0.894 84 45 38
-18.265 36.405 0.894 160 108 87
-18.317 36.433 0.906 168 135 118
-18.351 36.399 0.871 129 98 51
-18.300 36.391 0.875 48 45 36
-18.294 36.446 0.922 175 172 157
-18.346 36.397 0.871 115 92 50
-18.326 36.414 0.889 98 85 66
-18.311 36.439 0.913 175 156 141
-18.270 36.402 0.891 55 37 33
-18.274 36.401 0.889 51 33 29
-18.274 36.410 0.897 180 115 111
-18.278 36.388 0.878 33 35 32
-18.317 36.423 0.899 97 72 50
-18.316 36.411 0.889 73 49 39
-18.292 36.442 0.919 194 181 172
-18.288 36.393 0.879 44 43 39
-18.298 36.439 0.916 184 172 158
-18.316 36.399 0.879 46 48 27
-18.281 36.432 0.914 183 140 133
-18.284 36.400 0.887 48 46 33
-18.305 36.400 0.882 47 44 27
-18.275 36.385 0.876 45 46 40
-18.352 36.394 0.867 186 153 108
-18.291 36.403 0.887 49 43 31
-18.294 36.403 0.886 52 46 32
-18.353 36.404 0.875 100 75 35
-18.265 36.413 0.902 204 111 94
-18.289 36.390 0.877 42 41 37
-18.264 36.410 0.899 205 118 98
-18.331 36.421 0.894 149 134 115
-18.292 36.390 0.877 39 38 33
-18.282 36.428 0.910 193 117 104
-18.316 36.422 0.898 94 68 51
-18.353 36.396 0.868 165 131 83
-18.296 36.423 0.903 213 118 98
-18.324 36.425 0.899 129 112 92
-18.284 36.393 0.880 46 46 44
-18.277 36.416 0.901 207 120 103
-18.283 36.403 0.889 55 45 33
-18.334 36.406 0.881 134 120 93
-18.301 36.448 0.922 157 154 139
-18.269 36.418 0.904 201 107 99
-18.323 36.422 0.896 112 95 77
-18.235 36.387 0.886 183 160 129
-18.271 36.396 0.885 57 58 62
-18.314 36.425 0.901 101 65 43
-18.293 36.446 0.923 175 172 157
-18.292 36.428 0.908 218 115 98
-18.325 36.415 0.890 113 98 79
-18.319 36.428 0.902 153 125 103
-18.232 36.379 0.880 191 162 132
-18.314 36.409 0.888 64 48 33
-18.310 36.393 0.875 42 43 29
-18.280 36.390 0.879 33 35 32
-18.338 36.394 0.870 113 99 64
-18.313 36.433 0.907 161 122 105
-18.353 36.404 0.875 100 75 35
-18.307 36.401 0.882 52 49 30
-18.189 36.363 0.868 191 160 132
-18.243 36.440 0.871 52 39 33
-18.259 36.429 0.902 198 198 196
-18.233 36.401 0.881 188 188 178
-18.250 36.423 0.892 190 191 193
-18.234 36.424 0.868 167 164 147
-18.245 36.434 0.878 188 181 175
-18.246 36.446 0.872 51 42 35
-18.282 36.450 0.923 178 177 157
-18.272 36.438 0.916 191 189 176
-18.234 36.413 0.875 179 177 164
-18.232 36.390 0.887 186 188 175
-18.227 36.382 0.883 193 186 168
-18.260 36.430 0.903 198 198 196
-18.234 36.396 0.885 186 188 177
-18.258 36.446 0.890 191 133 121
-18.261 36.424 0.908 201 202 196
-18.248 36.411 0.896 188 194 190
-18.229 36.419 0.865 160 153 135
-18.263 36.449 0.896 218 130 118
-18.275 36.440 0.919 172 169 154
-18.240 36.430 0.873 176 172 161
-18.235 36.392 0.889 194 196 185
-18.253 36.426 0.896 192 191 196
-18.287 36.453 0.928 184 182 161
-18.242 36.400 0.895 193 198 194
-18.264 36.428 0.911 201 202 194
-18.263 36.429 0.908 203 204 199
-18.260 36.422 0.907 198 201 194
-18.233 36.403 0.880 186 186 176
-18.250 36.433 0.886 186 186 186
-18.230 36.387 0.885 189 186 171
-18.271 36.443 0.910 219 197 186
-18.265 36.429 0.911 201 202 194
-18.239 36.436 0.869 184 169 164
-18.232 36.349 0.887 150 150 140
-18.220 36.361 0.880 89 88 84
-18.220 36.368 0.880 98 95 88
-18.228 36.355 0.885 74 75 70
-18.210 36.355 0.874 82 77 71
-18.216 36.367 0.877 91 87 76
-18.213 36.351 0.876 84 81 76
-18.221 36.362 0.880 89 88 84
-18.232 36.350 0.887 147 147 135
-18.202 36.354 0.870 104 92 78
-18.218 36.351 0.879 70 71 66
-18.214 36.368 0.876 139 133 121
-18.214 36.368 0.876 88 84 75
-18.258 36.525 0.880 201 199 186
-18.251 36.534 0.871 190 189 169
-18.274 36.465 0.909 193 173 162
-18.250 36.511 0.871 165 142 124
-18.247 36.505 0.869 107 76 56
-18.255 36.509 0.879 216 197 182
-18.275 36.462 0.910 206 179 170
-18.267 36.504 0.895 210 207 198
-18.255 36.464 0.883 169 119 96
-18.252 36.518 0.874 211 203 184
-18.264 36.481 0.893 168 111 91
-18.247 36.485 0.871 89 61 47
-18.279 36.464 0.916 157 158 140
-18.269 36.486 0.899 157 136 119
-18.250 36.538 0.869 184 187 166
-18.259 36.492 0.886 159 114 95
-18.267 36.463 0.900 183 116 100
-18.270 36.483 0.901 146 127 110
-18.256 36.497 0.881 127 81 58
-18.281 36.474 0.916 177 178 160
-18.265 36.464 0.896 197 114 96
-18.264 36.471 0.894 194 119 100
-18.246 36.455 0.872 61 47 34
-18.256 36.514 0.879 215 203 189
-18.241 36.455 0.865 48 45 36
-18.273 36.468 0.907 192 168 156
-18.269 36.498 0.898 218 216 204
-18.278 36.466 0.913 156 153 136
-18.257 36.478 0.884 181 116 96
-18.247 36.479 0.870 63 45 31
-18.258 36.493 0.884 160 115 96
-18.261 36.458 0.892 225 121 96
-18.245 36.503 0.865 81 60 43
-18.271 36.462 0.904 175 131 120
-18.282 36.474 0.917 207 208 192
-18.267 36.461 0.900 201 124 108
-18.290 36.458 0.931 191 196 176
-18.242 36.457 0.866 48 45 36
-18.257 36.466 0.886 214 129 108
-18.263 36.460 0.894 218 118 95
-18.244 36.503 0.865 98 72 55
-18.257 36.486 0.883 171 113 91
-18.046 36.236 0.986 133 132 114
-18.159 36.287 1.018 155 146 137
-18.067 36.278 0.986 111 108 99
-18.095 36.300 0.993 189 188 193
-18.064 36.237 0.993 178 179 174
-18.072 36.242 0.995 186 190 193
-18.059 36.220 0.994 173 173 171
-18.099 36.254 1.002 165 172 178
-18.049 36.295 0.977 137 137 111
-18.153 36.289 1.015 160 160 152
-18.145 36.297 1.011 164 165 151
-18.120 36.287 1.004 188 192 191
-18.112 36.291 1.000 185 191 191
-18.075 36.282 0.988 195 199 200
-18.131 36.284 1.008 162 167 163
-18.091 36.291 0.993 173 178 181
-18.104 36.294 0.997 187 197 196
-18.078 36.257 0.994 185 195 197
-18.149 36.287 1.014 161 162 154
-18.150 36.289 1.014 165 166 158
-18.120 36.255 1.010 178 182 191
-18.062 36.220 0.995 196 198 197
-18.054 36.244 0.988 154 152 140
-18.050 36.213 0.992 106 104 92
-18.072 36.288 0.986 175 175 173
-18.047 36.266 0.981 87 86 68
-18.111 36.282 1.002 184 189 192
-18.100 36.264 1.001 171 178 186
-18.085 36.291 0.991 176 186 187
-18.069 36.248 0.992 186 189 194
-18.078 36.275 0.991 188 193 196
-18.132 36.282 1.009 170 174 173
-18.105 36.267 1.002 179 186 192
-18.066 36.222 0.996 195 196 198
-18.175 36.287 1.024 165 166 148
-18.066 36.276 0.986 105 102 93
-18.051 36.262 0.983 130 127 110
-18.157 36.285 1.018 130 123 115
-18.057 36.265 0.985 175 172 155
-18.071 36.273 0.989 198 200 199
-18.109 36.275 1.002 184 189 193
-18.146 36.291 1.012 155 158 149
-18.049 36.211 0.992 157 151 139
-18.105 36.279 1.000 179 184 188
-18.119 36.293 1.003 176 186 178
-18.052 36.247 0.986 110 109 91
-18.073 36.285 0.987 182 182 180
-18.068 36.298 0.983 130 126 115
-18.155 36.283 1.017 135 132 125
-18.068 36.237 0.994 192 193 195
-18.059 36.270 0.985 182 179 162
-18.154 36.295 1.015 152 146 130
-18.061 36.283 0.983 175 172 153
-18.175 36.295 1.022 172 170 149
-18.083 36.256 0.996 176 187 189
-18.052 36.284 0.980 173 171 150
-18.053 36.244 0.987 141 139 126
-18.054 36.219 0.992 81 78 69
-18.124 36.288 1.005 182 187 183
-18.107 36.273 1.002 184 189 193
-18.073 36.240 0.995 186 190 193
-18.133 36.288 1.008 154 159 155
-18.059 36.271 0.985 178 175 160
-18.070 36.299 0.983 140 131 122
-18.147 36.286 1.014 153 156 147
-18.115 36.257 1.007 176 181 187
-18.177 36.290 1.024 168 171 150
-18.074 36.240 0.996 186 191 195
-18.078 36.257 0.994 185 193 196
-18.059 36.272 0.985 182 179 162
-18.067 36.252 0.991 190 190 192
-18.111 36.290 1.000 189 195 195
-18.046 36.237 0.986 122 121 103
-18.046 36.220 0.989 162 156 140
-18.096 36.260 1.000 178 185 193
-18.078 36.270 0.992 184 192 195
