-18.586 36.631 0.872 192 180 156
-18.578 36.631 0.872 192 181 151
-18.594 36.632 0.877 143 131 105
-18.637 36.632 0.870 45 38 30
-18.646 36.632 0.867 46 42 33
-18.611 36.631 0.867 174 167 139
-18.599 36.632 0.878 144 133 105
-18.569 36.632 0.875 179 164 141
-18.566 36.632 0.875 184 169 146
-18.518 36.632 0.867 161 154 136
-18.549 36.630 0.868 179 169 134
-18.747 36.492 0.880 48 44 41
-18.760 36.503 0.870 45 40 34
-18.785 36.489 0.871 57 43 17
-18.772 36.490 0.874 49 42 34
-18.787 36.499 0.865 73 58 29
-18.748 36.494 0.879 48 44 41
-18.790 36.494 0.866 70 54 20
-18.798 36.491 0.866 157 134 90
-18.759 36.492 0.877 44 39 35
-18.760 36.454 0.871 42 42 44
-18.785 36.476 0.869 41 41 39
-18.749 36.470 0.879 89 84 78
-18.768 36.473 0.874 44 43 38
-18.768 36.460 0.870 45 46 38
-18.765 36.456 0.870 38 38 38
-18.763 36.440 0.866 40 41 36
-18.759 36.432 0.865 33 33 25
-18.752 36.482 0.881 56 52 49
-18.784 36.483 0.871 44 38 26
-18.749 36.459 0.876 108 104 95
-18.750 36.479 0.881 69 65 62
-18.762 36.450 0.869 45 45 47
-18.767 36.469 0.873 45 44 39
-18.757 36.470 0.876 47 46 41
-18.742 36.480 0.884 49 44 41
-18.778 36.480 0.872 49 45 36
-18.749 36.486 0.883 63 59 56
-18.757 36.461 0.874 39 39 31
-18.746 36.482 0.883 66 61 58
-18.778 36.487 0.874 49 42 34
-18.779 36.459 0.866 39 41 30
-18.754 36.443 0.870 37 35 36
-18.745 36.480 0.883 66 61 58
-18.743 36.463 0.879 43 36 26
-18.773 36.474 0.872 43 40 33
-18.936 36.451 1.277 52 51 47
-18.886 36.431 1.240 51 47 44
-18.851 36.433 1.310 59 56 47
-18.989 36.464 1.271 51 50 46
-18.925 36.448 1.278 51 50 46
-18.968 36.462 1.300 44 46 43
-18.933 36.451 1.286 54 51 46
-18.994 36.465 1.273 51 50 46
-19.008 36.454 1.176 47 46 42
-19.001 36.438 1.082 42 41 39
-18.876 36.435 1.278 50 51 45
-19.027 36.450 1.115 44 43 38
-18.968 36.449 1.211 48 47 43
-19.016 36.464 1.224 48 47 43
-18.981 36.444 1.157 46 46 38
-18.982 36.465 1.293 50 49 45
-18.903 36.440 1.267 49 50 45
-18.926 36.452 1.301 43 45 40
-18.908 36.443 1.277 50 49 45
-18.908 36.436 1.229 48 47 43
-18.974 36.436 1.117 44 43 39
-18.952 36.448 1.232 51 47 44
-18.924 36.451 1.303 44 45 40
-18.960 36.437 1.151 47 46 42
-18.864 36.435 1.301 48 47 42
-19.002 36.451 1.165 46 45 41
-18.902 36.433 1.225 48 47 43
-18.982 36.444 1.154 46 46 38
-18.994 36.448 1.161 47 46 41
-18.886 36.440 1.295 51 52 46
-18.912 36.437 1.232 49 48 44
-18.947 36.448 1.244 51 47 44
-19.012 36.467 1.256 49 48 43
-18.989 36.438 1.105 43 42 38
-19.001 36.470 1.293 51 50 46
-18.933 36.453 1.298 52 54 40
-18.908 36.439 1.252 49 48 44
-18.977 36.454 1.230 48 47 43
-19.010 36.472 1.289 52 51 46
-18.930 36.443 1.236 50 46 43
-19.003 36.454 1.181 46 45 41
-18.866 36.435 1.299 48 47 42
-18.956 36.444 1.201 47 46 42
-18.904 36.443 1.286 54 51 44
-18.906 36.444 1.286 54 51 44
-18.955 36.437 1.159 46 45 41
-18.942 36.445 1.231 51 47 44
-18.966 36.439 1.152 46 45 41
-19.007 36.473 1.301 47 47 39
-18.976 36.453 1.223 48 47 43
-18.948 36.447 1.234 51 47 44
-18.970 36.441 1.153 46 46 38
-18.936 36.447 1.253 52 48 45
-18.925 36.446 1.266 52 49 44
-18.833 36.427 1.305 41 41 33
-18.931 36.439 1.213 48 47 43
-18.978 36.437 1.117 44 43 39
-18.994 36.444 1.138 46 46 38
-18.898 36.436 1.245 49 48 44
-18.983 36.440 1.131 45 44 40
-19.021 36.440 1.064 41 40 36
-18.890 36.431 1.231 51 47 44
-18.986 36.453 1.204 48 47 43
-18.919 36.447 1.286 55 50 44
-18.982 36.445 1.164 46 46 38
-18.960 36.456 1.268 53 50 45
-18.919 36.441 1.248 48 47 43
-18.954 36.451 1.250 52 48 45
-18.913 36.433 1.203 50 46 43
-19.000 36.456 1.201 46 45 41
-18.977 36.438 1.124 44 43 39
-18.972 36.453 1.228 48 47 43
-18.957 36.443 1.191 47 46 42
-18.980 36.450 1.196 47 46 42
-18.995 36.466 1.273 51 50 46
-18.872 36.436 1.296 49 50 44
-18.989 36.456 1.223 48 47 43
-18.987 36.454 1.209 48 47 43
-18.979 36.463 1.282 51 50 45
-18.934 36.437 1.191 46 45 41
-18.958 36.454 1.259 52 49 44
-18.923 36.439 1.228 47 48 43
-18.976 36.447 1.182 47 46 42
-19.008 36.464 1.241 49 48 43
-19.027 36.440 1.049 40 39 35
-18.989 36.460 1.250 49 48 43
-18.841 36.428 1.296 51 51 41
-18.865 36.430 1.265 50 49 45
-18.924 36.436 1.207 48 47 43
-18.905 36.439 1.255 49 48 44
-18.986 36.466 1.296 49 48 44
-18.904 36.444 1.289 54 51 44
-18.922 36.452 1.312 56 54 41
-18.965 36.447 1.206 47 46 42
-18.991 36.439 1.107 43 42 38
-18.982 36.456 1.230 48 47 43
-18.920 36.439 1.233 49 48 44
-18.832 36.428 1.314 58 56 43
-18.960 36.439 1.159 46 45 41
-18.929 36.453 1.309 54 53 48
-18.997 36.442 1.117 44 43 38
-19.002 36.443 1.114 44 43 38
-18.899 36.439 1.269 49 50 45
-19.004 36.473 1.309 57 58 44
-18.975 36.451 1.213 47 46 42
-18.953 36.443 1.199 47 46 42
-18.999 36.463 1.252 49 48 43
-18.858 36.436 1.317 97 92 73
-18.892 36.438 1.271 47 49 44
-18.946 36.445 1.226 51 47 44
-18.987 36.462 1.261 50 49 44
-18.952 36.452 1.262 52 49 44
-18.997 36.459 1.230 50 49 45
-18.914 36.446 1.284 55 50 44
-18.997 36.459 1.226 49 48 44
-18.984 36.444 1.155 46 46 38
-18.968 36.442 1.167 46 45 41
-18.963 36.435 1.131 45 44 40
-19.000 36.451 1.167 46 45 41
-18.909 36.437 1.236 49 48 44
-18.867 36.433 1.283 51 52 44
-19.015 36.449 1.129 45 45 37
-18.832 36.427 1.307 51 51 43
-18.998 36.445 1.133 45 44 39
-19.025 36.441 1.063 40 39 35
-18.938 36.441 1.214 47 46 42
-18.960 36.442 1.179 46 45 41
-18.903 36.436 1.243 50 49 45
-18.890 36.443 1.312 60 61 47
-18.962 36.452 1.244 51 47 44
-18.957 36.438 1.158 46 45 41
-18.982 36.467 1.302 45 45 37
-18.984 36.462 1.272 50 49 47
-19.010 36.474 1.302 46 46 38
-18.947 36.452 1.266 52 49 44
-18.969 36.436 1.127 44 43 41
-18.991 36.444 1.140 47 47 39
-18.942 36.438 1.185 46 45 41
-19.011 36.460 1.210 47 46 42
-18.944 36.453 1.281 53 49 50
-18.852 36.430 1.292 52 54 43
-18.975 36.442 1.153 46 46 38
-18.989 36.455 1.216 48 47 43
-19.017 36.445 1.099 44 42 43
-18.892 36.436 1.260 50 51 46
-18.998 36.466 1.268 51 50 45
-18.969 36.453 1.239 51 47 44
-18.942 36.444 1.227 51 47 44
-18.848 36.429 1.288 52 52 42
-18.904 36.437 1.248 49 48 44
-18.908 36.444 1.284 53 50 45
-18.997 36.438 1.090 43 42 38
-18.896 36.437 1.256 49 50 45
-19.024 36.448 1.107 44 43 39
-18.825 36.427 1.317 61 58 41
-18.982 36.464 1.282 51 50 45
-18.957 36.448 1.224 50 46 43
-18.918 36.436 1.215 50 46 43
-18.935 36.455 1.305 50 50 48
-18.998 36.452 1.180 46 45 41
-18.965 36.455 1.255 52 49 44
-18.938 36.441 1.213 47 46 42
-18.932 36.441 1.222 49 48 44
-19.024 36.448 1.110 44 43 39
-18.930 36.447 1.266 53 50 45
-18.907 36.432 1.209 50 46 43
-19.017 36.458 1.184 47 46 42
-18.994 36.460 1.240 49 48 44
-18.939 36.447 1.252 52 48 45
-18.931 36.440 1.219 48 47 43
-18.938 36.446 1.245 51 47 44
-19.021 36.441 1.065 41 40 36
-19.003 36.441 1.099 43 42 38
-19.015 36.442 1.088 42 42 40
-18.927 36.433 1.179 46 45 41
-18.956 36.455 1.275 49 50 44
-18.873 36.434 1.281 51 52 44
-18.955 36.442 1.186 46 45 41
-18.985 36.438 1.108 43 42 38
-19.015 36.457 1.184 48 47 43
-18.880 36.432 1.256 49 50 45
-19.000 36.443 1.113 44 43 38
-18.986 36.442 1.132 46 45 41
-19.010 36.459 1.206 48 47 43
-19.025 36.442 1.067 41 40 36
-19.008 36.448 1.138 45 45 37
-19.016 36.439 1.062 41 40 36
-18.933 36.441 1.225 50 46 43
-18.906 36.435 1.231 49 48 44
-18.972 36.453 1.231 48 47 43
-18.993 36.453 1.195 48 47 43
-18.998 36.453 1.185 46 45 41
-18.990 36.459 1.237 49 48 44
-18.899 36.439 1.264 49 50 45
-19.012 36.465 1.238 49 48 44
-18.930 36.448 1.274 49 51 40
-19.000 36.440 1.098 43 42 38
-18.840 36.429 1.303 41 41 33
-18.934 36.451 1.283 53 49 48
-19.018 36.446 1.102 43 41 42
-18.969 36.453 1.239 51 47 44
-18.991 36.454 1.206 48 47 43
-19.011 36.467 1.254 49 48 43
-18.994 36.444 1.132 45 44 39
-19.025 36.443 1.073 41 40 36
-18.891 36.436 1.261 51 52 47
-18.993 36.458 1.225 48 47 43
-19.007 36.455 1.186 46 45 41
-19.028 36.450 1.112 44 43 38
-18.953 36.435 1.148 45 44 40
-18.876 36.432 1.262 50 49 45
-18.930 36.439 1.210 48 47 43
-18.994 36.448 1.163 47 46 41
-18.835 36.430 1.318 94 91 72
-19.016 36.465 1.233 49 48 44
-18.909 36.444 1.280 53 50 45
-18.984 36.459 1.250 50 49 44
-18.889 36.433 1.242 49 48 44
-18.884 36.433 1.255 49 50 45
-18.979 36.450 1.202 48 47 43
-18.992 36.457 1.221 48 47 43
-18.966 36.457 1.266 52 49 44
-19.013 36.455 1.174 47 46 42
-19.004 36.456 1.195 46 45 41
-18.854 36.434 1.309 59 56 47
-18.918 36.442 1.253 49 48 44
-18.996 36.442 1.115 44 43 38
-18.990 36.445 1.149 47 47 39
-18.961 36.439 1.158 46 45 41
-18.991 36.455 1.209 48 47 43
-18.993 36.469 1.300 45 44 39
-19.000 36.452 1.179 46 45 41
-18.997 36.458 1.221 48 47 43
-18.883 36.433 1.259 49 50 45
-18.868 36.430 1.261 49 48 44
-18.985 36.464 1.282 51 50 45
-18.989 36.458 1.233 49 48 44
-18.979 36.459 1.260 50 49 44
-18.980 36.457 1.242 49 48 43
-18.898 36.431 1.218 51 47 44
-18.964 36.452 1.241 51 47 44
-18.956 36.450 1.239 51 47 44
-19.005 36.443 1.106 43 42 37
-18.978 36.447 1.182 47 46 42
-18.918 36.441 1.249 49 48 44
-18.997 36.440 1.101 43 42 38
-18.951 36.450 1.248 51 47 44
-18.911 36.441 1.260 49 48 44
-19.026 36.449 1.110 44 43 39
-18.884 36.434 1.263 50 51 46
-19.015 36.469 1.262 50 49 44
-18.967 36.461 1.293 50 52 39
-19.000 36.459 1.222 48 47 43
-18.949 36.441 1.191 46 45 41
-19.022 36.448 1.111 44 43 39
-18.988 36.461 1.253 50 49 44
-18.950 36.455 1.280 53 49 50
-18.881 36.438 1.289 51 51 43
-18.938 36.451 1.279 52 51 47
-18.925 36.440 1.226 50 46 43
-18.945 36.458 1.309 54 53 49
-18.850 36.432 1.305 42 41 36
-18.911 36.445 1.282 53 50 45
-19.015 36.461 1.206 48 47 43
-18.880 36.437 1.285 51 52 46
-19.004 36.443 1.113 44 43 38
-19.006 36.451 1.157 46 45 40
-18.971 36.456 1.254 50 49 44
-18.935 36.443 1.233 51 47 44
-18.995 36.469 1.296 49 48 44
-19.015 36.456 1.178 48 47 43
-19.016 36.461 1.205 48 47 43
-19.002 36.466 1.261 50 49 44
-18.928 36.438 1.207 48 47 43
-18.944 36.432 1.142 46 45 41
-18.819 36.419 1.276 51 50 45
-18.743 36.399 1.270 49 49 41
-18.815 36.424 1.315 59 57 42
-18.734 36.396 1.269 48 49 44
-18.829 36.419 1.256 49 48 44
-18.860 36.426 1.252 49 48 44
-18.929 36.427 1.136 45 44 40
-18.816 36.422 1.302 47 46 41
-18.868 36.420 1.191 49 45 42
-18.971 36.434 1.109 44 43 39
-18.741 36.400 1.280 51 51 43
-18.772 36.408 1.283 50 49 45
-18.749 36.405 1.304 49 49 39
-19.012 36.437 1.061 41 40 35
-18.779 36.414 1.308 47 47 37
-18.722 36.397 1.297 53 50 41
-18.912 36.428 1.170 46 45 41
-18.841 36.426 1.284 52 52 42
-18.878 36.425 1.208 48 44 41
-18.892 36.423 1.173 47 46 42
-18.765 36.400 1.243 49 48 44
-18.785 36.408 1.259 48 47 43
-18.875 36.427 1.228 50 46 43
-18.967 36.429 1.084 42 41 36
-18.826 36.410 1.202 49 45 42
-18.782 36.404 1.235 48 47 43
-18.839 36.427 1.293 52 52 42
-18.881 36.420 1.173 47 46 42
-18.773 36.404 1.249 49 48 44
-18.761 36.402 1.261 49 48 43
-18.917 36.429 1.171 46 45 41
-18.883 36.429 1.226 50 46 43
-18.719 36.396 1.292 52 49 42
-18.898 36.422 1.155 46 45 41
-18.876 36.416 1.157 45 44 40
-18.841 36.427 1.286 52 52 42
-18.902 36.422 1.148 45 44 40
-18.824 36.413 1.225 50 46 43
-18.864 36.429 1.260 49 48 44
-18.811 36.418 1.283 52 48 45
-18.831 36.412 1.208 48 44 41
-18.862 36.424 1.230 50 46 43
-18.896 36.419 1.137 45 44 40
-18.867 36.418 1.183 49 45 42
-18.794 36.411 1.260 48 47 43
-18.919 36.430 1.171 46 45 41
-18.814 36.420 1.286 51 50 45
-18.781 36.413 1.299 51 51 43
-18.855 36.427 1.264 49 48 44
-18.925 36.432 1.176 46 45 41
-18.779 36.404 1.243 48 47 43
-18.964 36.434 1.121 45 44 40
-18.910 36.431 1.193 49 45 42
-18.865 36.414 1.162 48 44 41
-18.787 36.416 1.312 57 54 47
-18.795 36.405 1.220 51 47 44
-18.816 36.410 1.221 50 46 43
-18.982 36.434 1.093 42 41 37
-18.820 36.409 1.204 50 46 43
-18.934 36.428 1.132 45 44 40
-18.875 36.424 1.212 50 46 43
-18.758 36.408 1.306 49 49 39
-18.951 36.429 1.107 43 42 38
-18.908 36.431 1.196 49 45 42
-18.742 36.396 1.254 49 48 43
-18.823 36.414 1.234 50 46 43
-18.745 36.401 1.278 51 51 43
-18.862 36.418 1.191 49 45 42
-18.798 36.418 1.307 49 48 43
-18.829 36.419 1.257 49 48 44
-18.791 36.405 1.230 49 45 42
-18.973 36.432 1.090 42 41 37
-18.820 36.415 1.246 50 46 43
-18.821 36.409 1.201 50 46 43
-18.849 36.417 1.207 49 45 42
-18.968 36.433 1.106 44 43 39
-18.882 36.421 1.180 50 46 43
-18.856 36.418 1.204 49 45 42
-18.930 36.426 1.128 44 43 39
-18.973 36.433 1.095 43 42 38
-18.926 36.432 1.172 46 45 41
-18.803 36.406 1.214 50 46 43
-19.016 36.438 1.058 40 39 35
-18.834 36.414 1.210 49 45 42
-18.788 36.412 1.279 52 48 47
-18.935 36.429 1.136 45 44 40
-18.756 36.405 1.289 51 51 43
-18.899 36.423 1.162 45 44 40
-18.936 36.430 1.144 45 44 40
-18.898 36.422 1.157 46 45 41
-18.973 36.431 1.083 43 42 38
-18.803 36.407 1.222 50 46 43
-18.926 36.426 1.135 45 44 40
-18.925 36.430 1.161 46 45 41
-18.903 36.430 1.198 49 45 42
-18.971 36.435 1.114 44 43 39
-18.850 36.423 1.249 50 49 45
-18.824 36.408 1.193 49 45 42
-18.873 36.424 1.215 49 45 42
-18.832 36.421 1.267 50 49 45
-18.797 36.408 1.236 50 46 43
-18.779 36.406 1.255 49 48 44
-18.788 36.411 1.275 49 48 43
-18.801 36.409 1.235 50 46 43
-18.876 36.424 1.205 48 44 41
-18.869 36.416 1.165 48 44 41
-18.891 36.428 1.209 49 45 42
-18.881 36.427 1.218 49 45 42
-18.816 36.424 1.314 59 57 42
-18.743 36.401 1.285 51 51 41
-18.818 36.424 1.309 49 49 41
-18.884 36.417 1.148 45 44 40
-18.754 36.399 1.250 47 46 41
-18.935 36.428 1.133 45 44 40
-18.930 36.429 1.147 46 45 41
-18.838 36.416 1.220 49 45 42
-18.922 36.428 1.153 44 43 39
-18.889 36.429 1.218 49 45 42
-18.784 36.413 1.293 51 50 46
-18.811 36.412 1.243 50 46 43
-18.794 36.414 1.285 50 49 45
-18.804 36.413 1.261 49 48 43
-18.950 36.432 1.128 44 43 39
-18.798 36.409 1.242 50 46 43
-18.898 36.420 1.143 45 44 40
-18.933 36.432 1.159 46 45 41
-18.964 36.429 1.087 43 42 37
-18.894 36.422 1.164 46 45 41
-18.985 36.434 1.081 43 42 38
-18.817 36.425 1.315 59 57 42
-18.710 36.392 1.285 53 49 46
-18.868 36.415 1.160 47 43 40
-18.842 36.420 1.242 51 47 44
-18.811 36.409 1.222 50 46 43
-18.786 36.410 1.270 49 48 43
-18.881 36.421 1.181 49 45 42
-18.832 36.422 1.273 49 50 45
-18.722 36.395 1.283 52 49 44
-18.833 36.411 1.195 49 45 42
-18.902 36.426 1.174 46 45 41
-18.769 36.401 1.242 49 48 44
-18.896 36.426 1.183 50 46 43
-18.879 36.425 1.211 50 46 43
-18.845 36.415 1.199 49 45 42
-18.867 36.419 1.187 49 45 42
-18.862 36.420 1.207 49 45 42
-18.879 36.428 1.228 50 46 43
-18.809 36.411 1.236 50 46 43
-18.955 36.430 1.111 44 43 39
-18.983 36.433 1.079 43 42 38
-18.884 36.418 1.154 45 44 40
-18.778 36.413 1.309 47 47 37
-18.877 36.418 1.163 46 45 41
-18.718 36.393 1.275 48 49 44
-18.963 36.432 1.111 44 43 39
-18.836 36.420 1.249 48 47 43
-18.842 36.411 1.180 48 44 41
-18.939 36.426 1.114 44 43 39
-18.921 36.431 1.178 48 44 41
-18.811 36.422 1.305 47 46 41
-18.839 36.417 1.225 49 45 42
-18.906 36.425 1.164 46 45 41
-19.001 36.435 1.061 41 40 35
-18.801 36.417 1.290 50 49 44
-18.800 36.408 1.234 50 46 43
-18.924 36.426 1.134 45 44 40
-18.886 36.418 1.150 45 44 40
-18.819 36.414 1.241 50 46 43
-18.860 36.414 1.166 48 44 41
-18.768 36.402 1.248 48 47 43
-18.891 36.420 1.154 45 44 40
-18.996 36.436 1.076 43 42 37
-18.828 36.412 1.208 49 45 42
-18.950 36.430 1.117 44 43 39
-18.726 36.397 1.289 53 50 43
-18.750 36.405 1.301 49 49 41
-18.925 36.423 1.117 44 43 39
-18.891 36.430 1.224 49 45 42
-18.813 36.420 1.291 52 52 44
-18.810 36.421 1.300 51 50 45
-18.798 36.405 1.220 51 47 44
-18.884 36.419 1.156 45 44 40
-18.852 36.417 1.204 48 44 41
-18.777 36.407 1.264 49 48 43
-18.778 36.409 1.279 50 49 44
-18.819 36.414 1.239 50 46 43
-18.819 36.416 1.255 50 49 45
-18.866 36.421 1.204 48 44 41
-18.870 36.418 1.178 48 44 41
-18.828 36.414 1.226 50 46 43
-18.840 36.417 1.226 49 45 42
-18.767 36.410 1.305 47 47 37
-18.864 36.415 1.170 48 44 41
-18.813 36.410 1.224 50 46 43
-18.806 36.406 1.211 50 46 43
-18.988 36.435 1.085 43 42 38
-18.833 36.416 1.231 50 46 43
-18.830 36.410 1.192 49 45 42
-18.972 36.432 1.093 42 41 37
-18.807 36.416 1.273 50 49 44
-18.760 36.403 1.267 50 50 42
-19.014 36.437 1.057 40 39 34
-18.874 36.428 1.236 50 46 43
-18.732 36.400 1.296 53 50 43
-18.801 36.409 1.238 50 46 43
-18.806 36.420 1.306 44 43 38
-18.831 36.416 1.230 50 46 43
-18.759 36.405 1.286 51 50 45
-18.924 36.430 1.165 46 45 41
-18.952 36.427 1.095 43 42 37
-18.823 36.421 1.279 53 50 41
-18.885 36.419 1.160 46 45 41
-18.739 36.401 1.289 51 51 41
-18.821 36.426 1.317 61 58 41
-18.797 36.407 1.229 49 45 42
-18.819 36.414 1.237 50 46 43
-18.937 36.430 1.145 45 44 40
-18.919 36.423 1.124 44 43 41
-18.977 36.434 1.098 43 42 38
-18.764 36.406 1.282 51 50 45
-18.850 36.416 1.197 49 45 42
-18.808 36.411 1.240 50 46 43
-18.822 36.426 1.313 59 57 44
-18.786 36.413 1.289 50 50 42
-18.781 36.405 1.243 48 47 43
-18.918 36.426 1.150 45 44 40
-18.810 36.411 1.235 50 46 43
-18.741 36.400 1.282 50 50 40
-18.756 36.403 1.275 50 50 42
-19.012 36.436 1.024 39 40 35
-18.853 36.418 0.959 41 38 19
-18.900 36.425 0.976 40 40 32
-18.888 36.420 0.976 57 54 45
-18.957 36.432 0.998 42 39 32
-18.883 36.425 0.966 103 101 89
-18.979 36.435 1.006 40 39 34
-18.879 36.420 0.971 101 98 89
-18.867 36.424 0.958 46 40 28
-18.937 36.431 0.987 44 41 34
-18.952 36.433 0.993 42 39 32
-18.898 36.421 0.981 48 48 38
-18.925 36.423 0.993 45 42 33
-18.807 36.405 0.953 176 168 145
-18.981 36.432 1.012 40 39 34
-18.755 36.395 0.939 171 163 124
-18.879 36.427 0.961 41 37 25
-18.878 36.420 0.970 114 111 102
-18.937 36.425 0.997 42 39 32
-18.963 36.431 1.002 42 39 32
-18.941 36.426 0.998 43 40 33
-18.811 36.405 0.956 146 137 122
-18.846 36.412 0.964 42 39 24
-18.806 36.403 0.955 135 127 106
-18.974 36.434 1.004 40 39 34
-18.911 36.430 0.974 39 35 32
-18.759 36.396 0.940 168 162 126
-18.781 36.401 0.944 42 42 34
-18.865 36.414 0.973 107 104 97
-18.847 36.414 0.961 51 48 31
-18.910 36.429 0.976 39 36 31
-18.813 36.407 0.953 146 137 122
-18.846 36.415 0.960 58 55 36
-18.806 36.405 0.952 176 168 145
-18.861 36.419 0.962 39 40 24
-18.798 36.406 0.947 37 34 15
-18.863 36.422 0.958 47 46 28
-18.657 36.363 0.991 45 45 35
-18.759 36.386 0.993 43 43 33
-18.706 36.380 0.959 157 151 125
-18.655 36.364 0.988 38 38 26
-18.828 36.398 1.011 44 44 36
-18.962 36.427 1.011 40 40 32
-18.710 36.375 0.992 42 43 29
-18.785 36.388 1.010 45 45 35
-18.746 36.381 1.003 43 43 33
-18.690 36.373 0.979 108 105 96
-18.933 36.420 1.013 41 41 33
-18.837 36.404 0.989 45 45 37
-18.815 36.398 0.995 46 46 36
-18.690 36.372 0.986 40 37 28
-18.930 36.420 1.011 39 39 31
-19.020 36.437 1.029 39 38 34
-18.766 36.384 1.008 43 43 35
-18.712 36.378 0.980 83 78 74
-18.619 36.354 0.998 38 37 32
-18.852 36.406 0.992 45 45 37
-18.923 36.420 1.001 43 40 31
-18.971 36.426 1.025 42 39 34
-18.713 36.374 0.998 42 42 34
-18.918 36.420 0.998 43 40 31
-18.859 36.407 0.996 45 45 37
-18.751 36.383 0.995 42 42 32
-18.762 36.385 0.998 43 43 33
-18.833 36.406 0.971 113 110 101
-18.754 36.391 0.958 140 129 107
-18.798 36.392 1.006 46 46 36
-18.758 36.383 1.004 43 43 33
-18.907 36.414 1.014 40 40 32
-18.997 36.432 1.028 39 38 34
-18.680 36.369 0.989 38 37 33
-18.763 36.386 0.996 43 43 33
-18.767 36.387 0.996 45 45 35
-18.815 36.394 1.014 45 45 35
-18.727 36.386 0.955 183 176 147
-18.781 36.392 0.985 41 44 37
-18.803 36.395 0.996 46 46 36
-18.887 36.414 0.994 44 41 34
-18.691 36.372 0.983 58 55 46
-18.786 36.397 0.963 150 134 121
-18.751 36.389 0.967 44 37 27
-18.728 36.382 0.975 89 94 74
-18.837 36.405 0.982 49 42 32
-18.910 36.415 1.013 40 40 32
-18.682 36.373 0.972 61 64 47
-18.746 36.384 0.987 45 43 28
-18.767 36.396 0.949 186 181 152
-18.697 36.376 0.971 59 56 49
-18.851 36.403 1.008 45 45 37
-18.932 36.420 1.014 41 41 33
-18.798 36.398 0.975 88 85 70
-18.632 36.357 0.994 48 47 42
-18.761 36.385 0.999 43 43 33
-18.782 36.390 0.995 46 46 36
-18.807 36.403 0.957 89 81 60
-18.838 36.408 0.967 48 44 32
-18.708 36.377 0.976 96 91 88
-18.986 36.430 1.023 42 39 34
-18.801 36.392 1.006 46 46 36
-18.686 36.369 0.996 42 42 34
-18.717 36.379 0.979 68 63 59
-18.721 36.383 0.960 131 127 100
-18.748 36.384 0.987 47 45 32
-18.944 36.423 1.010 41 41 33
-18.981 36.430 1.015 40 39 34
-18.996 36.433 1.020 40 39 35
-18.762 36.385 0.999 43 43 33
-18.977 36.430 1.013 40 39 34
-18.781 36.390 0.995 46 46 36
-18.793 36.390 1.012 46 46 36
-18.759 36.390 0.971 63 57 43
-18.740 36.385 0.975 109 109 97
-18.805 36.393 1.008 46 46 36
-18.860 36.408 0.991 45 45 37
-18.830 36.405 0.972 121 118 109
-18.843 36.406 0.985 47 40 32
-18.690 36.376 0.965 44 45 29
-18.719 36.379 0.982 61 58 51
-18.812 36.399 0.984 46 43 36
-18.652 36.361 0.998 41 40 35
-18.794 36.397 0.971 115 108 90
-18.822 36.403 0.975 84 81 74
-18.694 36.373 0.982 70 65 59
-18.874 36.412 0.986 45 45 35
-18.784 36.396 0.968 135 124 106
-18.865 36.406 1.007 44 44 36
-18.751 36.389 0.966 44 37 27
-18.865 36.411 0.979 39 36 29
-18.697 36.371 0.998 42 42 34
-18.933 36.422 1.006 43 40 33
-18.819 36.403 0.969 73 76 67
-18.714 36.380 0.970 47 45 33
-19.022 36.437 1.028 38 39 34
-18.789 36.396 0.974 143 138 119
-18.876 36.409 1.006 45 42 35
-18.961 36.426 1.017 40 40 30
-18.847 36.402 1.011 45 45 37
-18.947 36.424 1.012 40 40 32
-18.764 36.394 0.953 184 177 149
-18.681 36.369 0.988 40 40 30
-18.765 36.395 0.948 181 174 146
-18.945 36.424 1.006 43 40 33
-18.868 36.405 1.016 44 44 36
-18.702 36.377 0.970 40 37 30
-18.915 36.416 1.013 40 40 32
-18.785 36.399 0.951 48 41 35
-18.738 36.387 0.960 173 165 142
-18.694 36.376 0.968 36 33 24
-18.908 36.417 1.000 43 40 33
-18.791 36.396 0.973 143 138 119
-18.721 36.384 0.954 196 185 153
-18.749 36.381 1.008 42 42 32
-18.721 36.385 0.954 196 185 153
-18.821 36.399 0.992 45 45 35
-18.982 36.430 1.019 42 39 34
-18.902 36.414 1.013 41 41 33
-18.981 36.431 1.015 40 39 34
-18.881 36.412 0.998 47 44 37
-18.723 36.376 1.001 42 42 34
-18.838 36.401 1.003 45 45 37
-18.807 36.402 0.960 56 49 30
-18.913 36.414 1.021 41 41 33
-18.907 36.418 0.995 44 41 34
-18.978 36.428 1.025 42 39 34
-18.786 36.389 1.005 45 45 35
-18.831 36.397 1.015 44 44 36
-18.984 36.431 1.018 40 39 34
-18.785 36.399 0.951 48 41 35
-18.968 36.429 1.010 41 40 35
-18.748 36.380 1.009 42 42 34
-18.890 36.409 1.020 42 42 34
-18.860 36.409 0.989 45 45 37
-18.828 36.401 0.989 46 46 38
-18.908 36.415 1.011 40 40 32
-18.764 36.385 1.003 43 43 33
-18.781 36.398 0.955 60 46 35
-18.846 36.403 1.004 45 45 37
-18.791 36.399 0.957 43 30 21
-18.752 36.393 0.947 174 163 131
-18.833 36.399 1.009 45 45 37
-18.767 36.387 0.997 45 45 35
-18.899 36.412 1.019 41 41 33
-18.953 36.423 1.025 40 40 30
-18.795 36.391 1.006 46 46 36
-18.943 36.422 1.014 41 41 33
-18.709 36.379 0.967 43 40 33
-18.830 36.399 1.003 45 45 37
-18.840 36.401 1.004 45 45 37
-18.980 36.430 1.019 42 39 34
-18.707 36.376 0.982 82 74 72
-19.013 36.435 1.027 38 39 34
-18.918 36.418 1.005 43 40 33
-18.668 36.368 0.980 119 120 106
-18.685 36.373 0.973 54 57 40
-18.644 36.360 1.016 43 42 37
-18.869 36.407 1.048 42 41 36
-18.711 36.377 1.072 43 43 35
-18.647 36.362 1.041 43 42 37
-18.659 36.375 1.184 49 46 41
-18.762 36.385 1.040 41 40 35
-18.653 36.370 1.141 49 46 39
-18.695 36.385 1.227 48 48 40
-18.706 36.372 1.012 42 42 34
-18.621 36.356 1.026 44 43 38
-18.924 36.422 1.095 43 42 37
-18.673 36.367 1.029 42 41 36
-18.721 36.383 1.122 46 43 38
-18.807 36.397 1.078 43 42 37
-18.694 36.376 1.099 46 43 36
-18.695 36.384 1.217 47 47 37
-18.663 36.371 1.130 47 47 39
-18.742 36.383 1.073 43 43 35
-18.821 36.407 1.186 48 44 41
-18.791 36.399 1.158 47 44 39
-18.750 36.391 1.161 47 44 39
-18.709 36.391 1.271 48 49 44
-18.662 36.375 1.176 49 46 41
-18.658 36.373 1.160 49 46 41
-18.688 36.372 1.060 43 43 35
-18.744 36.383 1.060 44 44 36
-18.813 36.401 1.118 46 42 39
-18.688 36.382 1.205 48 47 43
-18.659 36.373 1.154 49 46 39
-18.794 36.395 1.085 44 43 38
-18.819 36.397 1.046 42 41 36
-18.664 36.369 1.090 47 44 37
-18.985 36.430 1.039 39 38 33
-18.859 36.406 1.066 42 41 36
-18.696 36.388 1.275 49 50 45
-18.680 36.374 1.113 46 46 38
-18.649 36.361 1.017 43 42 37
-18.685 36.370 1.044 42 42 34
-18.680 36.373 1.094 44 44 36
-18.903 36.417 1.088 43 42 37
-18.797 36.393 1.052 42 41 36
-18.783 36.391 1.063 43 42 37
-18.738 36.381 1.044 41 41 33
-18.713 36.380 1.108 47 44 37
-18.710 36.372 1.007 42 42 34
-18.756 36.387 1.080 44 44 36
-18.764 36.390 1.106 47 44 39
-18.787 36.388 1.014 45 45 35
-18.762 36.388 1.086 43 43 35
-18.976 36.429 1.061 42 41 36
-18.681 36.377 1.162 48 44 41
-18.843 36.410 1.159 48 44 41
-18.676 36.378 1.187 49 45 42
-18.658 36.370 1.126 46 46 38
-18.727 36.381 1.079 44 44 36
-18.695 36.384 1.216 47 47 37
-18.856 36.412 1.154 47 46 41
-18.661 36.368 1.083 46 43 36
-18.909 36.418 1.083 43 42 37
-18.962 36.425 1.032 39 38 33
-18.744 36.392 1.187 48 45 38
-18.716 36.377 1.060 43 43 35
-18.707 36.383 1.170 47 46 41
-18.715 36.391 1.253 49 48 43
-18.904 36.418 1.104 43 42 38
-18.841 36.404 1.089 43 42 38
-18.684 36.377 1.146 48 45 40
-18.745 36.390 1.152 47 44 39
-18.716 36.375 1.030 41 40 35
-18.651 36.362 1.020 43 42 37
-18.693 36.388 1.282 48 49 44
-18.879 36.412 1.088 43 42 40
-18.829 36.399 1.053 42 41 36
-18.784 36.401 1.206 48 44 41
-18.665 36.370 1.110 45 45 37
-18.855 36.403 1.036 42 42 34
-18.982 36.431 1.061 42 41 36
-18.698 36.385 1.221 47 47 39
-18.773 36.396 1.167 48 45 40
-18.708 36.376 1.066 43 43 35
-18.840 36.402 1.052 42 41 36
-18.731 36.392 1.233 47 46 42
-18.826 36.399 1.049 42 41 36
-18.745 36.391 1.179 48 45 40
-18.793 36.399 1.157 47 44 39
-18.778 36.400 1.212 47 46 42
-18.715 36.379 1.091 46 43 36
-18.770 36.393 1.130 46 42 39
-18.777 36.398 1.177 48 45 40
-18.787 36.389 1.016 43 43 35
-18.701 36.379 1.134 48 45 40
-18.777 36.388 1.042 41 40 35
-18.806 36.399 1.120 46 42 39
-18.734 36.379 1.031 42 42 34
-18.759 36.383 1.011 42 42 34
-18.705 36.381 1.141 46 45 40
-18.997 36.433 1.048 40 39 34
-18.796 36.395 1.091 44 44 36
-18.806 36.396 1.067 42 41 36
-18.704 36.388 1.254 48 47 42
-18.679 36.375 1.130 46 46 38
-18.797 36.393 1.047 41 40 35
-18.698 36.389 1.281 48 49 44
-18.730 36.377 1.010 42 42 34
-18.647 36.360 1.013 42 41 36
-18.876 36.409 1.056 44 41 36
-18.940 36.425 1.100 43 42 37
-18.814 36.395 1.028 42 42 34
-18.927 36.418 1.043 41 40 35
-18.649 36.360 1.009 42 41 36
-18.901 36.416 1.080 45 41 38
-18.684 36.376 1.128 46 46 38
-18.663 36.374 1.164 49 46 41
-18.682 36.380 1.193 47 46 44
-18.813 36.397 1.060 41 40 35
-18.693 36.384 1.219 47 47 37
-18.740 36.392 1.195 49 46 39
-18.817 36.396 1.036 42 42 34
-18.982 36.429 1.032 41 40 35
-18.759 36.387 1.075 43 43 35
-18.746 36.389 1.140 47 44 39
-18.701 36.378 1.116 47 44 39
-18.718 36.391 1.255 49 48 43
-18.728 36.386 1.148 45 44 39
-18.819 36.396 1.035 42 42 34
-18.953 36.425 1.063 42 41 37
-18.843 36.405 1.095 43 42 38
-18.755 36.382 1.016 42 42 34
-18.807 36.401 1.131 47 44 39
-18.749 36.388 1.125 47 44 39
-18.758 36.398 1.240 49 48 44
-18.784 36.400 1.197 48 44 41
-18.770 36.388 1.063 43 43 35
-18.663 36.372 1.143 48 45 38
-18.735 36.383 1.086 44 44 36
-18.878 36.411 1.071 44 40 37
-18.707 36.386 1.220 48 48 40
-18.758 36.390 1.119 47 44 39
-18.780 36.389 1.048 42 41 36
-18.715 36.391 1.256 50 49 44
-18.947 36.426 1.097 43 42 37
-18.783 36.389 1.040 41 40 35
-18.845 36.406 1.107 43 42 37
-18.932 36.418 1.026 40 40 32
-18.826 36.396 1.016 44 44 36
-18.798 36.402 1.175 49 45 42
-18.739 36.381 1.040 43 42 37
-18.636 36.357 1.004 44 43 38
-18.787 36.400 1.181 48 44 41
-18.634 36.360 1.041 45 42 35
-18.746 36.391 1.173 48 45 40
-18.732 36.386 1.132 47 44 39
-18.796 36.402 1.179 49 45 42
-18.920 36.418 1.052 41 40 36
-18.957 36.423 1.026 40 40 30
-18.655 36.362 1.013 42 41 36
-18.682 36.377 1.150 47 44 39
-18.835 36.405 1.116 44 43 38
-18.715 36.378 1.069 42 42 34
-18.686 36.385 1.253 49 49 41
-18.891 36.412 1.048 43 40 35
-18.872 36.406 1.025 42 42 34
-18.635 36.358 1.016 43 42 37
-18.708 36.384 1.172 47 46 41
-18.772 36.399 1.209 47 46 42
-18.844 36.411 1.173 48 44 41
-18.653 36.371 1.156 49 46 39
-19.020 36.437 1.038 39 38 34
-18.848 36.408 1.122 44 43 38
-18.706 36.390 1.279 49 50 45
-18.652 36.362 1.022 43 42 37
-18.831 36.400 1.053 42 41 36
-18.962 36.428 1.075 42 41 36
-18.836 36.410 1.178 48 44 41
-18.749 36.383 1.041 41 40 35
-18.783 36.402 1.219 48 47 43
-18.943 36.421 1.034 39 38 33
-18.805 36.392 1.020 43 43 35
-18.994 36.432 1.043 40 39 34
-18.746 36.393 1.197 49 46 39
-18.768 36.399 1.226 46 47 41
-18.776 36.396 1.157 46 43 38
-18.745 36.383 1.055 42 42 34
-18.734 36.385 1.122 47 44 37
-18.700 36.387 1.248 48 47 42
-18.922 36.420 1.079 43 42 37
-18.663 36.364 1.014 42 41 36
-18.740 36.384 1.089 44 44 36
-18.762 36.385 1.030 42 42 34
-18.672 36.375 1.158 48 45 40
-18.697 36.388 1.264 49 48 43
-18.738 36.385 1.111 47 44 37
-18.639 36.360 1.038 43 42 37
-18.770 36.396 1.180 47 44 39
-18.772 36.399 1.207 47 46 42
-18.766 36.386 1.033 42 41 36
-18.689 36.370 1.034 42 41 36
-18.724 36.388 1.191 47 47 39
-18.766 36.387 1.052 42 42 34
-19.017 36.437 1.046 39 38 34
-18.721 36.376 1.022 41 41 33
-18.688 36.369 1.015 42 42 34
-18.703 36.372 1.018 43 43 35
-18.781 36.395 1.132 48 45 40
-18.679 36.379 1.186 49 45 42
-18.662 36.371 1.125 47 47 39
-18.874 36.409 1.054 44 41 36
-18.717 36.374 1.016 41 41 33
-18.878 36.408 1.033 42 42 34
-18.812 36.399 1.101 43 42 38
-18.719 36.389 1.217 47 47 39
-18.763 36.391 1.121 46 43 38
-18.787 36.394 1.096 45 44 39
-18.711 36.389 1.243 49 49 41
-18.663 36.367 1.070 46 43 36
-18.722 36.382 1.109 47 44 37
-18.788 36.402 1.205 48 44 41
-18.899 36.419 1.132 44 43 39
-18.914 36.416 1.049 44 41 36
-18.829 36.406 1.145 46 45 40
-18.834 36.402 1.081 43 42 37
-18.968 36.426 1.037 40 39 34
-18.731 36.379 1.038 43 42 37
-18.719 36.385 1.158 46 45 40
-18.769 36.396 1.182 47 44 39
-18.776 36.388 1.039 43 42 37
-18.927 36.423 1.111 44 43 39
-18.773 36.386 1.013 42 42 34
-18.804 36.393 1.036 41 41 33
-18.681 36.380 1.204 48 47 43
-18.748 36.386 1.086 44 44 36
-18.824 36.405 1.145 47 44 39
-19.003 36.433 1.030 40 39 34
-18.821 36.407 1.177 48 44 41
-18.626 36.358 1.040 44 41 36
-18.845 36.410 1.158 48 45 40
-18.674 36.380 1.226 47 47 39
-18.861 36.407 1.075 42 41 36
-18.927 36.420 1.067 41 40 36
-18.884 36.411 1.064 44 40 37
-18.719 36.390 1.239 48 48 40
-18.725 36.386 1.156 46 45 40
-18.682 36.380 1.196 47 46 44
-18.810 36.401 1.129 47 44 39
-18.785 36.394 1.096 45 44 39
-18.736 36.381 1.054 42 42 34
-18.842 36.408 1.132 45 44 39
-18.709 36.377 1.073 43 43 35
-18.856 36.406 1.072 42 41 36
-18.792 36.392 1.051 41 40 35
-18.734 36.391 1.201 47 47 37
-18.640 36.363 1.070 46 43 36
-18.708 36.385 1.193 48 47 42
-18.742 36.382 1.051 42 42 34
-18.719 36.389 1.222 48 47 42
-18.930 36.418 1.025 40 40 32
-18.874 36.409 1.060 44 41 36
-18.957 36.427 1.083 42 41 36
-18.849 36.411 1.165 48 44 41
-18.660 36.366 1.055 45 42 35
-18.845 36.403 1.051 41 40 35
-18.671 36.367 1.046 46 43 36
-18.849 36.410 1.142 45 44 39
-18.650 36.364 1.057 45 42 35
-18.709 36.386 1.198 48 47 42
-18.711 36.388 1.231 48 47 42
-18.814 36.395 1.036 42 42 34
-18.849 36.404 1.056 43 42 37
-18.701 36.387 1.248 48 47 42
-18.877 36.407 1.027 43 43 35
-18.672 36.370 1.082 46 43 36
-19.031 36.438 1.032 38 37 33
-18.724 36.389 1.205 47 47 37
-18.766 36.398 1.208 48 47 42
-18.811 36.406 1.199 49 45 42
-18.822 36.399 1.060 43 42 37
-18.796 36.402 1.185 48 44 41
-18.869 36.405 1.020 44 44 36
-18.740 36.385 1.094 47 44 35
-18.799 36.401 1.162 47 43 40
-18.687 36.378 1.150 46 45 40
-18.881 36.410 1.058 44 41 36
-18.691 36.374 1.080 44 44 36
-18.718 36.391 1.253 49 48 43
-18.804 36.396 1.067 42 41 36
-18.810 36.399 1.107 44 43 39
-18.740 36.393 1.214 48 48 40
-18.718 36.374 1.007 42 42 34
-18.686 36.377 1.147 48 45 40
-18.781 36.399 1.178 48 45 40
-18.899 36.419 1.134 44 43 39
-18.775 36.387 1.026 42 42 34
-18.878 36.411 1.085 44 43 41
-18.870 36.408 1.058 42 41 36
-18.885 36.411 1.062 44 40 37
-18.785 36.388 1.023 42 42 34
-18.722 36.377 1.039 42 41 36
-18.804 36.398 1.106 44 43 39
-18.661 36.363 1.008 42 41 36
-18.831 36.402 1.081 43 42 37
-18.815 36.394 1.018 43 43 35
-18.711 36.382 1.143 46 45 40
-18.806 36.401 1.144 48 45 40
-18.918 36.418 1.059 43 40 35
-18.823 36.402 1.107 43 42 38
-18.679 36.370 1.069 45 42 35
-18.645 36.360 1.010 42 41 36
-18.801 36.397 1.098 45 44 39
-18.916 36.419 1.077 44 40 37
-18.741 36.386 1.114 47 44 37
-18.728 36.389 1.200 47 47 39
-18.716 36.383 1.142 45 44 39
-18.961 36.428 1.085 43 42 37
-18.785 36.402 1.213 48 44 41
-18.924 36.422 1.100 44 43 38
-18.836 36.401 1.054 42 41 36
-18.725 36.392 1.252 48 47 42
-18.677 36.375 1.146 48 45 40
-18.681 36.374 1.109 45 45 37
-18.636 36.359 1.027 43 42 37
-18.785 36.401 1.208 48 44 41
-18.876 36.410 1.074 44 40 37
-18.663 36.365 1.042 43 42 37
-18.710 36.377 1.067 42 42 34
-18.758 36.398 1.239 49 48 44
-18.759 36.387 1.079 43 43 35
-18.783 36.392 1.074 43 42 37
-18.758 36.383 1.016 41 41 33
-18.729 36.385 1.134 47 44 39
-18.915 36.420 1.103 44 43 39
-18.878 36.415 1.127 45 44 39
-18.785 36.391 1.054 42 41 36
-18.748 36.381 1.020 41 41 33
-18.681 36.375 1.133 46 46 38
-18.646 36.360 1.008 42 41 36
-18.723 36.385 1.152 45 44 39
-18.688 36.374 1.095 46 43 36
-18.882 36.416 1.135 45 44 40
-18.745 36.395 1.229 47 48 40
-18.786 36.394 1.093 44 44 36
-18.727 36.377 1.021 40 40 32
-19.009 36.434 1.034 39 38 33
-18.942 36.424 1.074 43 42 37
-18.695 36.385 1.232 48 48 40
-18.773 36.393 1.119 47 43 40
-18.713 36.382 1.130 46 43 38
-18.730 36.382 1.083 44 44 36
-18.724 36.392 1.243 49 49 41
-18.630 36.360 1.057 45 42 37
-18.744 36.386 1.108 47 44 37
-18.739 36.385 1.100 47 44 35
-18.917 36.415 1.025 41 41 33
-18.706 36.384 1.188 48 47 42
-18.686 36.384 1.242 49 49 41
-18.701 36.387 1.239 48 48 40
-18.936 36.423 1.086 43 42 37
-18.748 36.385 1.074 43 43 35
-18.720 36.391 1.246 48 47 42
-18.922 36.420 1.085 42 41 36
-18.707 36.381 1.140 46 45 40
-18.702 36.383 1.175 47 46 41
-18.714 36.389 1.229 47 46 41
-18.673 36.371 1.086 46 43 36
-18.730 36.385 1.128 46 43 38
-18.902 36.418 1.114 43 42 38
-18.746 36.383 1.059 43 43 35
-18.940 36.424 1.080 43 42 37
-18.657 36.364 1.036 42 41 36
-18.813 36.404 1.163 47 43 40
-18.770 36.395 1.154 47 44 39
-18.868 36.410 1.098 44 43 39
-18.725 36.388 1.189 47 47 39
-18.777 36.398 1.184 47 43 40
-18.741 36.390 1.167 47 44 39
-18.890 36.417 1.123 44 43 38
-18.702 36.376 1.086 44 44 36
-18.862 36.413 1.158 47 44 39
-18.680 36.374 1.119 45 45 37
-18.675 36.377 1.180 49 45 42
-18.836 36.399 1.026 43 43 35
-18.703 36.371 1.008 42 42 34
-18.747 36.380 1.010 42 42 34
-19.022 36.437 1.034 39 38 34
-18.706 36.384 1.183 47 46 41
-18.692 36.371 1.035 41 40 35
-18.781 36.394 1.115 47 43 40
-18.925 36.421 1.082 42 41 36
-18.684 36.386 1.274 48 49 41
-18.690 36.384 1.228 48 48 40
-18.779 36.395 1.129 47 43 40
-18.925 36.417 1.032 41 40 35
-18.742 36.396 1.252 49 48 43
-18.687 36.376 1.118 47 44 39
-18.910 36.418 1.086 43 42 37
-18.793 36.403 1.205 48 44 41
-18.740 36.390 1.174 48 45 40
-18.741 36.383 1.077 44 44 36
-18.907 36.419 1.114 44 43 39
-18.721 36.379 1.071 43 43 35
-18.870 36.413 1.135 45 44 39
-18.803 36.397 1.088 43 43 35
-18.726 36.379 1.060 43 43 35
-18.830 36.408 1.171 48 44 41
-18.755 36.384 1.049 42 42 34
-18.843 36.402 1.046 41 40 35
-18.748 36.384 1.061 43 43 35
-18.676 36.378 1.179 49 45 42
-18.838 36.403 1.073 42 41 36
-18.796 36.391 1.018 43 43 35
-18.817 36.405 1.160 48 45 40
-18.707 36.382 1.153 46 45 40
-18.757 36.387 1.081 44 44 36
-18.932 36.419 1.039 41 40 35
-18.742 36.386 1.116 47 44 37
-18.816 36.395 1.027 42 42 34
-18.778 36.393 1.105 46 43 38
-18.694 36.383 1.208 48 48 40
-18.858 36.405 1.043 42 41 36
-18.978 36.428 1.037 40 39 34
-18.694 36.388 1.275 49 50 45
-18.677 36.378 1.183 49 45 42
-18.891 36.414 1.079 45 41 38
-18.863 36.407 1.061 42 41 36
-18.852 36.402 1.029 43 43 35
-18.798 36.391 1.024 43 43 35
-18.841 36.404 1.089 43 42 38
-18.648 36.362 1.030 43 42 37
-18.688 36.373 1.080 44 44 36
-19.010 36.435 1.037 39 38 33
-18.729 36.392 1.234 48 48 40
-18.846 36.405 1.076 42 41 36
-18.980 36.429 1.038 40 39 34
-18.949 36.424 1.066 42 41 37
-18.913 36.415 1.035 43 40 35
-18.888 36.414 1.085 43 42 38
-18.810 36.403 1.163 47 43 40
-18.757 36.391 1.132 47 44 39
-18.891 36.415 1.102 43 42 38
-18.808 36.405 1.189 48 44 41
-18.837 36.405 1.103 44 43 39
-18.731 36.384 1.110 47 44 37
-18.857 36.409 1.102 43 42 38
-18.844 36.411 1.175 48 44 41
-18.817 36.402 1.125 47 43 40
-18.866 36.405 1.022 43 43 35
-18.648 36.363 1.052 45 42 35
-18.734 36.382 1.072 44 44 36
-18.696 36.375 1.080 44 44 36
-18.816 36.401 1.120 46 42 39
-18.676 36.366 1.007 40 39 34
-18.646 36.364 1.077 46 43 36
-18.685 36.385 1.253 48 48 40
-18.840 36.401 1.048 41 40 35
-18.757 36.389 1.111 46 43 38
-18.664 36.363 1.006 42 41 36
-18.922 36.420 1.085 42 41 36
-18.743 36.389 1.144 47 44 39
-18.703 36.379 1.126 47 44 39
-18.958 36.428 1.088 43 42 37
-18.951 36.423 1.043 41 40 35
-18.767 36.392 1.128 46 42 39
-18.934 36.421 1.061 41 40 36
-18.876 36.410 1.063 44 40 37
-18.798 36.392 1.033 42 42 34
-18.761 36.395 1.184 47 44 39
-18.680 36.370 1.062 45 42 35
-18.695 36.373 1.059 42 42 34
-18.751 36.387 1.097 45 42 35
-18.797 36.392 1.043 41 40 35
-18.705 36.371 1.006 43 43 35
-18.734 36.386 1.133 47 44 39
-18.695 36.373 1.060 42 42 34
-18.766 36.396 1.179 47 44 39
-18.683 36.371 1.058 44 41 34
-18.766 36.384 1.011 42 42 34
-18.926 36.422 1.102 44 43 38
-18.883 36.409 1.030 42 42 34
-18.857 36.404 1.036 42 42 34
-18.845 36.404 1.076 42 41 36
-18.659 36.368 1.092 47 44 37
-18.841 36.403 1.071 42 41 36
-18.967 36.426 1.030 42 39 34
-18.722 36.382 1.114 47 44 39
-18.944 36.422 1.042 41 40 35
-18.812 36.405 1.182 48 44 41
-18.714 36.377 1.058 43 43 35
-18.811 36.395 1.040 43 42 37
-18.820 36.401 1.099 44 43 38
-18.749 36.386 1.092 46 43 36
-18.633 36.359 1.040 45 42 35
-18.778 36.400 1.204 46 45 41
-18.738 36.388 1.149 47 44 39
-18.901 36.417 1.099 43 42 38
-18.699 36.378 1.119 47 44 39
-18.822 36.406 1.166 48 44 41
-18.863 36.408 1.073 42 41 36
-18.762 36.392 1.143 48 45 40
-18.800 36.398 1.119 46 42 39
-18.639 36.361 1.043 42 41 36
-18.697 36.388 1.269 48 49 43
-18.865 36.407 1.052 42 41 36
-18.991 36.432 1.047 40 39 34
-18.663 36.367 1.062 46 43 36
-18.856 36.405 1.049 42 41 36
-18.696 36.385 1.233 48 48 40
-18.792 36.396 1.109 43 42 38
-18.643 36.367 1.118 46 46 38
-18.920 36.420 1.090 42 41 36
-18.728 36.393 1.254 48 47 42
-18.960 36.427 1.067 42 41 37
-18.957 36.427 1.079 42 41 36
-18.789 36.391 1.049 41 40 35
-18.661 36.371 1.128 46 46 38
-18.764 36.385 1.030 42 42 34
-18.656 36.369 1.110 46 46 38
-18.636 36.361 1.060 45 42 35
-18.783 36.400 1.195 48 44 41
-18.852 36.405 1.064 41 40 35
-18.800 36.395 1.067 42 41 36
-18.647 36.368 1.119 46 46 38
-18.760 36.388 1.088 44 44 36
-18.722 36.388 1.198 47 47 39
-18.745 36.389 1.149 47 44 39
-18.958 36.426 1.064 42 41 37
-18.796 36.398 1.122 47 43 40
-18.788 36.390 1.028 42 42 34
-18.663 36.376 1.192 47 46 42
-18.672 36.370 1.086 46 43 36
-18.851 36.409 1.127 45 44 39
-18.807 36.394 1.031 41 41 33
-18.937 36.421 1.058 41 40 36
-18.685 36.367 1.008 41 41 33
-18.684 36.381 1.204 48 47 43
-18.815 36.397 1.056 42 41 36
-18.714 36.373 1.009 42 42 34
-18.863 36.410 1.106 43 42 37
-18.752 36.396 1.223 48 47 42
-18.718 36.380 1.095 46 43 36
-18.698 36.374 1.066 42 42 34
-18.629 36.356 1.010 45 45 35
-18.908 36.420 1.122 44 43 39
-18.861 36.408 1.084 42 41 37
-18.817 36.401 1.111 46 42 39
-18.812 36.405 1.180 48 44 41
-18.838 36.405 1.115 44 43 38
-18.667 36.373 1.146 48 45 40
-18.736 36.393 1.230 47 46 42
-18.836 36.404 1.094 44 43 39
-18.649 36.367 1.102 46 46 38
-18.881 36.416 1.141 45 44 40
-18.760 36.393 1.159 47 44 39
-18.704 36.377 1.092 46 43 36
-18.638 36.359 1.017 43 42 37
-18.782 36.394 1.110 45 44 40
-18.761 36.385 1.047 42 42 34
-18.759 36.386 1.055 42 42 34
-18.771 36.399 1.214 47 46 42
-18.682 36.378 1.168 49 45 42
-18.947 36.424 1.067 42 41 37
-18.791 36.395 1.093 44 44 36
-18.769 36.385 1.011 42 42 34
-18.839 36.409 1.153 45 44 39
-18.667 36.369 1.080 46 43 36
-18.841 36.400 1.018 44 44 36
-18.807 36.402 1.154 48 45 40
-18.786 36.393 1.084 44 43 38
-18.684 36.384 1.246 49 49 41
-18.924 36.418 1.048 42 41 37
-18.786 36.391 1.052 42 41 36
-18.723 36.391 1.241 49 49 41
-18.739 36.387 1.136 47 44 39
-18.737 36.393 1.230 46 47 39
-18.766 36.391 1.112 46 43 38
-18.837 36.408 1.149 45 44 39
-18.905 36.414 1.042 44 41 36
-18.670 36.379 1.213 47 46 41
-18.742 36.388 1.142 46 43 38
-18.666 36.367 1.057 45 42 35
-18.805 36.397 1.094 44 44 36
-18.904 36.412 1.024 41 41 33
-18.647 36.369 1.132 48 48 40
-18.796 36.398 1.129 47 44 39
-18.747 36.385 1.089 44 44 36
-19.004 36.435 1.055 41 40 35
-18.731 36.387 1.154 46 45 40
-18.956 36.425 1.059 41 40 36
-18.844 36.409 1.140 45 44 39
-18.691 36.386 1.259 48 47 42
-18.853 36.406 1.079 42 41 36
-18.823 36.401 1.089 44 44 36
-18.686 36.371 1.047 42 42 34
-18.837 36.409 1.168 48 44 41
-18.823 36.401 1.089 44 44 36
-18.731 36.388 1.163 45 44 39
-18.846 36.407 1.116 44 43 38
-18.738 36.392 1.203 48 48 40
-18.679 36.382 1.239 49 49 41
-18.812 36.398 1.081 43 42 37
-18.758 36.386 1.065 43 43 35
-18.809 36.396 1.058 42 41 36
-18.743 36.395 1.230 47 48 40
-18.679 36.369 1.045 45 42 35
-18.668 36.375 1.170 50 46 43
-18.738 36.385 1.105 46 43 36
-18.708 36.374 1.039 42 41 36
-18.892 36.410 1.023 42 42 34
-18.817 36.396 1.032 42 42 34
-18.785 36.392 1.069 43 42 37
-18.749 36.387 1.100 46 43 36
-18.850 36.406 1.087 42 41 37
-18.802 36.401 1.148 48 45 40
-18.754 36.387 1.086 44 44 36
-18.707 36.386 1.215 48 48 38
-18.894 36.412 1.040 43 40 35
-18.738 36.385 1.103 47 44 37
-18.630 36.361 1.067 46 43 38
-18.880 36.416 1.149 45 44 40
-18.839 36.402 1.055 42 41 36
-18.723 36.379 1.068 43 43 35
-18.639 36.365 1.103 46 46 38
-18.764 36.390 1.101 47 44 39
-18.874 36.410 1.069 44 40 37
-18.794 36.396 1.111 46 42 39
-18.806 36.398 1.101 44 43 38
-18.646 36.368 1.125 46 46 38
-18.888 36.410 1.027 42 42 34
-18.917 36.417 1.056 43 40 35
-18.687 36.379 1.163 46 45 40
-18.811 36.406 1.199 49 45 42
-18.764 36.386 1.043 41 41 33
-18.572 36.383 1.280 51 48 43
-18.591 36.369 1.152 69 69 59
-18.617 36.383 1.272 49 48 43
-18.597 36.376 1.213 51 48 43
-18.555 36.380 1.257 50 47 42
-18.601 36.366 1.126 63 60 51
-18.669 36.386 1.283 48 49 41
-18.607 36.372 1.179 61 58 51
-18.671 36.387 1.295 49 48 43
-18.650 36.371 1.158 50 47 40
-18.562 36.371 1.182 60 56 47
-18.637 36.386 1.292 49 50 44
-18.607 36.384 1.285 49 48 43
-18.613 36.366 1.122 55 52 43
-18.594 36.373 1.186 57 52 46
-18.605 36.371 1.167 67 64 57
-18.557 36.370 1.170 65 63 50
-18.609 36.358 1.049 46 43 38
-18.572 36.367 1.138 70 68 56
-18.646 36.379 1.223 48 47 43
-18.542 36.374 1.215 47 44 37
-18.559 36.379 1.253 50 47 42
-18.581 36.382 1.274 51 48 43
-18.665 36.382 1.249 49 49 41
-18.635 36.378 1.221 50 47 42
-18.602 36.366 1.123 62 59 50
-18.623 36.370 1.153 57 54 47
-18.589 36.376 1.218 50 47 42
-18.554 36.373 1.195 50 47 42
-18.664 36.383 1.254 49 49 41
-18.619 36.376 1.211 51 48 43
-18.611 36.354 1.017 46 45 40
-18.649 36.385 1.277 48 49 43
-18.566 36.367 1.140 69 67 55
-18.607 36.381 1.256 49 48 43
-18.665 36.386 1.283 48 49 41
-18.608 36.384 1.283 49 48 43
-18.638 36.367 1.121 49 46 39
-18.576 36.385 1.296 48 47 42
-18.668 36.387 1.294 49 48 43
-18.615 36.367 1.125 55 52 43
-18.578 36.373 1.189 56 53 48
-18.664 36.382 1.253 49 49 41
-18.636 36.382 1.260 49 48 43
-18.594 36.367 1.136 69 67 55
-18.646 36.382 1.253 49 48 43
-18.582 36.365 1.124 70 68 56
-18.553 36.378 1.242 50 47 42
-18.590 36.363 1.105 55 53 41
-18.587 36.380 1.252 51 48 43
-18.578 36.368 1.148 69 69 59
-18.564 36.372 1.188 56 52 43
-18.620 36.368 1.135 56 53 44
-18.624 36.385 1.285 49 48 43
-18.629 36.361 1.072 46 43 38
-18.650 36.385 1.276 48 49 43
-18.608 36.377 1.217 50 47 42
-18.628 36.362 1.085 47 44 37
-18.625 36.386 1.295 50 50 42
-18.646 36.378 1.222 47 46 41
-18.629 36.379 1.235 50 47 42
-18.597 36.359 1.064 46 43 38
-18.608 36.363 1.095 49 46 39
-18.628 36.362 1.086 47 44 37
-18.564 36.368 1.147 73 68 62
-18.605 36.364 1.106 52 49 40
-18.637 36.380 1.234 50 47 42
-18.612 36.368 1.141 60 57 48
-18.663 36.380 1.232 48 47 42
-18.585 36.370 1.160 69 71 60
-18.583 36.376 1.216 51 48 43
-18.619 36.375 1.200 50 47 42
-18.629 36.382 1.262 49 48 43
-18.603 36.370 1.159 70 70 60
-18.672 36.383 1.252 48 48 40
-18.651 36.372 1.163 50 47 40
-18.609 36.369 1.149 63 60 51
-18.522 36.384 1.304 38 39 31
-18.590 36.375 1.210 51 48 43
-18.586 36.360 1.078 48 44 41
-18.615 36.387 1.304 48 48 40
-18.639 36.369 1.145 49 46 39
-18.520 36.384 1.304 23 24 18
-18.552 36.383 1.283 50 47 42
-18.634 36.383 1.266 49 48 43
-18.591 36.387 1.309 47 47 37
-18.622 36.384 1.278 49 48 43
-18.623 36.369 1.147 57 54 47
-18.557 36.386 1.314 56 54 42
-18.609 36.362 1.086 47 44 37
-18.622 36.376 1.209 51 48 43
-18.590 36.385 1.298 51 48 43
-18.578 36.372 1.180 59 56 49
-18.514 36.386 1.325 135 130 111
-18.654 36.379 1.226 48 47 42
-18.571 36.370 1.170 67 64 55
-18.630 36.365 1.110 48 45 38
-18.673 36.383 1.257 49 49 41
-18.559 36.386 1.310 48 48 38
-18.607 36.365 1.113 55 52 43
-18.536 36.384 1.303 50 51 43
-18.546 36.380 1.262 49 46 41
-18.576 36.377 1.225 49 46 41
-18.594 36.362 1.091 51 48 41
-18.577 36.386 1.305 47 47 37
-18.554 36.380 1.263 49 46 41
-18.574 36.370 1.168 70 67 58
-18.645 36.373 1.173 51 48 43
-18.618 36.371 1.164 64 61 54
-18.544 36.378 1.249 50 47 40
-18.636 36.367 1.120 49 46 39
-18.651 36.380 1.232 48 47 42
-18.646 36.382 1.250 49 48 43
-18.538 36.381 1.276 49 49 39
-18.618 36.361 1.077 47 44 37
-18.650 36.374 1.178 50 47 42
-18.612 36.382 1.260 49 48 43
-18.670 36.382 1.246 49 49 41
-18.577 36.379 1.242 50 47 42
-18.617 36.366 1.120 53 50 41
-18.598 36.387 1.311 55 52 45
-18.646 36.376 1.203 48 47 42
-18.664 36.384 1.266 49 49 41
-18.581 36.367 1.138 71 69 57
-18.646 36.374 1.187 52 49 44
-18.646 36.387 1.294 50 50 42
-18.561 36.373 1.200 50 47 42
-18.631 36.372 1.168 55 52 47
-18.554 36.383 1.286 50 47 42
-18.607 36.366 1.126 59 56 47
-18.542 36.380 1.268 50 47 40
-18.608 36.366 1.124 58 55 46
-18.602 36.384 1.281 49 48 43
-18.592 36.376 1.218 50 47 42
-18.622 36.360 1.068 45 42 37
-18.635 36.365 1.104 48 45 38
-18.544 36.386 1.320 63 61 40
-18.613 36.382 1.258 49 48 43
-18.580 36.374 1.197 51 48 43
-18.616 36.370 1.154 60 57 50
-18.651 36.371 1.155 49 46 39
-18.647 36.383 1.262 49 48 43
-18.610 36.360 1.069 45 42 37
-18.624 36.366 1.116 49 46 39
-18.605 36.369 1.148 65 65 55
-18.535 36.385 1.314 54 55 41
-18.626 36.386 1.295 50 50 42
-18.643 36.377 1.210 47 46 41
-18.583 36.372 1.181 57 56 51
-18.563 36.386 1.313 57 55 43
-18.649 36.375 1.193 49 48 43
-18.619 36.376 1.207 50 47 42
-18.622 36.381 1.247 48 47 42
-18.538 36.381 1.276 49 49 39
-18.619 36.366 1.119 53 50 41
-18.586 36.367 1.138 72 70 58
-18.638 36.384 1.273 49 48 43
-18.622 36.374 1.185 53 52 47
-18.602 36.358 1.049 46 43 38
-18.591 36.361 1.086 50 47 40
-18.576 36.376 1.220 50 47 42
-18.609 36.380 1.246 48 47 42
-18.661 36.386 1.284 48 47 42
-18.574 36.373 1.189 55 50 44
-18.627 36.379 1.232 50 47 42
-18.581 36.378 1.237 51 48 43
-18.610 36.373 1.183 59 56 51
-18.593 36.373 1.185 60 55 49
-18.543 36.386 1.314 53 54 38
-18.629 36.369 1.140 52 49 42
-18.508 36.386 1.324 153 148 129
-18.561 36.370 1.174 65 61 49
-18.547 36.382 1.279 50 47 42
-18.604 36.366 1.127 61 58 49
-18.623 36.362 1.087 47 44 37
-18.551 36.374 1.210 49 46 41
-18.541 36.378 1.248 47 44 37
-18.589 36.374 1.201 50 47 42
-18.534 36.381 1.270 47 47 39
-18.622 36.363 1.094 48 45 38
-18.601 36.360 1.068 46 43 38
-18.612 36.374 1.191 54 51 46
-18.645 36.377 1.210 47 46 41
-18.563 36.377 1.230 50 47 42
-18.613 36.359 1.057 46 43 38
-18.525 36.385 1.311 54 54 44
-18.581 36.366 1.130 71 69 57
-18.588 36.360 1.070 47 43 40
-18.666 36.388 1.298 49 48 43
-18.611 36.373 1.187 57 54 49
-18.594 36.379 1.239 50 47 42
-18.619 36.357 1.037 45 42 37
-18.566 36.379 1.252 50 47 42
-18.587 36.373 1.191 53 52 48
-18.554 36.375 1.212 49 46 41
-18.629 36.376 1.204 50 47 42
-18.559 36.381 1.267 50 47 42
-18.567 36.381 1.264 50 47 42
-18.646 36.382 1.257 49 48 43
-18.601 36.359 1.062 46 43 38
-18.556 36.371 1.181 58 56 44
-18.592 36.384 1.283 50 47 42
-18.654 36.380 1.230 48 47 42
-18.595 36.370 1.161 71 71 61
-18.572 36.375 1.213 50 47 42
-18.596 36.372 1.179 62 57 51
-18.509 36.385 1.317 52 50 37
-18.540 36.376 1.233 47 47 39
-18.646 36.385 1.276 48 49 43
-18.638 36.383 1.264 49 48 43
-18.618 36.376 1.205 50 47 42
-18.621 36.368 1.140 55 52 43
-18.636 36.364 1.101 48 45 38
-18.540 36.379 1.251 48 45 40
-18.666 36.380 1.228 48 47 42
-18.570 36.381 1.266 51 48 43
-18.606 36.362 1.084 47 44 37
-18.617 36.363 1.092 48 45 38
-18.610 36.375 1.201 50 47 42
-18.608 36.377 1.223 50 47 42
-18.623 36.378 1.227 50 47 42
-18.577 36.378 1.239 51 48 43
-18.614 36.385 1.287 49 48 43
-18.613 36.354 1.016 44 43 38
-18.524 36.381 1.274 33 39 29
-18.668 36.380 1.234 49 48 43
-18.570 36.378 1.238 50 47 42
-18.530 36.385 1.311 52 52 40
-18.514 36.384 1.311 53 53 45
-18.653 36.380 1.235 48 47 42
-18.572 36.384 1.288 48 47 42
-18.634 36.385 1.283 49 48 43
-18.579 36.380 1.253 51 48 43
-18.597 36.387 1.310 50 47 40
-18.568 36.385 1.297 49 48 43
-18.568 36.378 1.236 50 47 42
-18.609 36.361 1.077 47 44 37
-18.571 36.383 1.286 50 47 42
-18.552 36.378 1.247 49 46 41
-18.572 36.369 1.157 74 71 62
-18.649 36.384 1.272 48 49 43
-18.585 36.361 1.082 50 47 42
-18.624 36.377 1.213 51 48 43
-18.669 36.384 1.262 49 49 41
-18.662 36.379 1.223 48 47 42
-18.615 36.377 1.216 50 47 42
-18.642 36.370 1.149 49 46 39
-18.624 36.366 1.119 49 46 39
-18.669 36.379 1.224 47 46 41
-18.638 36.367 1.122 49 46 39
-18.635 36.385 1.284 49 48 43
-18.573 36.365 1.123 69 67 55
-18.583 36.367 1.135 71 69 57
-18.593 36.358 1.060 46 43 38
-18.609 36.374 1.188 56 53 48
-18.600 36.381 1.255 48 47 42
-18.617 36.372 1.172 61 58 53
-18.592 36.380 1.251 51 48 43
-18.609 36.355 1.028 43 42 37
-18.572 36.372 1.189 55 50 44
-18.583 36.374 1.200 50 47 42
-18.636 36.386 1.289 50 49 44
-18.564 36.373 1.196 50 47 42
-18.637 36.372 1.166 53 50 45
-18.575 36.376 1.221 50 47 42
-18.538 36.380 1.263 48 45 38
-18.653 36.375 1.191 48 47 42
-18.618 36.386 1.297 50 50 42
-18.624 36.369 1.145 56 53 46
-18.562 36.372 1.188 56 52 43
-18.559 36.384 1.292 47 48 42
-18.614 36.356 1.029 43 42 37
-18.596 36.377 1.223 50 47 42
-18.610 36.355 1.023 43 42 37
-18.603 36.360 1.071 46 43 38
-18.567 36.381 1.268 50 47 42
-18.647 36.387 1.295 50 50 42
-18.581 36.365 1.122 70 68 56
-18.606 36.377 1.222 50 47 42
-18.541 36.376 1.225 49 49 41
-18.618 36.386 1.295 50 50 42
-18.601 36.367 1.131 63 60 51
-18.529 36.384 1.303 48 49 41
-18.587 36.383 1.280 51 48 43
-18.614 36.358 1.049 46 43 38
-18.504 36.386 1.331 203 197 173
-18.594 36.386 1.304 48 48 40
-18.617 36.361 1.075 47 44 37
-18.525 36.384 1.061 49 48 43
-18.547 36.373 1.190 48 47 42
-18.555 36.373 1.031 47 44 39
-18.558 36.371 1.087 55 52 47
-18.596 36.357 1.023 45 45 37
-18.505 36.389 1.214 46 46 38
-18.505 36.388 1.227 48 48 38
-18.597 36.357 1.006 43 43 33
-18.578 36.364 1.047 46 43 38
-18.504 36.390 1.152 32 33 27
-18.538 36.378 1.077 54 51 44
-18.586 36.361 1.053 45 42 37
-18.517 36.383 1.258 26 26 18
-18.584 36.362 1.024 46 43 36
-18.557 36.370 1.136 69 67 55
-18.582 36.362 1.069 47 43 40
-18.526 36.380 1.255 41 40 35
-18.509 36.388 1.147 36 38 25
-18.510 36.387 1.187 30 30 28
-18.519 36.385 1.120 59 63 48
-18.537 36.376 1.211 48 48 40
-18.574 36.364 1.112 64 61 52
-18.548 36.373 1.166 65 63 48
-18.575 36.365 1.059 48 45 40
-18.534 36.381 1.050 48 45 36
-18.511 36.388 1.151 46 46 34
-18.561 36.369 1.122 65 65 53
-18.527 36.381 1.172 52 54 43
-18.588 36.360 1.060 46 43 38
-18.533 36.378 1.215 51 50 45
-18.590 36.360 1.001 43 45 34
-18.500 36.394 1.051 24 26 15
-18.541 36.378 1.052 48 45 40
-18.522 36.386 1.016 46 43 36
-18.559 36.372 1.003 47 44 37
-18.541 36.378 1.059 48 45 38
-18.588 36.361 1.024 44 44 34
-18.508 36.387 1.232 43 43 33
-18.565 36.367 1.133 69 67 55
-18.561 36.371 1.037 48 45 40
-18.504 36.390 1.163 31 31 29
-18.505 36.389 1.200 41 40 35
-18.511 36.385 1.275 47 50 41
-18.559 36.371 1.045 47 44 39
-18.522 36.383 1.149 59 57 42
-18.500 36.395 1.015 40 39 34
-18.537 36.377 1.173 58 58 48
-18.589 36.361 0.999 41 40 38
-18.525 36.384 1.090 55 57 46
-18.533 36.378 1.204 47 46 41
-18.506 36.391 1.054 46 48 35
-18.549 36.374 1.119 64 64 52
-18.505 36.388 1.229 48 48 38
-18.506 36.392 1.049 45 47 34
-18.523 36.385 1.053 46 46 34
-18.540 36.376 1.193 49 46 39
-18.534 36.378 1.167 59 59 51
-18.505 36.386 1.316 48 48 38
-18.526 36.383 1.083 54 56 43
-18.503 36.391 1.145 22 25 18
-18.502 36.391 1.139 27 29 24
-18.505 36.389 1.194 40 39 34
-18.593 36.359 1.024 44 44 36
-18.517 36.387 1.084 55 55 43
-18.538 36.379 1.075 54 51 44
-18.521 36.382 1.235 34 35 29
-18.510 36.390 1.062 47 47 39
-18.513 36.389 1.022 43 42 37
-18.583 36.362 1.046 46 43 38
-18.530 36.380 1.143 70 68 53
-18.509 36.391 1.029 47 48 42
-18.535 36.379 1.134 68 66 54
-18.517 36.387 1.090 53 55 44
-18.570 36.367 1.051 47 44 39
-18.512 36.385 1.238 29 31 20
-18.533 36.381 1.041 45 45 35
-18.541 36.378 1.040 46 43 38
-18.573 36.366 1.007 45 42 35
-18.538 36.379 1.082 52 54 43
-18.585 36.362 1.002 46 43 36
-18.537 36.379 1.101 57 57 49
-18.501 36.393 1.092 30 29 24
-18.526 36.381 1.199 47 48 42
-18.557 36.372 1.035 47 44 39
-18.505 36.388 1.221 44 44 34
-18.594 36.359 1.005 41 43 32
-18.578 36.364 1.041 46 43 38
-18.565 36.369 1.014 46 43 36
-18.537 36.379 1.094 53 54 49
-18.504 36.392 1.081 36 36 24
-18.595 36.358 1.014 45 45 35
-18.520 36.384 1.153 59 60 46
-18.557 36.370 1.150 72 67 61
-18.569 36.366 1.104 59 59 49
-18.587 36.361 1.014 45 45 35
-18.503 36.393 1.047 36 37 32
-18.578 36.363 1.071 47 43 40
-18.507 36.392 1.012 45 44 39
-18.600 36.356 1.017 44 44 36
-18.566 36.368 1.056 47 44 39
-18.537 36.377 1.191 46 48 43
-18.594 36.358 1.051 46 43 38
-18.541 36.376 1.124 64 64 52
-18.503 36.392 1.068 42 41 36
-18.592 36.359 1.026 44 44 36
-18.509 36.386 1.249 45 45 37
-18.525 36.383 1.130 61 63 52
-18.534 36.378 1.171 57 57 47
-18.535 36.381 1.019 45 42 35
-18.546 36.377 1.032 44 41 36
-18.527 36.380 1.208 53 54 48
-18.545 36.376 1.084 54 51 46
-18.501 36.393 1.071 36 35 30
-18.527 36.382 1.124 57 61 47
-18.554 36.372 1.087 55 52 47
-18.554 36.371 1.160 71 67 55
-18.517 36.385 1.177 46 48 37
-18.513 36.385 1.241 33 30 25
-18.521 36.386 1.054 46 46 34
-18.555 36.371 1.111 59 61 50
-18.509 36.390 1.071 48 48 40
-18.518 36.386 1.086 56 56 44
-18.510 36.388 1.156 43 44 36
-18.566 36.367 1.111 61 61 51
-18.583 36.363 1.017 47 44 37
-18.507 36.386 1.286 42 45 38
-18.511 36.384 1.301 52 53 48
-18.533 36.379 1.145 66 63 48
-18.566 36.369 1.022 46 43 36
-18.527 36.383 1.047 45 45 35
-18.511 36.385 1.277 47 50 41
-18.558 36.371 1.052 47 44 39
-18.513 36.385 1.237 28 30 19
-18.506 36.392 1.007 44 43 38
-18.523 36.383 1.151 61 59 46
-18.603 36.355 1.013 45 45 37
-18.508 36.387 1.252 44 44 34
-18.525 36.385 1.022 44 44 36
-18.511 36.389 1.066 48 47 42
-18.543 36.376 1.105 56 59 48
-18.507 36.391 1.064 46 45 40
-18.540 36.377 1.104 57 60 49
-18.528 36.383 1.082 54 56 43
-18.502 36.390 1.196 46 45 40
-18.557 36.370 1.154 71 67 58
-18.607 36.354 1.001 44 45 37
-18.536 36.377 1.192 46 48 43
-18.509 36.387 1.215 37 37 29
-18.593 36.358 1.046 46 43 36
-18.508 36.392 1.012 45 44 39
-18.555 36.370 1.165 68 64 52
-18.511 36.386 1.247 37 34 29
-18.556 36.372 1.040 47 44 39
-18.524 36.383 1.106 60 62 49
-18.509 36.389 1.110 44 46 33
-18.569 36.368 1.009 46 43 36
-18.579 36.364 1.030 46 43 36
-18.544 36.377 1.037 44 41 36
-18.521 36.384 1.133 64 67 56
-18.525 36.382 1.170 54 54 44
-18.536 36.380 1.020 45 42 35
-18.572 36.366 1.040 47 44 39
-18.570 36.367 1.043 47 44 39
-18.574 36.366 1.031 46 43 38
-18.558 36.371 1.080 55 52 47
-18.534 36.378 1.174 57 57 47
-18.568 36.369 1.005 45 42 35
-18.527 36.383 1.080 52 54 41
-18.528 36.383 1.063 48 47 42
-18.534 36.380 1.088 55 56 48
-18.533 36.379 1.136 67 65 53
-18.522 36.385 1.046 43 45 34
-18.525 36.384 1.075 50 50 40
-18.506 36.391 1.089 36 36 28
-18.527 36.383 1.064 50 49 44
-18.603 36.355 1.012 45 45 37
-18.506 36.387 1.290 48 49 44
-18.513 36.388 1.110 53 55 41
-18.511 36.390 1.039 44 45 39
-18.585 36.361 1.043 46 43 38
-18.574 36.366 1.013 46 43 36
-18.540 36.376 1.145 68 64 52
-18.591 36.359 1.023 44 44 34
-18.520 36.386 1.059 50 50 42
-18.513 36.385 1.221 28 29 21
-18.523 36.382 1.200 46 47 42
-18.510 36.389 1.093 53 53 45
-18.569 36.366 1.125 69 67 55
-18.552 36.372 1.153 72 68 59
-18.548 36.373 1.168 65 63 48
-18.550 36.375 1.035 45 42 37
-18.517 36.385 1.175 39 41 30
-18.511 36.390 1.031 45 46 40
-18.540 36.379 1.037 45 42 37
-18.548 36.375 1.081 53 50 45
-18.522 36.386 1.030 43 43 35
-18.504 36.387 1.318 58 56 43
-18.511 36.388 1.145 46 47 33
-18.931 36.468 1.302 46 47 42
-18.849 36.437 1.315 58 55 38
-18.828 36.428 1.319 101 99 76
-18.850 36.436 1.316 69 66 47
-18.939 36.458 1.312 58 57 39
-18.978 36.470 1.308 58 59 45
-18.910 36.462 1.304 44 43 41
-18.921 36.465 1.303 52 48 45
-18.891 36.456 1.306 52 55 44
-18.903 36.448 1.315 58 57 37
-18.893 36.456 1.306 52 55 44
-18.833 36.431 1.318 68 66 43
-18.943 36.459 1.312 56 55 37
-18.858 36.437 1.317 70 65 46
-18.860 36.437 1.317 92 87 67
-18.927 36.463 1.306 55 52 47
-18.901 36.452 1.311 60 57 48
-18.912 36.458 1.308 56 53 48
-18.936 36.460 1.310 57 55 42
-18.922 36.454 1.313 62 56 42
-18.958 36.467 1.307 61 59 47
-18.737 36.479 0.879 49 42 36
-18.737 36.469 0.876 45 36 29
-18.739 36.483 0.883 48 43 39
-18.734 36.486 0.878 49 44 38
-18.743 36.430 0.869 98 94 85
-18.730 36.466 0.866 55 52 47
-18.727 36.485 0.870 47 43 34
-18.741 36.459 0.877 48 40 29
-18.728 36.480 0.869 50 43 33
-18.739 36.447 0.870 63 60 53
-18.742 36.457 0.877 48 41 31
-18.738 36.435 0.866 106 102 91
-18.731 36.491 0.876 47 42 36
-18.735 36.483 0.878 47 42 36
-18.739 36.469 0.878 45 36 29
-18.739 36.446 0.871 63 60 53
-18.736 36.455 0.870 54 50 41
-18.747 36.507 0.865 47 42 38
-18.740 36.492 0.880 47 44 39
-18.737 36.495 0.876 46 43 38
-18.722 36.501 0.868 43 39 30
-18.730 36.404 1.303 48 48 40
-18.725 36.422 1.307 54 51 44
-18.754 36.412 1.308 52 49 42
-18.743 36.407 1.306 48 45 40
-18.690 36.411 1.300 51 48 39
-18.711 36.423 1.306 51 48 41
-18.746 36.411 1.307 49 46 39
-18.701 36.414 1.302 51 48 39
-18.722 36.427 1.308 57 54 47
-18.703 36.410 1.301 51 48 41
-18.792 36.420 1.315 61 57 46
-18.787 36.420 1.314 60 56 45
-18.750 36.419 1.310 54 54 46
-18.714 36.406 1.302 52 49 42
-18.747 36.425 1.311 59 59 47
-18.720 36.405 1.302 51 48 39
-18.719 36.427 1.308 56 53 46
-18.803 36.426 1.318 71 65 49
-18.714 36.409 1.303 52 49 40
-18.751 36.419 1.310 54 54 46
-18.763 36.422 1.312 56 56 44
-18.788 36.418 1.314 58 55 46
-18.771 36.427 1.314 51 53 39
-18.723 36.422 1.307 53 50 43
-18.775 36.415 1.311 58 56 44
-18.735 36.409 1.305 48 45 38
-18.718 36.414 1.304 49 46 37
-18.771 36.420 1.312 57 55 42
-18.748 36.394 0.939 168 159 130
-18.673 36.372 0.970 46 46 36
-18.645 36.372 0.975 110 106 94
-18.728 36.394 0.942 175 164 132
-18.742 36.393 0.941 169 163 131
-18.652 36.384 0.964 44 45 27
-18.656 36.378 0.968 48 49 33
-18.691 36.388 0.954 197 188 155
-18.624 36.373 0.978 91 88 79
-18.620 36.375 0.977 80 77 68
-18.649 36.388 0.961 41 42 24
-18.659 36.387 0.960 48 49 33
-18.719 36.385 0.951 192 179 145
-18.631 36.384 0.967 51 47 38
-18.636 36.381 0.969 64 60 51
-18.640 36.369 0.978 83 80 71
-18.704 36.393 0.947 186 174 134
-18.646 36.385 0.964 45 42 27
-18.621 36.377 0.975 113 110 101
-18.671 36.371 0.972 44 45 31
-18.713 36.392 0.946 186 174 136
-18.623 36.358 0.991 43 40 35
-18.653 36.369 0.977 119 117 102
-18.634 36.370 0.979 96 93 84
-18.710 36.394 0.945 186 174 134
-18.653 36.393 0.956 47 49 28
-18.637 36.390 0.961 41 38 23
-18.619 36.385 0.968 72 70 58
-18.632 36.368 0.981 91 88 79
-18.662 36.392 0.955 135 134 114
-18.689 36.390 0.953 196 186 150
-18.648 36.372 0.975 105 103 90
-18.658 36.389 0.959 53 54 36
-18.644 36.381 0.968 48 44 32
-18.737 36.391 0.943 171 164 135
-18.618 36.371 0.981 57 57 47
-18.621 36.390 0.964 58 54 43
