-19.540 36.608 1.132 178 174 147
-19.533 36.606 1.142 184 177 158
-19.539 36.608 1.133 187 180 161
-19.541 36.563 1.187 199 191 154
-19.485 36.612 1.192 198 190 154
-19.461 36.629 1.199 200 189 157
-19.540 36.612 1.128 185 181 156
-19.533 36.594 1.158 183 179 152
-19.501 36.597 1.191 196 190 154
-19.495 36.605 1.189 197 189 152
-19.509 36.607 1.169 196 190 156
-19.506 36.617 1.161 178 172 146
-19.468 36.633 1.185 195 189 153
-19.499 36.610 1.177 197 189 150
-19.531 36.597 1.157 182 175 156
-19.516 36.595 1.177 194 189 151
-19.544 36.587 1.154 184 178 154
-19.507 36.618 1.159 194 189 167
-19.525 36.628 1.125 185 182 167
-19.521 36.601 1.163 185 179 153
-19.543 36.576 1.167 195 187 151
-19.524 36.603 1.157 188 182 160
-19.520 36.618 1.143 192 189 174
-19.546 36.617 1.115 167 163 136
-19.464 36.624 1.201 201 190 158
-19.540 36.627 1.109 182 177 158
-19.524 36.619 1.138 185 182 165
-19.532 36.598 1.155 182 175 156
-19.515 36.628 1.137 195 195 183
-19.502 36.611 1.174 197 189 153
-19.534 36.581 1.172 197 189 153
-19.475 36.615 1.199 200 190 155
-19.466 36.626 1.197 200 190 155
-19.514 36.591 1.184 197 189 152
-19.516 36.625 1.139 201 199 187
-19.510 36.616 1.158 181 177 152
-19.537 36.604 1.141 185 178 159
-19.532 36.606 1.145 183 178 158
-19.522 36.628 1.129 167 165 152
-19.528 36.625 1.125 183 180 165
-19.545 36.596 1.142 177 172 142
-19.507 36.618 1.158 194 189 167
-19.459 36.629 1.201 200 189 157
-19.536 36.569 1.185 198 188 152
-19.529 36.592 1.164 186 181 149
-19.541 36.626 1.108 168 163 141
-19.515 36.592 1.181 197 189 152
-19.532 36.598 1.155 182 175 156
-19.518 36.591 1.180 198 190 153
-19.544 36.616 1.118 169 165 136
-19.508 36.608 1.170 199 191 155
-19.536 36.592 1.156 185 181 156
-19.502 36.606 1.180 199 190 151
-19.503 36.595 1.192 197 191 155
-19.498 36.611 1.178 197 189 150
-19.542 36.578 1.167 195 187 151
-19.543 36.600 1.139 179 175 148
-19.475 36.623 1.190 199 191 155
-19.516 36.594 1.177 194 189 151
-19.508 36.591 1.191 199 191 155
-19.537 36.624 1.116 183 178 159
-19.534 36.569 1.188 199 189 153
-19.507 36.616 1.161 178 172 146
-19.516 36.583 1.191 199 189 154
-19.533 36.631 1.112 189 183 169
-19.544 36.574 1.170 195 187 150
-19.528 36.579 1.183 199 189 153
-19.524 36.577 1.190 199 189 153
-19.534 36.594 1.156 184 179 157
-19.501 36.626 1.155 187 184 165
-19.472 36.624 1.191 200 190 155
-19.508 36.633 1.138 195 195 185
-19.485 36.609 1.196 198 189 156
-19.353 36.561 1.181 185 179 147
-19.477 36.559 1.187 197 191 155
-19.429 36.556 1.189 192 186 150
-19.511 36.559 1.188 197 189 152
-19.429 36.558 1.187 193 187 153
-19.358 36.561 1.182 188 182 150
-19.459 36.554 1.192 196 191 159
-19.528 36.558 1.189 200 192 155
-19.525 36.558 1.189 199 191 154
-19.343 36.563 1.178 188 184 149
-19.400 36.555 1.190 201 192 159
-19.467 36.557 1.189 195 189 155
-19.433 36.560 1.184 195 191 156
-19.430 36.553 1.193 194 188 154
-19.403 36.559 1.185 184 174 139
-19.418 36.557 1.187 181 175 139
-19.449 36.551 1.195 198 192 158
-19.374 36.558 1.185 188 181 152
-19.500 36.560 1.186 194 189 151
-19.448 36.630 1.204 202 189 155
-19.426 36.574 1.186 198 189 156
-19.460 36.584 1.191 197 191 155
-19.420 36.584 1.188 199 191 155
-19.439 36.605 1.196 198 189 156
-19.436 36.610 1.197 198 189 156
-19.470 36.611 1.199 200 189 157
-19.400 36.610 1.195 200 191 158
-19.354 36.577 1.182 175 169 135
-19.352 36.568 1.179 187 181 149
-19.522 36.571 1.191 199 189 153
-19.412 36.600 1.193 201 190 158
-19.476 36.580 1.191 196 191 153
-19.358 36.585 1.185 199 193 159
-19.359 36.564 1.179 191 182 149
-19.358 36.578 1.183 185 179 147
-19.432 36.578 1.187 197 191 157
-19.438 36.607 1.196 198 189 156
-19.448 36.603 1.196 198 189 156
-19.431 36.572 1.186 200 194 160
-19.436 36.611 1.197 199 188 156
-19.412 36.585 1.188 201 191 156
-19.476 36.603 1.197 198 189 158
-19.453 36.588 1.192 196 190 158
-19.467 36.574 1.188 197 192 154
-19.416 36.591 1.190 200 190 155
-19.425 36.615 1.198 200 189 157
-19.389 36.618 1.196 200 191 160
-19.398 36.603 1.193 200 191 158
-19.405 36.573 1.184 196 190 156
-19.403 36.610 1.195 200 191 158
-19.464 36.568 1.186 198 193 155
-19.391 36.601 1.192 200 191 158
-19.527 36.563 1.189 199 191 154
-19.490 36.576 1.190 195 190 152
-19.387 36.594 1.189 201 192 159
-19.400 36.622 1.198 200 191 160
-19.395 36.620 1.197 200 191 160
-19.410 36.624 1.200 200 191 160
-19.374 36.585 1.186 198 192 158
-19.394 36.590 1.188 201 192 159
-19.460 36.604 1.197 198 189 156
-19.472 36.568 1.187 195 190 152
-19.495 36.588 1.194 195 189 153
-19.500 36.582 1.193 196 191 153
-19.473 36.593 1.194 195 189 157
-19.456 36.628 1.204 200 189 157
-19.449 36.562 1.184 197 192 160
-19.451 36.606 1.197 199 190 157
-19.475 36.595 1.195 196 190 158
-19.452 36.624 1.202 202 189 155
-19.416 36.617 1.198 200 191 158
-19.408 36.610 1.195 200 191 158
-19.405 36.628 1.200 199 190 159
-19.387 36.593 1.189 201 192 159
-19.435 36.587 1.190 199 190 157
-19.422 36.618 1.198 201 190 158
-19.489 36.573 1.189 196 191 153
-19.454 36.606 1.197 199 190 157
-19.400 36.572 1.184 198 192 158
-19.386 36.603 1.192 200 191 158
-19.395 36.609 1.194 200 191 158
-19.452 36.590 1.192 196 190 158
-19.491 36.593 1.195 195 189 153
-19.471 36.561 1.185 194 188 152
-19.524 36.568 1.190 199 189 153
-19.346 36.575 1.181 186 180 148
-19.362 36.569 1.180 185 179 147
-19.437 36.601 1.194 198 189 156
-19.405 36.615 1.196 200 191 160
-19.407 36.590 1.189 201 191 156
-19.533 36.566 1.190 198 190 153
-19.495 36.587 1.194 195 189 153
-19.413 36.609 1.195 200 191 158
-19.436 36.582 1.189 197 191 157
-19.417 36.582 1.188 199 189 154
-19.376 36.576 1.183 196 187 154
-19.461 36.585 1.191 197 191 155
-19.495 36.591 1.195 196 190 154
-19.423 36.570 1.184 198 190 154
-19.523 36.560 1.188 199 191 154
-19.395 36.577 1.185 204 196 160
-19.452 36.585 1.190 200 190 154
-19.514 36.566 1.189 200 190 155
-19.438 36.582 1.189 198 192 158
-19.458 36.595 1.194 196 190 156
-19.488 36.583 1.192 195 189 153
-19.376 36.563 1.180 189 183 149
-19.399 36.591 1.189 201 193 157
-19.427 36.629 1.202 201 190 158
-19.442 36.625 1.202 202 189 157
-19.364 36.580 1.184 196 190 158
-19.388 36.618 1.196 200 191 158
-19.378 36.587 1.187 201 192 159
-19.531 36.561 1.188 199 191 155
-19.448 36.576 1.188 197 191 157
-19.467 36.611 1.199 200 189 157
-19.473 36.593 1.194 195 189 157
-19.454 36.586 1.191 200 190 154
-19.402 36.617 1.197 200 191 160
-19.364 36.538 1.183 192 189 170
-19.383 36.545 1.186 198 194 169
-19.416 36.544 1.192 198 191 162
-19.354 36.551 1.181 195 189 173
-19.356 36.555 1.182 184 178 156
-19.383 36.540 1.186 199 194 172
-19.352 36.555 1.181 177 171 145
-19.371 36.557 1.185 188 181 152
-19.377 36.538 1.185 194 191 172
-19.358 36.552 1.182 190 184 168
-19.401 36.540 1.189 211 209 184
-19.356 36.551 1.182 195 189 173
-19.359 36.541 1.182 191 187 175
-19.351 36.545 1.181 190 186 174
-19.376 36.549 1.185 197 191 165
-19.383 36.533 1.185 199 196 177
-19.338 36.557 1.179 178 173 151
-19.362 36.545 1.182 192 188 163
-19.561 36.629 0.886 134 136 115
-19.562 36.624 0.867 187 186 165
-19.573 36.631 0.886 202 202 178
-19.579 36.626 0.866 208 206 185
-19.572 36.625 0.867 176 174 151
-19.572 36.632 0.889 203 203 179
-19.555 36.627 0.884 197 198 180
-19.549 36.624 0.874 194 192 177
-19.586 36.629 0.871 200 198 173
-19.551 36.631 0.899 117 118 100
-19.550 36.628 0.888 191 192 174
-19.562 36.624 0.870 187 186 165
-19.572 36.625 0.868 176 174 151
-19.551 36.633 1.108 192 186 150
-19.541 36.633 1.115 166 162 133
-19.536 36.632 1.108 182 176 160
-19.328 36.627 0.867 254 244 183
-19.361 36.630 0.882 253 255 205
-19.333 36.629 0.870 252 244 182
-19.342 36.620 0.866 255 248 192
-19.333 36.624 0.866 254 242 184
-19.338 36.625 0.869 255 249 189
-19.356 36.622 0.872 255 251 201
-19.361 36.628 0.879 255 253 202
-19.345 36.628 0.874 254 252 193
-19.433 36.357 1.053 39 38 36
-19.397 36.373 0.981 38 37 35
-19.347 36.396 0.932 45 44 42
-19.415 36.365 0.934 34 34 32
-19.335 36.402 0.930 42 41 39
-19.437 36.355 1.074 36 35 31
-19.432 36.357 1.071 37 36 32
-19.358 36.392 0.946 44 40 39
-19.493 36.329 1.067 38 35 28
-19.294 36.421 0.944 58 53 47
-19.479 36.335 1.117 37 36 31
-19.324 36.407 0.959 48 47 42
-19.303 36.417 0.943 52 49 42
-19.466 36.341 0.943 29 29 29
-19.460 36.344 1.002 30 29 27
-19.485 36.333 1.057 45 44 40
-19.539 36.307 1.097 40 41 35
-19.458 36.345 1.090 37 38 33
-19.468 36.340 0.994 30 29 25
-19.419 36.363 0.943 34 33 31
-19.308 36.415 0.959 47 48 42
-19.357 36.392 0.948 44 40 39
-19.311 36.413 0.965 51 52 46
-19.511 36.321 1.103 40 39 35
-19.524 36.314 0.956 33 32 28
-19.466 36.341 1.010 30 29 27
-19.387 36.378 0.922 41 41 33
-19.386 36.379 1.020 44 43 39
-19.496 36.327 1.104 39 38 34
-19.436 36.355 0.940 35 34 32
-19.458 36.345 1.025 46 44 45
-19.412 36.366 1.008 37 36 34
-19.454 36.347 1.057 36 36 34
-19.560 36.297 1.142 180 176 149
-19.503 36.324 1.026 46 45 41
-19.549 36.303 1.159 195 192 183
-19.382 36.380 0.992 43 39 38
-19.468 36.340 1.035 50 48 49
-19.495 36.328 0.980 36 32 29
-19.547 36.304 1.178 29 26 21
-19.331 36.404 0.983 47 46 42
-19.381 36.381 1.004 41 40 38
-19.342 36.399 0.986 47 46 42
-19.452 36.348 0.971 31 30 28
-19.467 36.341 1.014 33 32 30
-19.496 36.327 0.967 32 30 31
-19.374 36.384 0.984 44 40 39
-19.558 36.298 1.095 184 179 157
-19.454 36.347 1.026 37 35 36
-19.309 36.414 0.942 50 49 44
-19.310 36.414 0.922 48 47 42
-19.367 36.387 0.994 42 41 39
-19.516 36.318 1.014 48 45 40
-19.341 36.400 0.973 44 45 40
-19.538 36.308 1.149 78 78 68
-19.415 36.365 0.957 35 34 32
-19.527 36.313 0.956 32 31 27
-19.276 36.430 0.908 254 255 255
-19.289 36.424 0.918 203 202 197
-19.422 36.362 0.955 34 33 31
-19.514 36.319 0.991 44 41 34
-19.474 36.338 1.061 38 37 33
-19.491 36.329 1.124 38 35 30
-19.557 36.299 0.984 46 48 43
-19.551 36.302 1.176 204 200 191
-19.458 36.345 0.999 30 29 27
-19.521 36.316 0.975 39 38 34
-19.555 36.300 1.076 190 184 168
-19.516 36.318 1.074 37 36 32
-19.367 36.387 0.921 75 77 64
-19.559 36.298 1.125 184 177 158
-19.388 36.378 0.986 40 39 37
-19.538 36.308 1.165 103 103 95
-19.485 36.332 1.045 48 46 47
-19.447 36.350 0.998 34 33 31
-19.393 36.375 1.009 41 40 36
-19.421 36.362 1.011 36 35 33
-19.478 36.336 0.948 30 29 27
-19.544 36.305 1.076 122 121 116
-19.481 36.335 1.115 38 37 32
-19.568 36.294 1.182 191 184 155
-19.553 36.301 1.114 187 183 171
-19.406 36.369 0.958 35 34 32
-19.538 36.307 1.077 37 38 33
-19.491 36.330 1.040 47 46 44
-19.463 36.343 1.081 37 36 32
-19.403 36.371 1.036 43 42 37
-19.502 36.324 1.026 46 45 41
-19.532 36.311 0.933 43 40 35
-19.543 36.305 1.170 194 191 186
-19.379 36.382 0.963 39 39 37
-19.502 36.324 1.099 40 39 35
-19.411 36.367 1.049 44 43 39
-19.386 36.378 0.977 39 38 36
-19.475 36.337 1.112 37 36 32
-19.526 36.313 1.116 42 41 39
-19.338 36.401 0.953 46 45 41
-19.335 36.402 0.958 46 45 41
-19.469 36.340 1.068 37 36 31
-19.547 36.303 1.123 184 181 172
-19.371 36.385 0.993 44 40 39
-19.464 36.342 1.055 34 34 32
-19.454 36.347 0.935 33 31 32
-19.522 36.315 1.103 38 37 33
-19.442 36.353 0.961 32 31 29
-19.550 36.302 1.171 203 200 193
-19.475 36.337 1.117 35 34 30
-19.506 36.323 1.051 46 45 41
-19.430 36.358 0.982 35 34 32
-19.355 36.393 0.992 46 42 41
-19.390 36.376 0.969 39 38 36
-19.394 36.375 0.964 38 37 35
-19.561 36.297 1.080 186 180 156
-19.536 36.309 0.975 44 43 38
-19.551 36.302 0.964 42 43 38
-19.438 36.354 0.923 27 29 24
-19.501 36.325 0.944 34 33 31
-19.496 36.327 1.130 34 33 31
-19.527 36.313 1.009 47 44 37
-19.551 36.302 1.102 193 191 178
-19.310 36.414 0.962 50 51 45
-19.454 36.347 1.064 36 37 32
-19.419 36.363 0.958 34 33 31
-19.557 36.299 1.130 185 178 159
-19.490 36.330 1.017 47 46 42
-19.545 36.305 1.019 48 47 43
-19.557 36.299 0.962 46 48 45
-19.369 36.386 0.923 40 42 31
-19.529 36.312 0.985 46 43 34
-19.562 36.296 1.059 44 43 39
-19.373 36.385 0.961 39 39 37
-19.405 36.370 0.948 37 36 34
-19.551 36.301 1.166 196 192 181
-19.338 36.401 0.930 41 40 38
-19.423 36.361 1.017 37 36 34
-19.458 36.345 1.085 36 35 31
-19.328 36.405 0.940 50 46 45
-19.537 36.308 0.951 37 38 32
-19.499 36.326 1.039 48 47 43
-19.345 36.398 0.935 45 44 42
-19.446 36.351 0.936 31 32 27
-19.449 36.349 0.986 34 33 31
-19.552 36.301 0.976 39 40 35
-19.402 36.371 0.937 36 38 37
-19.522 36.315 1.031 44 43 38
-19.456 36.346 1.029 44 42 43
-19.516 36.318 0.937 31 29 30
-19.441 36.353 0.963 32 31 29
-19.525 36.314 1.102 42 41 37
-19.466 36.341 0.993 29 28 26
-19.521 36.316 1.148 45 44 39
-19.505 36.323 1.035 47 46 42
-19.544 36.305 0.934 31 32 24
-19.487 36.331 1.053 48 47 45
-19.341 36.400 0.933 46 45 43
-19.505 36.323 0.950 32 32 30
-19.401 36.371 0.993 39 38 36
-19.452 36.348 0.983 32 31 29
-19.488 36.331 1.052 48 47 45
-19.477 36.336 1.049 45 45 45
-19.332 36.404 0.971 45 46 41
-19.350 36.395 0.938 45 41 40
-19.508 36.322 1.039 46 45 41
-19.399 36.372 1.000 39 38 36
-19.462 36.343 1.046 48 48 50
-19.383 36.380 1.006 42 41 39
-19.562 36.296 1.058 44 43 39
-19.413 36.366 1.026 39 38 34
-19.542 36.306 1.147 117 117 107
-19.453 36.347 0.933 33 33 33
-19.372 36.385 0.952 41 43 40
-19.324 36.408 0.923 46 47 42
-19.449 36.349 1.049 49 48 46
-19.303 36.417 0.940 54 51 46
-19.415 36.365 0.933 34 34 34
-19.421 36.362 0.950 35 34 32
-19.501 36.325 1.123 44 43 41
-19.559 36.298 1.169 187 183 158
-19.536 36.309 1.122 38 37 35
-19.321 36.409 0.937 51 47 44
-19.547 36.304 1.136 193 189 178
-19.436 36.355 0.969 32 31 29
-19.494 36.328 0.971 31 30 28
-19.525 36.314 0.995 45 42 35
-19.490 36.330 0.995 34 33 28
-19.331 36.404 0.954 47 46 42
-19.371 36.385 1.009 44 43 39
-19.540 36.307 1.073 32 33 28
-19.419 36.363 1.042 39 38 34
-19.547 36.304 0.990 43 42 37
-19.461 36.344 1.070 36 37 32
-19.561 36.297 1.107 180 175 153
-19.550 36.302 1.023 44 43 39
-19.515 36.319 1.059 42 41 37
-19.403 36.370 1.015 40 39 35
-19.422 36.362 1.018 37 36 34
-19.554 36.300 0.980 45 46 41
-19.423 36.361 0.955 33 32 30
-19.544 36.305 1.093 119 119 109
-19.502 36.324 1.031 47 46 42
-19.436 36.355 1.023 35 34 32
-19.489 36.330 1.067 36 36 28
-19.492 36.329 0.991 33 32 30
-19.267 36.434 0.922 62 59 50
-19.521 36.316 1.038 44 43 38
-19.460 36.344 1.099 36 35 31
-19.536 36.308 1.141 55 56 48
-19.270 36.433 0.912 250 250 250
-19.501 36.325 0.960 33 31 32
-19.551 36.302 1.136 190 186 174
-19.539 36.307 0.991 41 41 33
-19.478 36.336 1.045 48 48 48
-19.490 36.330 0.932 31 31 31
-19.368 36.387 0.983 44 40 39
-19.488 36.331 0.932 32 32 32
-19.478 36.336 1.050 45 45 45
-19.525 36.314 1.154 36 35 31
-19.550 36.302 1.082 197 193 182
-19.505 36.323 1.078 36 35 30
-19.363 36.389 0.954 41 40 38
-19.480 36.335 1.095 37 38 32
-19.476 36.337 1.015 47 46 42
-19.509 36.321 1.028 46 45 41
-19.317 36.411 0.934 49 48 43
-19.385 36.379 0.975 41 40 38
-19.424 36.361 1.060 39 38 36
-19.562 36.296 1.105 174 168 144
-19.417 36.364 1.016 38 37 33
-19.410 36.367 0.956 36 35 33
-19.449 36.349 1.042 48 46 47
-19.294 36.421 0.942 58 53 47
-19.533 36.310 0.950 35 36 30
-19.294 36.421 0.947 54 53 48
-19.439 36.354 0.941 34 33 31
-19.547 36.304 0.946 34 35 27
-19.541 36.306 1.084 66 65 61
-19.418 36.364 0.957 34 33 31
-19.534 36.310 1.102 40 39 35
-19.518 36.317 1.141 52 51 46
-19.395 36.374 1.014 42 41 37
-19.380 36.381 0.919 75 76 62
-19.517 36.318 1.109 45 44 40
-19.550 36.302 0.984 40 41 35
-19.494 36.328 1.136 36 35 33
-19.537 36.308 0.960 33 32 27
-19.436 36.355 1.056 40 39 35
-19.516 36.318 1.125 44 43 41
-19.314 36.412 0.968 50 51 45
-19.515 36.318 0.944 35 34 32
-19.453 36.347 0.930 32 32 32
-19.278 36.429 0.920 117 114 107
-19.494 36.328 0.929 31 31 31
-19.540 36.307 1.027 46 45 41
-19.435 36.356 1.054 39 38 36
-19.444 36.352 0.980 34 33 31
-19.535 36.309 1.118 40 39 37
-19.333 36.403 0.954 47 46 42
-19.316 36.411 0.918 187 188 183
-19.432 36.357 0.941 36 35 33
-19.382 36.380 0.983 41 40 38
-19.555 36.300 0.984 46 48 43
-19.327 36.406 0.964 47 48 43
-19.538 36.308 1.034 44 43 38
-19.535 36.309 1.051 42 43 38
-19.339 36.400 0.984 46 45 41
-19.323 36.408 0.957 49 48 43
-19.554 36.300 1.143 187 184 167
-19.527 36.313 1.035 44 43 38
-19.477 36.336 1.055 39 38 36
-19.296 36.421 0.910 253 254 248
-19.442 36.352 0.992 34 33 31
-19.363 36.389 0.994 45 41 40
-19.513 36.319 0.947 33 33 31
-19.287 36.425 0.938 61 54 48
-19.381 36.381 1.016 43 42 38
-19.337 36.401 0.972 45 46 41
-19.412 36.367 1.018 39 38 34
-19.408 36.368 0.937 37 37 35
-19.511 36.320 1.079 37 36 32
-19.528 36.312 1.165 34 33 29
-19.368 36.387 0.985 44 40 39
-19.350 36.395 0.982 45 44 40
-19.504 36.324 1.063 33 33 25
-19.380 36.381 1.023 45 44 40
-19.406 36.369 0.933 37 37 39
-19.506 36.323 1.126 44 43 41
-19.449 36.349 1.012 35 34 32
-19.468 36.340 0.936 27 29 28
-19.489 36.331 0.995 33 32 28
-19.432 36.357 1.010 36 35 33
-19.541 36.306 1.138 115 112 105
-19.426 36.360 1.002 36 35 33
-19.487 36.331 1.027 48 47 45
-19.494 36.328 1.033 48 47 45
-19.550 36.302 1.110 191 189 177
-19.382 36.380 0.985 43 39 38
-19.543 36.305 0.959 48 47 43
-19.538 36.308 0.975 44 43 38
-19.506 36.323 1.079 37 36 31
-19.513 36.319 0.958 33 32 30
-19.469 36.340 1.002 31 30 26
-19.533 36.310 1.043 41 42 36
-19.478 36.336 1.038 49 48 46
-19.363 36.389 0.971 41 41 39
-19.543 36.306 1.023 41 40 36
-19.352 36.394 0.919 57 58 53
-19.473 36.338 1.017 47 46 44
-19.492 36.329 1.090 41 38 33
-19.486 36.332 1.015 45 44 40
-19.351 36.395 0.981 44 43 41
-19.491 36.330 1.093 37 38 32
-19.456 36.346 1.073 36 37 32
-19.504 36.323 1.066 37 37 29
-19.320 36.409 0.916 183 184 179
-19.548 36.303 1.024 38 37 33
-19.428 36.359 1.057 41 40 38
-19.516 36.318 0.967 30 29 27
-19.431 36.357 0.980 34 33 31
-19.343 36.398 0.930 41 40 38
-19.521 36.316 1.089 39 38 34
-19.507 36.322 1.059 37 36 31
-19.322 36.408 0.937 51 47 44
-19.399 36.373 0.923 34 33 29
-19.556 36.299 1.061 42 38 35
-19.302 36.418 0.911 255 255 251
-19.550 36.302 1.141 195 193 181
-19.480 36.335 1.012 47 46 42
-19.332 36.404 0.939 48 44 43
-19.381 36.381 0.963 39 39 37
-19.381 36.381 0.920 70 71 57
-19.554 36.300 0.980 45 46 41
-19.394 36.375 0.983 39 38 36
-19.458 36.345 1.010 33 32 30
-19.538 36.308 0.951 37 38 32
-19.342 36.399 0.950 48 44 41
-19.502 36.324 0.945 34 33 31
-19.445 36.351 0.967 32 31 29
-19.452 36.348 1.009 33 32 30
-19.334 36.403 0.914 241 241 239
-19.520 36.316 1.077 39 38 34
-19.475 36.337 0.980 30 29 27
-19.561 36.297 1.048 68 68 66
-19.507 36.322 1.113 42 41 37
-19.453 36.347 1.010 33 32 30
-19.522 36.315 1.121 45 44 42
-19.451 36.348 1.012 33 32 30
-19.536 36.308 0.935 34 31 24
-19.334 36.403 0.926 42 42 40
-19.552 36.301 1.113 187 183 171
-19.565 36.295 1.103 174 169 140
-19.514 36.319 1.059 42 41 37
-19.474 36.338 1.031 50 49 47
-19.500 36.325 1.039 47 46 42
-19.539 36.307 0.999 44 43 38
-19.381 36.381 0.935 40 41 36
-19.416 36.364 0.923 35 35 33
-19.460 36.344 0.935 31 31 31
-19.525 36.314 1.090 36 35 31
-19.292 36.422 0.922 59 56 51
-19.541 36.306 0.977 43 42 37
-19.466 36.341 0.986 30 29 27
-19.543 36.305 1.069 59 59 59
-19.421 36.362 0.958 34 33 31
-19.447 36.350 1.036 48 46 47
-19.480 36.335 1.044 48 48 48
-19.398 36.373 1.014 41 40 36
-19.494 36.328 0.940 32 31 29
-19.298 36.419 0.952 53 52 47
-19.375 36.383 0.979 43 39 38
-19.549 36.302 1.027 42 41 37
-19.339 36.400 0.989 49 45 42
-19.382 36.380 0.935 40 41 36
-19.370 36.386 1.011 44 43 39
-19.551 36.302 1.107 189 186 171
-19.508 36.322 1.139 40 36 33
-19.539 36.307 0.998 44 43 38
-19.319 36.410 0.939 50 49 44
-19.549 36.303 1.175 197 194 187
-19.535 36.309 0.969 44 43 38
-19.359 36.391 0.941 45 42 37
-19.386 36.379 1.029 45 44 40
-19.405 36.370 0.953 38 37 35
-19.506 36.322 1.044 45 44 40
-19.554 36.300 1.190 33 30 23
-19.491 36.329 1.021 46 45 41
-19.412 36.366 1.018 40 39 35
-19.351 36.395 0.968 42 42 40
-19.261 36.437 0.907 252 249 240
-19.341 36.400 0.926 38 38 36
-19.383 36.380 0.925 40 41 35
-19.336 36.402 0.916 172 172 170
-19.551 36.302 1.178 204 200 191
-19.422 36.362 1.026 37 36 32
-19.548 36.303 1.095 192 190 177
-19.386 36.379 0.984 39 38 36
-19.486 36.332 1.095 37 38 32
-19.512 36.320 1.062 35 34 29
-19.473 36.338 1.001 31 30 26
-19.369 36.387 1.016 45 44 40
-19.554 36.300 0.978 42 43 38
-19.484 36.333 1.084 39 36 31
-19.338 36.401 0.967 44 45 40
-19.461 36.344 1.065 36 37 32
-19.330 36.405 0.978 46 47 42
-19.316 36.411 0.964 49 50 44
-19.387 36.378 0.978 39 38 36
-19.494 36.328 1.100 39 38 33
-19.535 36.309 1.100 33 32 28
-19.413 36.366 0.989 37 36 34
-19.474 36.337 1.000 33 32 28
-19.508 36.322 1.055 44 43 38
-19.457 36.345 1.071 36 37 32
-19.510 36.321 1.126 43 42 40
-19.393 36.375 0.968 37 36 34
-19.512 36.320 1.112 44 43 39
-19.552 36.301 1.100 191 188 173
-19.485 36.332 1.033 48 47 45
-19.458 36.345 1.079 36 35 31
-19.553 36.301 1.081 191 188 173
-19.451 36.348 1.018 34 32 33
-19.520 36.316 1.101 44 43 39
-19.467 36.341 0.988 29 28 26
-19.483 36.333 0.934 32 34 33
-19.421 36.362 0.934 31 31 29
-19.429 36.359 0.993 36 35 33
-19.535 36.309 1.100 33 32 28
-19.312 36.413 0.956 47 48 42
-19.415 36.365 0.922 66 65 63
-19.557 36.299 1.134 188 182 160
-19.547 36.304 1.063 37 37 39
-19.369 36.387 0.997 42 41 39
-19.512 36.320 1.066 35 34 29
-19.445 36.351 0.988 34 33 31
-19.474 36.337 1.017 47 46 44
-19.354 36.393 0.994 46 42 41
-19.509 36.321 1.123 41 40 38
-19.523 36.315 0.935 37 36 32
-19.458 36.345 1.080 36 35 31
-19.410 36.367 0.950 37 36 34
-19.414 36.365 0.923 36 36 36
-19.445 36.351 0.945 31 30 28
-19.284 36.426 0.935 62 55 49
-19.472 36.339 1.032 50 49 47
-19.558 36.298 1.068 190 186 174
-19.486 36.332 1.102 39 38 33
-19.487 36.332 0.961 32 31 29
-19.319 36.410 0.915 251 252 247
-19.470 36.339 0.959 31 30 28
-19.386 36.378 0.922 41 41 33
-19.478 36.336 1.010 43 42 38
-19.487 36.331 0.940 30 29 27
-19.538 36.308 0.961 33 32 27
-19.520 36.316 0.977 44 43 38
-19.478 36.336 0.974 30 29 27
-19.454 36.347 1.097 34 33 29
-19.526 36.313 1.142 46 45 40
-19.447 36.350 0.956 31 30 28
-19.394 36.375 0.987 39 38 36
-19.455 36.346 0.937 33 31 32
-19.524 36.314 0.942 36 35 31
-19.298 36.419 0.912 252 253 247
-19.454 36.347 1.064 36 37 32
-19.519 36.317 1.135 47 46 44
-19.513 36.319 0.945 35 34 32
-19.351 36.395 1.004 47 43 42
-19.250 36.473 1.140 90 94 93
-19.321 36.424 1.088 72 66 52
-19.419 36.365 1.078 34 33 29
-19.293 36.439 1.074 72 70 57
-19.310 36.422 1.022 55 52 47
-19.250 36.471 1.123 94 99 95
-19.369 36.396 1.088 63 61 49
-19.280 36.432 0.969 61 56 52
-19.431 36.370 1.167 34 31 26
-19.391 36.398 1.197 206 195 177
-19.316 36.431 1.120 76 76 66
-19.428 36.363 1.106 28 27 23
-19.469 36.341 1.117 33 32 28
-19.265 36.471 1.192 159 155 146
-19.522 36.316 1.169 35 34 30
-19.300 36.439 1.105 79 75 66
-19.500 36.326 1.144 37 33 30
-19.378 36.393 1.107 65 65 55
-19.337 36.421 1.137 81 78 69
-19.322 36.425 1.100 70 70 58
-19.300 36.431 1.041 65 61 52
-19.403 36.388 1.179 57 54 49
-19.258 36.472 1.162 38 40 39
-19.484 36.339 1.167 34 33 28
-19.291 36.430 1.003 60 56 47
-19.420 36.377 1.173 34 31 26
-19.278 36.438 1.001 64 62 49
-19.413 36.383 1.183 37 34 29
-19.454 36.358 1.183 38 35 30
-19.455 36.357 1.173 36 35 30
-19.420 36.371 1.127 25 24 20
-19.270 36.437 0.962 62 57 53
-19.396 36.384 1.121 67 67 57
-19.341 36.407 1.051 56 53 48
-19.276 36.462 1.173 47 46 42
-19.248 36.478 1.161 143 147 148
-19.261 36.457 1.066 85 85 75
-19.444 36.356 1.121 27 26 22
-19.533 36.314 1.197 149 149 137
-19.266 36.452 1.049 75 71 60
-19.522 36.318 1.180 37 34 29
-19.242 36.467 1.059 255 255 255
-19.311 36.439 1.151 66 66 58
-19.427 36.371 1.158 34 30 27
-19.320 36.410 0.978 49 50 44
-19.281 36.447 1.085 78 74 63
-19.309 36.440 1.152 64 64 56
-19.277 36.438 0.997 63 61 46
-19.297 36.432 1.044 65 61 50
-19.469 36.351 1.194 83 76 57
-19.511 36.322 1.164 34 33 28
-19.287 36.445 1.094 83 76 66
-19.322 36.422 1.077 71 65 53
-19.308 36.421 1.008 55 54 49
-19.348 36.405 1.064 61 56 50
-19.288 36.437 1.040 67 63 54
-19.482 36.335 1.137 35 32 27
-19.319 36.424 1.079 73 67 55
-19.271 36.469 1.196 192 190 178
-19.282 36.445 1.067 74 74 62
-19.334 36.408 1.029 54 51 46
-19.307 36.429 1.061 68 64 55
-19.448 36.352 1.112 29 28 24
-19.344 36.410 1.084 64 62 50
-19.302 36.441 1.127 72 72 62
-19.315 36.412 0.972 50 51 45
-19.287 36.431 0.986 61 56 52
-19.239 36.483 1.167 174 177 168
-19.336 36.409 1.040 56 53 46
-19.323 36.429 1.131 78 78 66
-19.460 36.353 1.168 35 34 29
-19.392 36.391 1.156 71 70 65
-19.280 36.444 1.059 74 74 62
-19.269 36.455 1.085 76 80 66
-19.402 36.384 1.142 69 66 61
-19.337 36.422 1.141 79 76 67
-19.242 36.468 1.063 255 255 255
-19.283 36.442 1.050 70 68 56
-19.412 36.373 1.105 69 68 64
-19.249 36.449 0.954 62 59 52
-19.303 36.430 1.048 65 61 52
-19.327 36.432 1.175 63 63 55
-19.350 36.403 1.060 58 53 47
-19.263 36.462 1.115 61 63 60
-19.287 36.430 0.983 60 55 51
-19.392 36.378 1.059 52 49 44
-19.379 36.394 1.120 70 70 60
-19.326 36.423 1.098 70 70 58
-19.391 36.393 1.166 65 64 60
-19.529 36.316 1.198 152 152 142
-19.438 36.365 1.163 36 33 28
-19.529 36.314 1.183 37 34 29
-19.384 36.402 1.196 210 204 182
-19.306 36.424 1.025 59 54 50
-19.287 36.440 1.058 71 69 56
-19.372 36.409 1.201 207 200 192
-19.423 36.362 1.073 36 35 33
-19.350 36.416 1.155 77 74 65
-19.446 36.352 1.100 30 29 25
-19.536 36.311 1.191 42 40 28
-19.266 36.471 1.192 159 155 146
-19.381 36.389 1.093 62 62 52
-19.387 36.399 1.192 213 215 194
-19.484 36.340 1.181 35 34 29
-19.268 36.464 1.150 46 48 47
-19.271 36.464 1.165 50 50 48
-19.269 36.461 1.130 59 61 58
-19.315 36.429 1.099 71 71 61
-19.307 36.429 1.060 69 65 54
-19.287 36.452 1.140 55 56 50
-19.499 36.327 1.148 36 32 29
-19.253 36.454 1.014 67 64 59
-19.391 36.393 1.162 68 67 63
-19.252 36.461 1.055 67 64 59
-19.403 36.390 1.194 208 199 184
-19.540 36.308 1.188 41 32 25
-19.308 36.445 1.185 149 152 141
-19.402 36.392 1.203 212 210 198
-19.277 36.454 1.117 76 76 66
-19.273 36.439 0.985 64 60 51
-19.443 36.358 1.127 28 27 23
-19.269 36.466 1.169 51 52 47
-19.275 36.457 1.133 59 60 54
-19.358 36.413 1.169 69 67 55
-19.264 36.451 1.037 74 71 56
-19.292 36.449 1.146 55 54 49
-19.274 36.451 1.082 76 76 64
-19.269 36.446 1.021 69 65 53
-19.350 36.413 1.127 75 75 65
-19.318 36.419 1.035 58 53 50
-19.331 36.414 1.054 58 53 47
-19.377 36.395 1.117 69 69 59
-19.333 36.417 1.089 66 66 54
-19.543 36.306 1.183 39 35 32
-19.411 36.378 1.138 29 26 21
-19.362 36.414 1.192 209 211 190
-19.319 36.427 1.100 70 70 60
-19.249 36.456 1.011 80 77 70
-19.410 36.387 1.203 179 178 157
-19.392 36.379 1.060 53 50 45
-19.271 36.445 1.023 68 64 52
-19.308 36.424 1.032 60 55 51
-19.293 36.424 0.963 55 52 47
-19.301 36.440 1.115 78 75 66
-19.465 36.351 1.175 34 33 28
-19.407 36.384 1.165 68 65 58
-19.340 36.414 1.094 64 64 54
-19.306 36.417 0.970 53 52 47
-19.298 36.429 1.021 61 56 50
-19.274 36.442 1.015 67 63 52
-19.356 36.403 1.084 65 61 50
-19.267 36.447 1.016 70 66 54
-19.260 36.457 1.065 70 70 62
-19.388 36.378 1.037 46 45 40
-19.343 36.408 1.065 59 54 48
-19.331 36.426 1.141 77 74 65
-19.424 36.370 1.137 28 27 23
-19.278 36.460 1.163 50 49 45
-19.408 36.389 1.204 182 181 163
-19.256 36.445 0.958 63 60 55
-19.359 36.415 1.186 145 143 131
-19.312 36.427 1.069 69 65 54
-19.302 36.423 0.995 54 54 46
-19.382 36.386 1.075 59 56 47
-19.310 36.434 1.112 76 73 64
-19.250 36.466 1.085 79 81 78
-19.315 36.436 1.147 72 72 64
-19.277 36.452 1.101 80 78 66
-19.268 36.460 1.123 60 62 59
-19.479 36.340 1.156 34 33 28
-19.410 36.368 1.059 44 43 41
-19.397 36.376 1.062 52 49 44
-19.363 36.413 1.190 200 201 187
-19.285 36.448 1.108 82 80 68
-19.430 36.374 1.193 101 96 77
-19.266 36.472 1.195 168 161 151
-19.305 36.422 1.003 54 53 48
-19.285 36.435 1.008 62 58 49
-19.547 36.304 1.187 42 35 29
-19.497 36.332 1.173 34 33 28
-19.306 36.418 0.980 53 52 47
-19.271 36.455 1.096 83 80 71
-19.334 36.425 1.155 77 74 69
-19.339 36.424 1.160 73 70 65
-19.387 36.389 1.119 69 69 59
-19.494 36.335 1.186 34 33 28
-19.323 36.436 1.182 89 88 83
-19.355 36.393 1.008 48 44 43
-19.388 36.391 1.139 76 76 66
-19.325 36.423 1.096 69 69 57
-19.243 36.468 1.072 237 235 236
-19.263 36.449 1.016 66 62 53
-19.360 36.392 1.023 47 46 42
-19.421 36.371 1.133 27 26 22
-19.436 36.367 1.166 35 32 27
-19.385 36.392 1.126 71 71 61
-19.521 36.321 1.199 193 190 183
-19.265 36.454 1.064 74 74 64
-19.514 36.325 1.197 150 147 142
-19.295 36.427 0.995 59 56 49
-19.277 36.455 1.127 62 63 55
-19.300 36.442 1.130 70 70 60
-19.419 36.368 1.102 28 27 23
-19.483 36.336 1.143 33 32 27
-19.294 36.451 1.166 55 54 49
-19.379 36.406 1.203 215 218 209
-19.356 36.414 1.168 69 67 55
-19.536 36.310 1.180 37 34 29
-19.271 36.445 1.023 68 64 52
-19.442 36.363 1.163 36 33 28
-19.254 36.477 1.183 80 81 83
-19.359 36.408 1.138 81 79 67
-19.301 36.441 1.124 73 73 63
-19.366 36.397 1.081 63 59 48
-19.459 36.349 1.132 32 28 25
-19.352 36.414 1.148 82 79 70
-19.280 36.442 1.044 70 66 55
-19.303 36.440 1.122 75 75 65
-19.277 36.444 1.043 73 66 56
-19.331 36.413 1.049 56 53 48
-19.459 36.358 1.201 179 183 160
-19.433 36.358 1.092 29 28 24
-19.264 36.454 1.058 79 76 67
-19.430 36.369 1.158 35 31 28
-19.247 36.478 1.162 143 147 148
-19.335 36.429 1.182 91 88 83
-19.268 36.454 1.081 80 84 70
-19.295 36.448 1.153 54 53 48
-19.541 36.308 1.192 39 32 24
-19.451 36.357 1.162 37 34 29
-19.474 36.349 1.204 180 182 160
-19.336 36.426 1.162 71 68 63
-19.409 36.379 1.137 62 62 52
-19.506 36.327 1.182 36 35 31
-19.357 36.406 1.112 70 70 60
-19.345 36.415 1.129 74 74 64
-19.401 36.378 1.096 61 61 51
-19.366 36.407 1.154 78 75 66
-19.419 36.377 1.164 31 28 23
-19.310 36.418 0.997 52 53 47
-19.264 36.442 0.971 63 58 54
-19.294 36.456 1.202 193 193 169
-19.492 36.335 1.178 36 35 30
-19.556 36.301 1.202 191 193 182
-19.253 36.464 1.082 61 63 58
-19.502 36.331 1.191 37 34 27
-19.334 36.403 0.988 49 45 42
-19.390 36.389 1.125 71 71 61
-19.331 36.430 1.174 66 63 58
-19.273 36.463 1.165 51 50 46
-19.359 36.401 1.080 62 58 47
-19.306 36.447 1.189 195 192 183
-19.410 36.369 1.067 49 47 48
-19.282 36.439 1.026 68 64 55
-19.276 36.460 1.151 48 49 44
-19.256 36.473 1.164 39 41 40
-19.347 36.409 1.091 65 65 55
-19.269 36.453 1.072 71 73 60
-19.342 36.424 1.178 58 55 46
-19.368 36.402 1.129 74 74 64
-19.270 36.439 0.973 63 58 52
-19.279 36.442 1.036 73 66 56
-19.292 36.434 1.037 66 62 53
-19.534 36.312 1.193 64 64 52
-19.370 36.407 1.173 65 62 55
-19.376 36.392 1.093 62 62 52
-19.302 36.433 1.071 69 65 53
-19.434 36.369 1.178 36 33 28
-19.479 36.344 1.185 37 36 31
-19.328 36.433 1.185 170 173 162
-19.302 36.424 1.009 58 55 48
-19.445 36.355 1.119 28 27 23
-19.250 36.453 0.990 60 58 46
-19.279 36.464 1.199 183 183 171
-19.348 36.415 1.140 80 77 68
-19.281 36.463 1.203 191 189 174
-19.383 36.384 1.059 53 50 45
-19.460 36.346 1.118 31 30 26
-19.253 36.456 1.022 68 64 61
-19.365 36.403 1.122 72 72 62
-19.239 36.476 1.109 176 179 168
-19.408 36.378 1.128 63 63 53
-19.326 36.416 1.051 58 55 50
-19.415 36.378 1.156 30 26 23
-19.516 36.321 1.181 36 35 30
-19.302 36.431 1.056 68 64 53
-19.342 36.404 1.031 50 49 44
-19.282 36.439 1.031 68 64 55
-19.241 36.465 1.038 205 203 204
-19.355 36.417 1.180 55 53 38
-19.362 36.399 1.083 64 60 49
-19.427 36.374 1.179 37 34 29
-19.421 36.373 1.145 32 28 25
-19.421 36.369 1.115 24 23 19
-19.244 36.463 1.037 131 129 130
-19.400 36.393 1.201 195 188 178
-19.432 36.370 1.174 35 32 27
-19.497 36.328 1.142 36 32 29
-19.396 36.389 1.159 66 65 60
-19.291 36.450 1.147 55 54 49
-19.385 36.400 1.189 189 191 170
-19.288 36.456 1.174 52 48 47
-19.328 36.414 1.049 57 54 49
-19.335 36.424 1.148 81 78 71
-19.382 36.385 1.063 55 50 44
-19.367 36.402 1.128 73 73 63
-19.472 36.339 1.121 33 32 28
-19.431 36.363 1.112 26 25 21
-19.423 36.363 1.081 34 33 29
-19.299 36.421 0.972 55 52 47
-19.282 36.457 1.154 50 49 45
-19.477 36.348 1.204 177 180 159
-19.318 36.428 1.105 72 72 62
-19.426 36.366 1.116 26 25 21
-19.240 36.473 1.096 244 244 232
-19.506 36.326 1.171 34 33 28
-19.451 36.357 1.161 37 34 29
-19.485 36.336 1.153 34 33 28
-19.269 36.456 1.101 81 81 73
-19.280 36.436 1.001 64 62 49
-19.250 36.474 1.142 95 99 98
-19.284 36.451 1.124 70 72 59
-19.400 36.376 1.073 51 50 45
-19.304 36.427 1.032 61 56 50
-19.405 36.385 1.164 67 64 57
-19.256 36.458 1.052 82 79 74
-19.351 36.398 1.024 49 48 43
-19.457 36.359 1.197 173 167 145
-19.289 36.434 1.019 64 60 51
-19.295 36.449 1.160 54 53 48
-19.373 36.389 1.055 53 50 45
-19.385 36.400 1.188 189 191 170
-19.291 36.436 1.041 65 63 51
-19.294 36.456 1.200 191 192 176
-19.347 36.412 1.108 71 71 61
-19.346 36.409 1.084 64 62 50
-19.512 36.325 1.191 34 29 25
-19.271 36.457 1.111 78 78 70
-19.306 36.444 1.167 58 57 52
-19.386 36.386 1.090 61 61 51
-19.311 36.419 1.010 55 54 49
-19.286 36.457 1.175 46 42 41
-19.266 36.468 1.168 48 48 46
-19.378 36.386 1.050 49 48 43
-19.267 36.461 1.125 59 61 60
-19.407 36.386 1.181 61 58 53
-19.362 36.415 1.194 201 203 182
-19.466 36.348 1.159 35 34 29
-19.339 36.404 1.018 48 47 43
-19.458 36.349 1.127 32 28 25
-19.415 36.373 1.121 25 24 20
-19.385 36.385 1.078 59 56 47
-19.251 36.462 1.058 69 65 62
-19.283 36.437 1.018 65 61 52
-19.345 36.419 1.150 80 77 68
-19.256 36.474 1.175 39 40 42
-19.309 36.418 0.986 53 52 47
-19.314 36.426 1.073 70 66 55
-19.263 36.474 1.198 145 145 135
-19.393 36.379 1.068 55 52 47
-19.393 36.397 1.204 207 207 199
-19.506 36.325 1.161 34 33 28
-19.296 36.454 1.199 191 192 176
-19.419 36.378 1.174 35 32 27
-19.376 36.385 1.038 49 48 43
-19.392 36.379 1.070 55 52 47
-19.334 36.421 1.124 73 73 63
-19.241 36.462 1.014 217 215 203
-19.480 36.340 1.158 34 33 28
-19.351 36.420 1.188 204 202 187
-19.334 36.411 1.047 55 52 47
-19.459 36.344 1.104 34 33 29
-19.441 36.368 1.198 192 185 167
-19.368 36.397 1.089 63 61 49
-19.352 36.416 1.160 72 69 60
-19.273 36.437 0.977 62 57 51
-19.277 36.464 1.193 194 186 175
-19.479 36.336 1.127 36 33 28
-19.305 36.445 1.169 58 57 52
-19.349 36.399 1.028 49 48 43
-19.556 36.300 1.200 191 193 182
-19.278 36.457 1.137 54 55 50
-19.389 36.387 1.114 68 68 58
-19.361 36.396 1.054 53 53 45
-19.356 36.419 1.199 199 200 182
-19.469 36.350 1.184 34 33 28
-19.299 36.447 1.159 56 55 50
-19.258 36.440 0.928 58 57 55
-19.394 36.396 1.198 206 194 178
-19.279 36.432 0.960 58 53 49
-19.296 36.422 0.965 55 52 47
-19.482 36.342 1.186 32 33 27
-19.362 36.400 1.092 63 63 53
-19.334 36.421 1.122 73 73 63
-19.293 36.456 1.197 195 191 180
-19.277 36.432 0.958 60 55 51
-19.372 36.406 1.171 67 68 63
-19.359 36.398 1.062 57 52 46
-19.280 36.436 1.001 64 60 51
-19.410 36.374 1.107 69 68 64
-19.298 36.439 1.093 81 74 66
-19.272 36.460 1.134 55 57 52
-19.245 36.460 1.023 143 142 137
-19.260 36.467 1.132 48 52 51
-19.244 36.475 1.128 177 182 176
-19.315 36.429 1.100 71 71 61
-19.410 36.371 1.083 54 53 49
-19.254 36.471 1.136 37 41 40
-19.300 36.435 1.074 70 66 54
-19.448 36.354 1.124 28 27 23
-19.383 36.386 1.077 59 56 47
-19.300 36.449 1.182 99 98 94
-19.363 36.404 1.124 72 72 62
-19.254 36.476 1.177 45 46 48
-19.294 36.426 0.984 60 55 51
-19.290 36.449 1.137 61 60 55
-19.287 36.460 1.201 187 187 175
-19.441 36.367 1.191 41 39 27
-19.267 36.471 1.197 179 177 165
-19.379 36.401 1.168 64 63 59
-19.272 36.447 1.038 72 66 50
-19.312 36.428 1.077 71 67 55
-19.468 36.345 1.150 34 33 28
-19.362 36.406 1.131 76 76 66
-19.430 36.361 1.102 29 28 24
-19.363 36.410 1.168 70 67 58
-19.242 36.486 1.197 173 176 165
-19.252 36.471 1.130 52 57 53
-19.395 36.383 1.109 65 65 55
-19.269 36.457 1.106 79 79 71
-19.246 36.456 0.999 71 67 58
-19.307 36.439 1.135 70 70 62
-19.311 36.427 1.064 69 65 56
-19.340 36.416 1.107 71 71 61
-19.454 36.355 1.160 35 34 29
-19.484 36.338 1.159 34 33 28
-19.375 36.407 1.201 203 200 191
-19.394 36.381 1.087 58 59 51
-19.328 36.406 0.985 48 47 43
-19.466 36.347 1.156 35 34 29
-19.335 36.422 1.133 76 76 66
-19.269 36.453 1.073 71 73 60
-19.282 36.455 1.144 51 52 46
-19.527 36.314 1.174 37 33 30
-19.312 36.413 0.971 50 51 45
-19.445 36.355 1.115 28 27 23
-19.278 36.453 1.110 81 79 67
-19.254 36.456 1.030 74 70 67
-19.332 36.426 1.151 78 75 68
-19.433 36.371 1.184 37 34 29
-19.445 36.362 1.173 36 33 28
-19.313 36.428 1.077 71 67 55
-19.351 36.402 1.053 55 52 45
-19.448 36.364 1.200 194 185 168
-19.297 36.449 1.165 56 55 50
-19.366 36.397 1.085 64 60 49
-19.436 36.360 1.119 26 25 21
-19.396 36.385 1.128 67 67 57
-19.394 36.384 1.108 66 66 56
-19.387 36.381 1.057 53 50 45
-19.371 36.392 1.071 58 54 45
-19.340 36.411 1.069 62 58 49
-19.462 36.356 1.201 179 183 160
-19.273 36.451 1.076 77 79 66
-19.446 36.366 1.203 183 178 159
-19.315 36.443 1.199 198 201 184
-19.387 36.387 1.101 63 63 53
-19.344 36.413 1.107 71 71 61
-19.395 36.396 1.198 206 194 178
-19.304 36.445 1.167 58 57 52
-19.292 36.455 1.189 191 188 179
-19.301 36.450 1.189 195 192 183
-19.317 36.441 1.191 212 208 199
-19.253 36.457 1.035 67 63 64
-19.331 36.432 1.187 176 169 163
-19.271 36.434 0.944 62 57 38
-19.321 36.431 1.132 78 78 66
-19.328 36.429 1.154 75 75 67
-19.306 36.419 0.987 56 53 48
-19.240 36.478 1.132 175 178 167
-19.322 36.409 0.985 49 48 43
-19.395 36.389 1.150 69 69 61
-19.437 36.369 1.187 33 36 29
-19.340 36.414 1.093 64 64 54
-19.271 36.438 0.972 63 58 52
-19.321 36.418 1.039 58 53 50
-19.237 36.487 1.186 167 163 154
-19.402 36.391 1.195 208 199 184
-19.384 36.400 1.183 85 85 77
-19.312 36.424 1.047 61 57 48
-19.447 36.353 1.115 28 27 23
-19.342 36.408 1.060 59 54 48
-19.277 36.463 1.179 48 47 43
-19.413 36.370 1.089 25 24 19
-19.254 36.455 1.023 70 66 63
-19.314 36.418 1.010 54 53 48
-19.369 36.392 1.063 56 51 45
-19.274 36.441 1.009 67 63 52
-19.454 36.350 1.117 29 28 24
-19.256 36.459 1.062 77 74 69
-19.281 36.440 1.031 71 64 56
-19.466 36.343 1.119 33 32 28
-19.376 36.389 1.065 56 51 45
-19.265 36.452 1.050 75 71 60
-19.412 36.370 1.082 37 36 32
-19.420 36.378 1.176 35 32 27
-19.445 36.359 1.151 36 32 29
-19.356 36.419 1.199 199 200 182
-19.267 36.449 1.035 75 72 57
-19.317 36.418 1.024 56 53 48
-19.353 36.412 1.139 82 80 68
-19.319 36.426 1.094 67 67 55
-19.244 36.485 1.199 177 181 167
-19.319 36.438 1.181 61 60 55
-19.278 36.448 1.078 77 77 65
-19.362 36.407 1.141 80 78 66
-19.298 36.453 1.201 192 193 177
-19.274 36.443 1.016 67 63 52
-19.455 36.359 1.195 173 167 145
-19.304 36.445 1.168 58 57 52
-19.419 36.377 1.162 31 28 23
-19.294 36.438 1.073 71 69 56
-19.490 36.330 1.135 37 34 29
-19.355 36.413 1.152 81 78 69
-19.400 36.388 1.162 68 65 60
-19.267 36.437 0.948 66 61 55
-19.409 36.373 1.090 56 56 46
-19.441 36.368 1.197 171 163 144
-19.407 36.374 1.093 58 58 48
-19.342 36.417 1.123 73 73 63
-19.283 36.458 1.168 48 47 43
-19.332 36.420 1.106 70 70 60
-19.257 36.474 1.179 50 51 53
-19.412 36.383 1.181 33 30 25
-19.251 36.464 1.071 68 67 63
-19.258 36.469 1.141 42 46 45
-19.278 36.429 0.937 61 54 48
-19.372 36.409 1.196 204 205 187
-19.282 36.432 0.977 61 56 52
-19.309 36.429 1.074 71 67 56
-19.476 36.347 1.193 86 79 61
-19.441 36.368 1.199 192 185 167
-19.388 36.388 1.117 69 69 59
-19.288 36.431 0.996 60 56 47
-19.299 36.439 1.105 79 75 66
-19.248 36.447 0.941 56 52 49
-19.345 36.399 1.013 47 46 44
-19.550 36.305 1.205 198 199 185
-19.520 36.320 1.185 36 35 30
-19.427 36.367 1.131 27 26 22
-19.268 36.466 1.163 50 50 48
-19.318 36.421 1.051 63 56 50
-19.289 36.435 1.026 66 62 53
-19.525 36.314 1.170 35 34 30
-19.251 36.457 1.025 68 64 61
-19.314 36.434 1.131 75 75 65
-19.407 36.374 1.092 56 56 46
-19.384 36.400 1.184 85 85 77
-19.347 36.411 1.102 68 68 58
-19.340 36.426 1.182 90 87 78
-19.330 36.432 1.184 172 175 164
-19.239 36.486 1.181 175 177 172
-19.428 36.373 1.175 35 32 27
-19.303 36.440 1.124 75 75 65
-19.378 36.386 1.059 53 50 43
-19.289 36.438 1.050 68 66 53
-19.402 36.386 1.164 66 63 58
-19.364 36.391 1.034 47 49 38
-19.337 36.419 1.114 74 74 64
-19.290 36.443 1.091 82 75 65
-19.296 36.445 1.132 67 67 57
-19.450 36.352 1.120 28 27 23
-19.388 36.395 1.162 70 69 65
-19.356 36.394 1.018 47 46 42
-19.270 36.433 0.931 64 58 62
-19.300 36.433 1.061 70 66 55
-19.238 36.478 1.120 175 181 169
-19.312 36.444 1.194 201 194 186
-19.277 36.454 1.113 78 78 68
-19.369 36.396 1.085 63 61 49
-19.332 36.424 1.131 77 77 67
-19.253 36.448 0.967 76 73 68
-19.268 36.460 1.117 66 67 62
-19.418 36.380 1.184 36 33 28
-19.265 36.453 1.058 80 78 66
-19.249 36.463 1.064 67 63 62
-19.444 36.360 1.150 36 32 29
-19.264 36.438 0.940 64 61 54
-19.444 36.422 0.887 240 237 218
-19.438 36.418 0.870 181 174 146
-19.440 36.421 0.879 251 249 226
-19.364 36.461 0.881 253 254 246
-19.475 36.400 0.873 156 149 123
-19.516 36.388 0.895 225 222 213
-19.452 36.418 0.889 253 250 235
-19.498 36.392 0.882 240 229 211
-19.291 36.497 0.878 252 252 216
-19.292 36.494 0.871 255 238 194
-19.492 36.401 0.899 173 170 163
-19.508 36.389 0.888 232 224 211
-19.319 36.481 0.874 255 247 224
-19.364 36.459 0.879 255 255 243
-19.327 36.480 0.882 255 255 251
-19.418 36.429 0.872 190 184 160
-19.508 36.387 0.883 237 229 218
-19.487 36.402 0.892 250 242 231
-19.466 36.408 0.880 252 246 222
-19.298 36.493 0.877 254 251 220
-19.399 36.443 0.884 255 255 251
-19.514 36.384 0.882 235 227 216
-19.384 36.449 0.879 255 255 237
-19.436 36.418 0.867 212 205 179
-19.373 36.454 0.877 255 255 235
-19.493 36.394 0.881 245 233 211
-19.321 36.478 0.868 228 215 173
-19.390 36.442 0.867 102 94 71
-19.379 36.451 0.877 255 255 237
-19.455 36.408 0.866 164 158 134
-19.381 36.447 0.869 125 116 87
-19.374 36.453 0.874 239 237 212
-19.325 36.474 0.866 246 231 188
-19.394 36.440 0.869 148 140 119
-19.471 36.409 0.889 248 243 224
-19.306 36.484 0.865 234 216 170
-19.374 36.453 0.874 239 237 212
-19.453 36.420 0.895 214 212 200
-19.501 36.386 0.870 90 79 61
-19.367 36.453 0.865 128 124 87
-19.511 36.390 0.893 227 223 212
-19.362 36.462 0.881 250 251 243
-19.495 36.390 0.873 143 130 111
-19.398 36.441 0.877 255 253 236
-19.271 36.505 0.873 253 232 205
-19.277 36.501 0.871 251 235 209
-19.466 36.414 0.897 152 148 139
-19.329 36.475 0.872 247 238 207
-19.286 36.499 0.877 255 252 223
-19.408 36.440 0.886 255 255 245
-19.410 36.435 0.876 235 234 214
-19.416 36.429 0.870 127 121 97
-19.417 36.435 0.886 254 255 239
-19.335 36.476 0.882 255 255 250
-19.273 36.504 0.874 255 245 212
-19.354 36.466 0.881 252 253 245
-19.333 36.472 0.870 218 208 172
-19.344 36.467 0.871 253 248 218
-19.342 36.472 0.882 253 254 249
-19.507 36.384 0.872 104 94 82
-19.452 36.413 0.875 208 200 177
-19.399 36.445 0.886 251 253 252
-19.438 36.418 0.869 181 174 146
-19.482 36.401 0.883 243 234 219
-19.512 36.383 0.877 241 232 223
-19.513 36.389 0.893 230 226 215
-19.261 36.509 0.869 247 220 191
-19.445 36.415 0.873 172 163 134
-19.390 36.450 0.888 251 253 252
-19.300 36.488 0.867 238 217 164
-19.434 36.422 0.875 213 203 176
-19.510 36.392 0.897 171 168 159
-19.452 36.417 0.886 219 214 194
-19.505 36.385 0.872 163 155 144
-19.503 36.386 0.872 152 142 130
-19.342 36.470 0.877 255 254 237
-19.453 36.418 0.890 253 250 235
-19.254 36.513 0.872 247 224 182
-19.446 36.421 0.887 237 234 215
-19.516 36.387 0.892 228 224 212
-19.458 36.407 0.868 148 140 119
-19.424 36.427 0.875 211 205 181
-19.295 36.494 0.876 255 253 221
-19.417 36.436 0.888 255 255 243
-19.400 36.445 0.888 251 253 252
-19.449 36.377 0.913 47 49 46
-19.461 36.408 0.900 140 140 128
-19.447 36.386 0.910 98 99 94
-19.515 36.355 0.916 28 29 31
-19.510 36.373 0.910 26 31 27
-19.437 36.417 0.899 223 224 210
-19.449 36.387 0.909 104 105 99
-19.404 36.421 0.899 250 250 242
-19.458 36.403 0.902 128 128 118
-19.430 36.394 0.908 138 135 130
-19.507 36.337 0.923 33 33 33
-19.318 36.473 0.886 255 255 255
-19.398 36.439 0.893 255 254 252
-19.347 36.465 0.887 255 255 253
-19.516 36.334 0.924 35 35 35
-19.516 36.328 0.926 36 36 36
-19.523 36.337 0.922 35 35 35
-19.507 36.387 0.905 34 37 28
-19.441 36.395 0.906 123 123 115
-19.457 36.380 0.911 51 51 49
-19.313 36.481 0.884 255 254 252
-19.525 36.338 0.922 34 34 32
-19.506 36.381 0.907 32 34 29
-19.382 36.438 0.894 255 255 255
-19.497 36.358 0.916 25 29 28
-19.490 36.387 0.906 48 49 43
-19.499 36.358 0.916 25 29 30
-19.373 36.431 0.898 255 255 255
-19.345 36.470 0.885 254 255 250
-19.486 36.366 0.914 33 36 29
-19.322 36.476 0.885 255 255 253
-19.473 36.366 0.915 30 32 27
-19.506 36.372 0.911 27 32 28
-19.405 36.408 0.904 234 235 221
-19.521 36.382 0.906 29 35 31
-19.517 36.369 0.911 25 29 28
-19.445 36.412 0.900 205 202 193
-19.503 36.338 0.924 33 33 33
-19.495 36.363 0.914 28 30 29
-19.494 36.377 0.910 34 36 31
-19.293 36.488 0.882 237 233 195
-19.461 36.387 0.908 73 74 69
-19.505 36.393 0.903 49 52 41
-19.420 36.401 0.906 212 210 195
-19.476 36.376 0.911 40 42 39
-19.509 36.359 0.915 25 29 30
-19.516 36.366 0.912 25 29 28
-19.342 36.454 0.891 255 255 255
-19.434 36.386 0.911 109 108 104
-19.310 36.474 0.886 255 254 252
-19.489 36.380 0.909 35 38 31
-19.262 36.511 0.876 251 238 196
-19.312 36.475 0.886 255 254 252
-19.421 36.410 0.902 217 216 198
-19.295 36.488 0.882 237 233 195
-19.360 36.460 0.888 255 255 253
-19.275 36.503 0.878 253 255 239
-19.307 36.477 0.886 255 255 247
-19.380 36.444 0.893 255 255 255
-19.517 36.359 0.915 27 28 30
-19.420 36.435 0.893 253 253 245
-19.519 36.341 0.921 34 34 32
-19.277 36.497 0.880 254 255 235
-19.420 36.431 0.894 254 254 246
-19.428 36.399 0.906 160 157 150
-19.468 36.383 0.909 46 46 44
-19.411 36.421 0.899 254 254 244
-19.526 36.326 0.926 37 37 35
-19.381 36.450 0.890 255 255 251
-19.426 36.401 0.905 186 183 174
-19.545 36.320 0.927 45 40 36
-19.536 36.353 0.915 35 35 35
-19.289 36.496 0.880 254 247 219
-19.498 36.369 0.912 30 32 29
-19.380 36.422 0.901 254 254 252
-19.528 36.374 0.908 24 29 25
-19.486 36.357 0.918 28 30 29
-19.266 36.506 0.877 255 251 222
-19.365 36.441 0.895 255 255 255
-19.447 36.394 0.906 120 120 110
-19.417 36.437 0.892 252 251 246
-19.461 36.409 0.900 147 147 135
-19.431 36.401 0.905 169 166 159
-19.424 36.430 0.895 252 254 240
-19.379 36.453 0.889 255 255 251
-19.390 36.434 0.896 255 255 255
-19.482 36.392 0.905 50 51 46
-19.312 36.478 0.885 255 254 252
-19.440 36.422 0.896 226 227 209
-19.476 36.392 0.905 53 54 49
-19.527 36.360 0.913 31 31 29
-19.409 36.433 0.894 252 251 246
-19.530 36.367 0.911 29 31 28
-19.524 36.354 0.916 34 32 33
-19.549 36.310 0.931 37 32 26
-19.490 36.402 0.900 61 62 56
-19.537 36.339 0.920 37 37 35
-19.457 36.415 0.898 178 172 160
-19.431 36.426 0.896 235 238 219
-19.533 36.321 0.928 36 32 29
-19.379 36.424 0.900 255 255 255
-19.497 36.380 0.908 33 36 29
-19.426 36.416 0.900 222 223 205
-19.500 36.379 0.908 36 39 32
-19.526 36.338 0.922 34 34 32
-19.518 36.349 0.918 33 33 33
-19.512 36.353 0.917 28 29 31
-19.449 36.409 0.901 172 168 157
-19.450 36.421 0.896 230 226 215
-19.437 36.398 0.906 141 138 133
-19.340 36.471 0.885 255 255 253
-19.339 36.453 0.892 255 255 255
-19.313 36.448 1.204 206 207 176
-19.456 36.378 1.209 185 179 145
-19.294 36.467 1.205 198 191 165
-19.265 36.477 1.204 180 177 162
-19.355 36.439 1.208 204 199 167
-19.496 36.339 1.206 206 204 192
-19.376 36.419 1.206 234 217 207
-19.472 36.368 1.209 182 178 149
-19.376 36.408 1.204 223 217 205
-19.376 36.409 1.205 229 225 216
-19.437 36.414 1.213 204 194 159
-19.424 36.385 1.206 186 179 151
-19.446 36.397 1.211 190 182 146
-19.460 36.358 1.205 186 180 156
-19.453 36.382 1.209 185 176 143
-19.526 36.323 1.207 169 167 152
-19.527 36.326 1.207 177 176 158
-19.313 36.464 1.207 200 193 167
-19.389 36.405 1.205 229 226 219
-19.371 36.424 1.207 227 210 194
-19.545 36.315 1.207 178 177 159
-19.307 36.463 1.206 199 195 168
-19.410 36.414 1.210 206 200 178
-19.440 36.395 1.210 187 177 141
-19.525 36.321 1.206 174 172 159
-19.324 36.440 1.204 211 207 182
-19.347 36.432 1.205 227 226 196
-19.510 36.339 1.208 188 186 171
-19.450 36.388 1.210 185 177 141
-19.345 36.433 1.205 227 226 196
-19.493 36.341 1.206 210 208 196
-19.360 36.435 1.207 212 206 182
-19.451 36.373 1.207 188 182 148
-19.375 36.422 1.207 228 210 196
-19.461 36.373 1.208 183 178 146
-19.408 36.405 1.208 241 230 224
-19.515 36.335 1.208 195 194 176
-19.403 36.407 1.207 231 220 218
-19.513 36.328 1.206 181 179 167
-19.329 36.440 1.204 220 216 189
-19.406 36.403 1.207 246 239 233
-19.465 36.376 1.209 183 178 146
-19.449 36.390 1.210 187 179 143
-19.396 36.432 1.212 192 187 157
-19.417 36.411 1.210 215 207 184
-19.474 36.381 1.211 188 185 154
-19.429 36.378 1.205 184 177 151
-19.386 36.436 1.211 193 188 158
-19.429 36.412 1.212 204 193 163
-19.483 36.365 1.209 186 186 162
-19.256 36.484 1.204 192 180 164
-19.442 36.390 1.209 186 175 147
-19.441 36.406 1.212 199 189 154
-19.424 36.417 1.212 202 193 164
-19.350 36.432 1.206 222 220 195
-19.440 36.400 1.211 194 184 148
-19.491 36.359 1.209 187 186 168
-19.313 36.460 1.206 207 207 183
-19.408 36.422 1.211 184 179 157
-19.418 36.411 1.210 215 207 184
-19.347 36.450 1.209 202 196 162
-19.394 36.425 1.210 198 192 166
-19.432 36.375 1.205 185 178 152
-19.340 36.442 1.206 222 218 191
-19.390 36.437 1.212 193 188 158
-19.445 36.386 1.209 186 177 148
-19.481 36.358 1.208 187 187 163
-19.441 36.396 1.210 189 179 143
-19.480 36.357 1.207 184 184 160
-19.477 36.377 1.211 177 176 148
-19.346 36.443 1.207 211 206 174
-19.430 36.416 1.213 202 191 159
-19.391 36.412 1.207 242 231 209
-19.427 36.402 1.210 191 180 150
-19.499 36.345 1.207 207 205 193
-19.477 36.372 1.210 173 172 144
-19.400 36.431 1.212 189 184 154
-19.306 36.450 1.204 192 204 184
-19.408 36.388 1.205 189 176 168
-19.337 36.450 1.207 206 200 168
-19.435 36.394 1.209 185 176 145
-19.479 36.375 1.211 176 175 147
-19.365 36.574 0.890 160 153 134
-19.388 36.602 0.895 163 161 149
-19.414 36.628 0.930 167 165 153
-19.364 36.574 0.882 159 152 133
-19.405 36.619 0.920 167 165 153
-19.385 36.597 0.906 165 161 150
-19.371 36.584 0.870 159 150 143
-19.368 36.582 0.869 160 151 144
-19.398 36.609 0.929 167 165 153
-19.406 36.620 0.921 167 165 153
-19.370 36.578 0.904 164 157 139
-19.400 36.621 0.870 161 161 149
-19.373 36.581 0.904 163 157 141
-19.384 36.601 0.869 169 161 138
-19.385 36.598 0.896 164 160 148
-19.397 36.614 0.888 164 162 149
-19.351 36.559 0.871 150 137 102
-19.395 36.612 0.884 163 161 148
-19.369 36.582 0.873 160 155 136
-19.354 36.564 0.866 147 136 134
-19.372 36.582 0.896 164 159 140
-19.381 36.591 0.913 165 161 149
-19.414 36.628 0.927 167 165 153
-19.367 36.576 0.891 162 155 137
-19.410 36.629 0.896 164 165 151
-19.377 36.593 0.869 163 156 138
-19.380 36.594 0.883 163 160 143
-19.367 36.576 0.889 161 154 136
-19.362 36.573 0.877 157 150 131
-19.406 36.628 0.876 161 161 149
-19.395 36.608 0.912 166 164 152
-19.364 36.576 0.874 159 152 133
-19.362 36.571 0.891 158 151 132
-19.379 36.591 0.895 163 160 145
-19.334 36.538 0.870 255 255 223
-19.410 36.630 0.884 162 162 150
-19.379 36.591 0.891 163 160 145
-19.362 36.571 0.889 158 151 132
-19.406 36.624 0.895 163 163 151
-19.382 36.594 0.897 164 160 148
-19.389 36.603 0.895 163 161 149
-19.402 36.620 0.888 164 162 150
-19.407 36.619 0.939 166 164 152
-19.378 36.588 0.910 164 160 148
-19.389 36.605 0.884 162 160 147
-19.382 36.599 0.868 166 158 135
-19.367 36.578 0.882 162 155 137
-19.367 36.575 0.902 163 156 138
-19.405 36.624 0.885 162 162 150
-19.370 36.581 0.884 163 158 139
-19.380 36.595 0.874 162 159 142
-19.375 36.604 0.969 164 158 144
-19.334 36.570 0.952 132 108 72
-19.400 36.622 0.965 166 164 152
-19.390 36.623 1.024 162 162 150
-19.364 36.598 0.990 155 153 128
-19.402 36.632 1.026 163 163 153
-19.390 36.622 1.019 162 162 152
-19.399 36.630 1.031 164 164 154
-19.366 36.603 1.011 155 153 130
-19.392 36.618 0.978 166 164 152
-19.366 36.596 0.962 158 152 130
-19.398 36.632 1.049 163 163 151
-19.327 36.564 0.948 141 113 73
-19.403 36.632 1.016 163 163 155
-19.356 36.595 1.011 147 136 104
-19.368 36.606 1.027 154 153 133
-19.395 36.630 1.044 163 163 151
-19.384 36.621 1.041 163 164 148
-19.384 36.614 0.997 164 160 149
-19.329 36.570 0.980 136 109 66
-19.365 36.598 0.983 156 154 131
-19.387 36.620 1.018 161 161 149
-19.358 36.592 0.980 152 147 117
-19.385 36.615 0.993 164 160 149
-19.377 36.609 0.991 162 159 144
-19.390 36.626 1.047 162 163 147
-19.399 36.626 1.002 165 163 151
-19.402 36.627 0.988 164 164 152
-19.358 36.594 0.994 151 146 116
-19.366 36.598 0.981 156 154 131
-19.338 36.577 0.982 135 107 70
-19.373 36.607 1.007 159 156 137
-19.375 36.613 1.037 160 159 141
-19.399 36.623 0.974 166 164 152
-19.307 36.548 0.945 135 109 74
-19.398 36.625 0.995 166 164 152
-19.375 36.608 1.003 161 158 141
-19.358 36.597 1.013 149 143 111
-19.347 36.582 0.962 131 114 84
-19.371 36.602 0.982 160 155 136
-19.388 36.618 1.000 163 161 149
-19.364 36.596 0.974 153 151 126
-19.368 36.601 0.991 160 155 135
-19.367 36.604 1.017 154 153 132
-19.395 36.631 1.055 163 164 150
-19.361 36.598 1.007 153 149 120
-19.390 36.624 1.037 164 165 151
-19.326 36.564 0.952 139 111 71
-19.387 36.621 1.028 162 163 149
-19.408 36.630 0.976 165 165 153
-19.367 36.601 0.990 160 155 135
-19.368 36.597 0.957 161 154 136
-19.362 36.597 0.990 155 153 128
-19.387 36.617 0.998 163 161 149
-19.407 36.631 0.989 164 164 152
-19.386 36.617 1.005 163 161 149
-19.327 36.564 0.954 139 111 71
-19.359 36.590 0.958 156 144 120
-19.359 36.597 1.007 153 149 120
-19.368 36.606 1.027 154 153 133
-19.352 36.591 1.009 145 130 97
-19.377 36.605 0.967 164 158 144
-19.394 36.622 0.992 167 165 153
-19.411 36.633 0.980 163 165 152
-19.381 36.613 1.006 161 162 144
-19.341 36.577 0.963 122 97 66
-19.328 36.567 0.963 136 108 69
-19.362 36.592 0.958 157 146 124
-19.370 36.604 0.995 162 157 138
-19.361 36.600 1.015 150 150 124
-19.317 36.556 0.949 144 112 71
-19.405 36.630 0.992 164 164 152
-19.399 36.633 1.044 163 163 151
-19.360 36.591 0.956 156 144 120
-19.358 36.591 0.975 152 143 112
-19.399 36.633 1.049 163 163 151
-19.355 36.588 0.967 152 137 108
-19.400 36.631 1.026 162 162 152
-19.391 36.623 1.025 162 162 150
-19.335 36.576 1.068 144 113 58
-19.348 36.589 1.153 131 111 76
-19.357 36.597 1.133 156 141 118
-19.353 36.593 1.060 151 133 95
-19.392 36.629 1.072 163 164 150
-19.319 36.562 1.035 152 117 61
-19.343 36.583 1.036 136 105 59
-19.339 36.580 1.053 144 111 60
-19.392 36.629 1.121 164 162 150
-19.325 36.567 1.038 150 115 61
-19.329 36.570 1.044 149 114 60
-19.325 36.567 1.135 153 118 62
-19.307 36.550 0.976 138 110 71
-19.309 36.552 0.984 139 112 69
-19.305 36.548 0.972 136 108 71
-19.312 36.554 0.993 143 115 68
-19.308 36.551 1.012 147 116 69
-19.321 36.563 0.984 139 112 67
-19.336 36.577 1.037 142 108 60
-19.322 36.564 1.009 148 117 63
-19.336 36.577 1.063 142 109 56
-19.354 36.595 1.148 152 136 113
-19.370 36.609 1.082 157 154 135
-19.317 36.560 1.056 150 119 62
-19.394 36.631 1.084 162 162 150
-19.384 36.622 1.113 161 162 148
-19.392 36.629 1.061 163 163 151
-19.390 36.627 1.110 164 162 149
-19.310 36.553 1.033 148 116 65
-19.301 36.544 0.959 133 110 79
-19.357 36.596 1.032 146 137 104
-19.331 36.573 1.116 150 116 55
-19.309 36.552 1.022 149 116 71
-19.322 36.564 0.999 147 117 65
-19.351 36.591 1.093 151 130 87
-19.336 36.577 1.030 142 110 61
-19.350 36.590 1.109 147 123 85
-19.356 36.596 1.110 154 139 108
-19.335 36.576 1.152 147 116 59
-19.360 36.600 1.126 158 146 122
-19.335 36.577 1.103 147 117 57
-19.336 36.578 1.089 144 115 59
-19.338 36.579 1.096 144 114 60
-19.357 36.597 1.104 154 139 108
-19.308 36.551 1.002 147 116 69
-19.325 36.568 1.158 149 114 60
-19.313 36.555 1.060 151 121 61
-19.314 36.557 1.111 148 113 57
-19.322 36.563 0.977 141 117 73
-19.310 36.552 1.021 149 116 73
-19.329 36.571 1.109 149 118 54
-19.337 36.578 1.079 144 115 59
-19.354 36.594 1.138 148 130 106
-19.331 36.572 0.992 132 105 62
-19.322 36.564 1.105 154 122 63
-19.333 36.575 1.092 145 116 58
-19.332 36.573 1.081 147 116 59
-19.323 36.565 1.062 152 120 63
-19.380 36.618 1.056 162 161 140
-19.345 36.585 1.042 143 110 65
-19.327 36.568 1.003 148 118 66
-19.337 36.578 1.122 147 118 60
-19.382 36.620 1.099 160 160 150
-19.352 36.593 1.113 148 128 101
-19.303 36.546 0.978 136 107 73
-19.358 36.598 1.131 155 141 115
-19.308 36.551 0.986 143 114 74
-19.357 36.596 1.021 147 138 105
-19.344 36.585 1.109 141 115 66
-19.317 36.559 1.030 151 118 64
-19.320 36.562 1.014 147 116 62
-19.298 36.541 0.952 130 109 80
-19.325 36.567 1.086 148 119 59
-19.394 36.631 1.093 163 163 151
-19.321 36.563 1.074 158 127 70
-19.371 36.610 1.113 158 157 137
-19.310 36.552 1.002 147 116 69
-19.354 36.594 1.017 145 131 96
-19.384 36.622 1.068 161 162 148
-19.325 36.567 1.037 150 115 59
-19.389 36.626 1.101 161 162 148
-19.345 36.585 1.041 143 110 65
-19.369 36.608 1.105 157 155 134
-19.336 36.577 1.010 140 112 65
-19.318 36.560 0.972 143 119 75
-19.350 36.590 1.085 148 126 79
-19.362 36.601 1.051 150 148 123
-19.387 36.625 1.076 162 163 149
-19.343 36.583 1.036 136 105 59
-19.352 36.592 1.100 151 129 90
-19.334 36.576 1.146 147 116 59
-19.357 36.597 1.023 149 146 115
-19.347 36.587 1.048 145 120 80
-19.322 36.565 1.169 146 114 57
-19.324 36.566 1.131 153 118 62
-19.333 36.575 1.143 147 115 58
-19.387 36.625 1.088 161 162 148
-19.341 36.582 1.068 142 112 58
-19.332 36.574 1.061 147 114 61
-19.332 36.574 1.072 147 116 59
-19.320 36.563 1.117 153 121 62
-19.344 36.585 1.086 142 115 62
-19.344 36.584 1.050 146 114 65
-19.342 36.583 1.124 142 116 67
-19.373 36.612 1.110 161 158 139
-19.320 36.563 1.153 151 119 62
-19.311 36.554 1.026 150 119 64
-19.356 36.595 1.049 150 136 101
-19.329 36.571 1.143 151 116 60
-19.317 36.559 0.976 137 113 69
-19.348 36.588 1.062 150 125 84
-19.343 36.584 1.047 147 113 65
-19.354 36.594 1.059 151 137 102
-19.321 36.564 1.162 147 115 58
-19.368 36.607 1.088 157 154 135
-19.359 36.599 1.116 156 144 118
-19.312 36.555 1.049 156 124 67
-19.361 36.601 1.073 154 149 127
-19.368 36.607 1.105 157 155 134
-19.324 36.566 1.017 145 114 60
-19.337 36.578 1.039 142 108 60
-19.337 36.578 1.003 141 112 70
-19.358 36.597 1.049 150 141 108
-19.357 36.597 1.020 148 145 114
-19.347 36.588 1.063 150 118 67
-19.364 36.602 1.049 151 150 129
-19.330 36.572 1.160 148 116 59
-19.312 36.555 0.975 137 112 71
-19.372 36.611 1.094 159 156 139
-19.384 36.622 1.106 160 160 150
-19.361 36.600 1.039 149 148 120
-19.358 36.597 1.064 152 143 112
-19.325 36.567 1.116 156 121 63
-19.329 36.571 1.138 153 118 60
-19.315 36.558 1.026 150 119 64
-19.349 36.589 1.099 147 120 73
-19.318 36.561 1.114 153 118 62
-19.309 36.552 1.051 154 122 73
-19.381 36.619 1.126 161 161 149
-19.363 36.602 1.055 151 150 129
-19.366 36.605 1.053 155 154 134
-19.351 36.591 1.055 149 126 85
-19.368 36.607 1.131 158 155 136
-19.327 36.569 1.009 147 117 63
-19.364 36.603 1.106 155 151 126
-19.314 36.557 1.071 150 119 62
-19.337 36.578 1.109 141 112 54
-19.380 36.618 1.105 159 159 147
-19.313 36.556 1.027 150 119 64
-19.343 36.584 1.078 144 114 60
-19.375 36.614 1.105 161 158 141
-19.343 36.583 1.018 132 105 62
-19.339 36.579 0.999 139 111 72
-19.361 36.600 1.081 152 147 118
-19.343 36.584 1.005 137 109 70
-19.338 36.579 1.130 149 120 62
-19.326 36.568 1.079 149 119 59
-19.349 36.589 1.035 146 122 84
-19.371 36.610 1.100 158 155 136
-19.358 36.598 1.052 149 145 116
-19.372 36.611 1.077 159 156 139
-19.375 36.613 1.100 160 157 140
-19.388 36.625 1.106 161 162 148
-19.385 36.622 1.112 161 162 148
-19.388 36.626 1.105 161 162 148
-19.319 36.561 1.008 149 118 64
-19.314 36.557 1.094 146 122 62
-19.393 36.630 1.111 163 161 149
-19.318 36.560 1.040 152 117 61
-19.354 36.594 1.126 148 128 103
-19.340 36.581 1.078 144 114 60
-19.341 36.582 1.081 145 115 61
-19.348 36.589 1.124 142 118 80
-19.343 36.583 1.058 146 114 63
-19.362 36.602 1.148 157 149 128
-19.384 36.619 1.151 164 161 152
-19.396 36.626 1.187 164 165 149
-19.350 36.591 1.158 141 122 90
-19.394 36.627 1.161 164 165 151
-19.371 36.607 1.168 160 159 138
-19.382 36.619 1.137 164 161 152
-19.390 36.627 1.134 165 163 151
-19.395 36.624 1.198 163 164 148
-19.324 36.567 1.175 148 116 59
-19.381 36.616 1.167 161 162 148
-19.385 36.619 1.166 165 163 150
-19.340 36.580 1.169 145 120 66
-19.361 36.599 1.166 155 145 120
-19.403 36.633 1.170 164 165 151
-19.353 36.590 1.183 147 131 97
-19.337 36.578 1.177 146 119 64
-19.387 36.618 1.188 164 162 149
-19.386 36.617 1.189 164 162 149
-19.390 36.620 1.195 165 163 150
-19.325 36.567 1.177 149 117 60
-19.403 36.632 1.193 164 165 149
-19.375 36.611 1.159 159 161 140
-19.360 36.600 1.147 153 142 120
-19.401 36.632 1.173 164 165 151
-19.387 36.617 1.195 164 162 149
-19.398 36.627 1.197 164 165 149
-19.401 36.632 1.168 164 165 151
-19.358 36.594 1.187 153 143 116
-19.379 36.612 1.190 160 161 147
-19.404 36.632 1.192 164 165 149
-19.395 36.629 1.153 165 162 153
-19.376 36.612 1.162 160 161 143
-19.383 36.618 1.154 163 160 151
-19.373 36.609 1.165 160 159 138
-19.352 36.590 1.177 143 125 89
-19.372 36.607 1.171 158 160 139
-19.386 36.623 1.136 165 162 153
-19.392 36.626 1.151 166 163 154
-19.393 36.630 1.125 164 162 150
-19.396 36.626 1.186 164 165 149
-19.393 36.624 1.181 163 164 150
-19.387 36.618 1.184 164 162 149
-19.397 36.626 1.198 163 164 148
-19.405 36.620 0.948 167 165 153
-19.391 36.604 0.933 165 163 151
-19.310 36.539 0.915 134 108 73
-19.388 36.603 0.937 164 160 148
-19.321 36.541 0.899 133 109 75
-19.312 36.541 0.916 134 108 73
-19.331 36.561 0.932 129 107 70
-19.320 36.538 0.895 131 107 73
-19.386 36.600 0.932 166 162 150
-19.317 36.555 0.942 142 113 71
-19.319 36.542 0.907 133 104 70
-19.365 36.583 0.925 159 154 134
-19.325 36.546 0.907 132 108 74
-19.414 36.627 0.949 167 165 153
-19.360 36.572 0.908 155 148 129
-19.343 36.555 0.896 132 115 87
-19.384 36.602 0.939 164 160 148
-19.351 36.565 0.906 154 140 113
-19.329 36.540 0.883 127 104 72
-19.416 36.630 0.951 167 165 153
-19.379 36.605 0.957 166 160 148
-19.335 36.541 0.876 125 104 73
-19.367 36.583 0.922 161 156 136
-19.339 36.561 0.920 118 101 71
-19.343 36.566 0.925 123 107 82
-19.412 36.632 0.965 163 165 152
-19.371 36.594 0.945 160 154 138
-19.381 36.593 0.923 165 161 149
-19.308 36.539 0.918 135 109 74
-19.369 36.596 0.953 160 155 136
-19.321 36.546 0.915 136 108 71
-19.342 36.569 0.934 120 104 78
-19.350 36.564 0.906 154 140 113
-19.343 36.572 0.941 119 103 77
-19.353 36.579 0.939 148 135 118
-19.301 36.541 0.937 133 109 75
-19.306 36.544 0.935 137 111 74
-19.344 36.566 0.923 123 107 82
-19.368 36.578 0.910 161 154 136
-19.369 36.596 0.953 160 155 136
-19.336 36.560 0.920 121 102 72
-19.369 36.589 0.935 159 153 137
-19.327 36.561 0.940 138 113 73
-19.390 36.604 0.935 165 163 151
-19.320 36.547 0.918 136 110 75
-19.308 36.543 0.930 141 111 75
-19.350 36.558 0.889 153 139 112
-19.390 36.607 0.942 164 162 150
-19.405 36.620 0.946 167 165 153
-19.307 36.537 0.917 135 109 74
-19.352 36.559 0.889 153 139 112
-19.392 36.603 0.929 166 164 152
-19.368 36.577 0.907 161 154 136
-19.319 36.537 0.895 129 105 71
-19.375 36.596 0.942 163 160 145
-19.307 36.546 0.938 140 112 75
-19.369 36.578 0.908 161 154 136
-19.331 36.540 0.881 129 108 77
-19.401 36.616 0.945 166 164 152
-19.349 36.571 0.925 142 130 108
-19.304 36.539 0.927 134 110 76
-19.390 36.601 0.926 166 164 152
-19.393 36.605 0.931 166 164 152
-19.349 36.571 0.927 141 129 107
-19.340 36.568 0.933 122 106 80
-19.355 36.585 0.951 152 137 116
-19.338 36.554 0.904 121 104 74
-19.329 36.556 0.924 134 108 73
-19.357 36.572 0.912 152 146 124
-19.301 36.541 0.936 133 109 75
-19.338 36.549 0.889 126 107 77
-19.360 36.589 0.951 156 145 125
-19.325 36.541 0.892 129 106 74
-19.402 36.620 0.953 167 165 153
-19.309 36.544 0.928 140 110 74
-19.352 36.582 0.947 151 136 117
-19.323 36.553 0.928 140 112 73
-19.277 36.451 0.899 253 254 238
-19.411 36.374 0.918 71 70 66
-19.266 36.486 0.886 254 255 235
-19.438 36.368 0.917 38 40 37
-19.244 36.504 0.880 245 224 181
-19.279 36.455 0.897 252 250 225
-19.359 36.402 0.911 250 249 244
-19.356 36.393 0.915 244 244 234
-19.369 36.414 0.905 255 252 249
-19.328 36.432 0.902 255 255 255
-19.323 36.418 0.908 255 255 255
-19.312 36.439 0.901 255 255 255
-19.385 36.392 0.913 178 181 164
-19.258 36.483 0.887 253 255 239
-19.494 36.339 0.924 27 29 28
-19.466 36.351 0.921 30 32 27
-19.337 36.411 0.909 255 255 255
-19.552 36.301 0.934 174 170 158
-19.302 36.448 0.898 254 255 255
-19.366 36.430 0.899 255 255 255
-19.248 36.495 0.883 246 233 191
-19.440 36.363 0.919 38 40 37
-19.409 36.378 0.916 80 79 74
-19.345 36.401 0.912 241 241 241
-19.288 36.476 0.887 228 224 186
-19.482 36.340 0.925 29 30 32
-19.338 36.423 0.904 255 255 255
-19.464 36.345 0.924 26 28 25
-19.306 36.435 0.902 255 255 255
-19.264 36.497 0.881 253 255 233
-19.255 36.446 0.903 241 233 196
-19.298 36.424 0.908 254 255 255
-19.357 36.403 0.911 253 252 247
-19.296 36.457 0.894 254 255 255
-19.337 36.434 0.900 255 255 255
-19.513 36.323 0.929 37 35 38
-19.497 36.330 0.927 32 32 34
-19.379 36.389 0.914 171 174 157
-19.361 36.400 0.911 250 250 242
-19.272 36.437 0.905 255 255 253
-19.272 36.444 0.902 255 254 241
-19.468 36.355 0.920 31 33 28
-19.441 36.362 0.920 34 36 33
-19.265 36.436 0.906 255 255 247
-19.416 36.377 0.916 76 75 71
-19.340 36.424 0.904 255 255 255
-19.521 36.319 0.929 38 37 33
-19.492 36.338 0.924 26 27 29
-19.448 36.352 0.923 29 31 26
-19.353 36.405 0.910 246 245 241
-19.313 36.443 0.899 255 255 253
-19.274 36.482 0.886 254 248 212
-19.354 36.439 0.896 255 255 255
-19.264 36.461 0.896 255 245 205
-19.259 36.475 0.890 252 254 232
-19.286 36.439 0.903 255 255 255
-19.470 36.356 0.919 31 33 30
-19.310 36.460 0.892 254 255 255
-19.307 36.429 0.905 255 255 255
-19.430 36.380 0.913 97 96 91
-19.498 36.335 0.925 31 31 33
-19.264 36.475 0.890 254 250 221
-19.349 36.432 0.900 255 255 255
-19.303 36.444 0.899 255 253 254
-19.261 36.461 0.896 255 245 205
-19.488 36.338 0.925 26 27 29
-19.330 36.406 0.912 254 254 254
-19.324 36.461 0.890 255 255 255
-19.364 36.401 0.911 254 254 246
-19.427 36.372 0.917 66 66 64
-19.467 36.345 0.924 24 26 23
-19.416 36.374 0.917 78 78 76
-19.281 36.430 0.907 254 254 255
-19.424 36.362 0.921 37 37 35
-19.355 36.425 0.902 255 255 253
-19.289 36.448 0.899 255 255 255
-19.316 36.423 0.906 255 255 255
-19.459 36.367 0.916 38 40 35
-19.329 36.415 0.908 255 255 255
-19.290 36.484 0.884 242 237 199
-19.536 36.311 0.931 38 34 31
-19.253 36.464 0.896 255 255 227
-19.258 36.443 0.904 229 220 187
-19.515 36.322 0.929 37 35 38
-19.241 36.509 0.878 247 224 183
-19.504 36.327 0.928 34 34 36
-19.255 36.474 0.891 253 255 239
-19.353 36.433 0.899 255 255 255
-19.547 36.304 0.933 74 70 59
-19.360 36.397 0.913 255 255 245
-19.333 36.410 0.910 255 255 255
-19.246 36.475 0.892 252 255 236
-19.267 36.448 0.901 244 238 214
-19.333 36.434 0.900 255 255 253
-19.432 36.374 0.916 66 67 61
-19.451 36.365 0.917 37 39 34
-19.451 36.367 0.917 40 42 37
-19.408 36.401 0.907 204 205 187
-19.502 36.334 0.925 33 33 33
-19.373 36.426 0.900 255 255 255
-19.298 36.433 0.904 255 255 255
-19.296 36.466 0.891 253 253 243
-19.256 36.461 0.897 251 245 209
-19.395 36.409 0.905 251 252 238
-19.275 36.457 0.896 238 233 201
-19.319 36.439 0.899 255 255 253
-19.329 36.452 0.893 255 255 255
-19.264 36.463 0.895 255 245 205
-19.407 36.394 0.910 193 191 176
-19.257 36.490 0.885 253 255 234
-19.336 36.407 0.911 255 255 255
-19.256 36.506 0.878 248 233 190
-19.243 36.486 0.888 250 241 202
-19.343 36.445 0.895 255 255 255
-19.391 36.384 0.915 155 155 143
-19.429 36.388 0.910 112 108 105
-19.314 36.431 0.903 255 255 255
-19.397 36.381 0.916 127 127 115
-19.493 36.337 0.925 26 27 29
-19.457 36.360 0.919 27 29 24
-19.244 36.503 0.881 245 224 181
-19.332 36.437 0.899 255 255 255
-19.356 36.426 0.902 255 255 255
-19.314 36.418 0.909 255 255 255
-19.260 36.497 0.881 255 253 223
-19.236 36.512 0.892 255 231 185
-19.234 36.506 1.045 252 255 228
-19.239 36.470 1.029 255 255 253
-19.238 36.499 0.913 255 252 197
-19.240 36.468 1.013 253 252 248
-19.234 36.490 1.148 150 152 130
-19.239 36.469 1.043 252 252 250
-19.239 36.475 0.995 255 255 250
-19.241 36.467 0.972 255 255 255
-19.237 36.477 1.076 255 255 253
-19.238 36.496 0.932 254 253 205
-19.240 36.468 0.988 250 246 247
-19.244 36.449 0.912 245 245 235
-19.238 36.474 1.027 252 254 249
-19.235 36.506 0.987 255 254 208
-19.234 36.498 1.098 191 187 152
-19.237 36.505 0.925 255 255 199
-19.236 36.489 1.068 248 248 214
-19.233 36.491 1.166 140 143 114
-19.238 36.481 1.005 253 253 251
-19.241 36.477 0.894 253 255 231
-19.236 36.487 1.080 223 217 183
-19.237 36.486 1.001 255 255 221
-19.237 36.488 1.025 253 253 225
-19.235 36.490 1.102 175 176 145
-19.237 36.482 1.049 254 255 253
-19.241 36.473 0.912 255 255 248
-19.242 36.461 0.956 250 248 249
-19.241 36.471 0.936 254 252 253
-19.239 36.472 0.995 254 254 246
-19.234 36.497 1.084 236 229 185
-19.235 36.523 0.875 237 209 170
-19.240 36.485 0.894 249 241 202
-19.237 36.484 1.024 255 255 227
-19.233 36.494 1.169 154 157 128
-19.242 36.465 0.913 255 255 253
-19.238 36.496 0.920 253 250 195
-19.236 36.514 0.882 240 223 180
-19.237 36.488 1.009 255 254 223
-19.241 36.473 0.900 253 254 236
-19.241 36.469 0.926 255 255 251
-19.237 36.501 0.939 255 254 206
-19.243 36.457 0.945 160 159 155
-19.235 36.494 1.062 255 255 217
-19.241 36.471 0.911 255 254 249
-19.235 36.521 0.890 252 228 184
-19.238 36.483 1.003 255 255 222
-19.237 36.481 1.043 251 253 250
-19.236 36.500 0.959 255 255 205
-19.238 36.482 1.017 253 255 249
-19.235 36.507 0.997 255 255 209
-19.235 36.507 0.964 255 255 201
-19.233 36.492 1.178 151 156 133
-19.238 36.499 0.910 255 250 192
-19.240 36.476 0.950 255 255 250
-19.242 36.464 0.916 255 255 253
-19.234 36.494 1.085 222 220 181
-19.239 36.476 1.004 251 251 249
-19.238 36.481 0.991 254 255 247
-19.234 36.495 1.104 178 177 147
-19.239 36.491 0.897 249 243 195
-19.242 36.471 0.901 254 255 241
-19.237 36.497 0.970 254 253 205
-19.234 36.508 1.003 255 254 213
-19.236 36.502 0.958 255 255 205
-19.243 36.463 0.899 254 254 242
-19.243 36.454 0.944 73 70 65
-19.244 36.450 0.910 255 255 244
-19.236 36.482 1.072 254 255 250
-19.235 36.495 1.056 255 255 224
-19.237 36.503 0.912 255 250 192
-19.239 36.478 0.987 255 254 249
-19.235 36.508 0.987 255 254 208
-19.236 36.489 1.045 253 252 232
-19.240 36.477 0.923 254 254 244
-19.244 36.456 0.902 252 250 235
-19.237 36.474 1.082 255 255 253
-19.239 36.490 0.917 252 248 201
-19.236 36.506 0.922 254 253 196
-19.235 36.510 0.965 255 255 201
-19.237 36.482 1.023 255 255 227
-19.240 36.477 0.942 255 254 249
-19.241 36.477 0.911 255 255 245
-19.238 36.483 1.000 255 255 222
-19.235 36.518 0.911 255 249 187
-19.240 36.477 0.926 255 255 248
-19.243 36.455 0.913 236 235 230
-19.235 36.510 0.948 255 255 199
-19.235 36.493 1.049 252 254 232
-19.239 36.470 1.023 255 255 250
-19.240 36.485 0.894 249 241 202
-19.240 36.480 0.933 254 255 250
-19.234 36.495 1.088 215 213 174
-19.233 36.491 1.153 149 148 127
-19.236 36.508 0.913 254 250 189
-19.239 36.481 0.972 249 250 242
-19.240 36.480 0.935 254 254 252
-19.237 36.502 0.936 255 255 206
-19.239 36.472 1.011 255 255 251
-19.235 36.504 0.985 255 255 211
-19.238 36.478 1.013 254 255 251
-19.237 36.499 0.956 255 255 205
-19.240 36.468 0.991 250 250 242
-19.239 36.494 0.890 247 231 182
-19.243 36.454 0.963 102 103 97
-19.236 36.496 1.000 254 254 216
-19.240 36.477 0.925 254 254 244
-19.235 36.508 0.971 255 255 205
-19.235 36.483 1.128 173 176 157
-19.238 36.493 0.946 255 254 213
-19.234 36.503 1.070 254 250 202
-19.240 36.477 0.941 255 255 255
-19.235 36.514 0.928 254 254 200
-19.242 36.458 0.938 208 203 199
-19.237 36.498 0.921 254 253 199
-19.234 36.505 1.058 255 254 208
-19.235 36.517 0.934 255 255 205
-19.238 36.481 0.992 254 255 247
-19.240 36.477 0.941 255 255 255
-19.235 36.506 0.963 255 255 201
-19.240 36.478 0.916 254 254 242
-19.240 36.478 0.911 253 254 240
-19.238 36.491 0.932 255 254 213
-19.235 36.494 1.064 255 255 223
-19.234 36.506 1.050 255 255 220
-19.237 36.487 1.006 255 255 221
-19.240 36.524 1.042 255 255 210
-19.235 36.516 0.987 255 255 203
-19.237 36.516 1.052 255 254 203
-19.234 36.511 1.004 255 255 214
-19.238 36.523 0.997 255 255 207
-19.236 36.506 1.130 175 175 141
-19.240 36.525 1.036 255 255 216
-19.236 36.510 1.085 208 201 159
-19.239 36.523 1.013 255 254 219
-19.234 36.513 0.990 255 255 206
-19.235 36.510 1.048 255 255 220
-19.235 36.504 1.128 172 171 140
-19.234 36.514 0.978 255 255 203
-19.235 36.511 1.036 255 255 225
-19.238 36.523 0.993 255 255 206
-19.237 36.509 1.118 179 174 144
-19.237 36.519 1.008 255 255 216
-19.235 36.519 0.946 255 255 199
-19.236 36.523 0.928 254 255 195
-19.237 36.517 1.030 254 254 220
-19.240 36.524 1.013 255 254 216
-19.236 36.519 0.961 255 255 199
-19.238 36.524 0.946 255 255 199
-19.235 36.519 0.933 255 255 203
-19.234 36.501 1.143 172 170 145
-19.235 36.519 0.937 255 254 205
-19.235 36.508 1.064 255 253 202
-19.234 36.509 1.027 255 255 224
-19.238 36.519 1.023 254 254 218
-19.234 36.506 1.069 255 255 204
-19.235 36.506 1.113 175 171 142
-19.561 36.633 0.983 204 200 155
-19.557 36.631 0.969 201 199 161
-19.555 36.624 0.950 199 198 168
-19.559 36.633 0.979 203 200 157
-19.566 36.610 0.950 202 199 168
-19.558 36.620 0.948 197 197 171
-19.558 36.625 0.960 204 201 168
-19.565 36.622 0.971 201 197 159
-19.560 36.606 0.924 196 196 172
-19.560 36.621 0.955 202 197 167
-19.549 36.625 0.936 191 193 172
-19.553 36.631 0.959 198 197 166
-19.552 36.617 0.926 196 195 175
-19.560 36.620 0.955 202 197 167
-19.559 36.625 0.962 204 200 165
-19.566 36.594 0.916 200 202 178
-19.561 36.605 0.926 199 199 175
-19.558 36.633 0.977 202 199 158
-19.552 36.616 0.926 196 195 175
-19.559 36.614 0.937 197 197 171
-19.555 36.628 0.958 202 199 168
-19.552 36.615 0.923 199 198 178
-19.553 36.616 0.873 193 192 174
-19.564 36.594 0.900 115 114 94
-19.561 36.599 0.896 172 171 151
-19.553 36.615 0.917 196 198 177
-19.560 36.602 0.903 104 105 87
-19.562 36.598 0.910 184 186 164
-19.561 36.600 0.896 150 151 133
-19.552 36.617 0.875 195 194 176
-19.546 36.628 0.909 142 143 125
-19.553 36.617 0.867 194 192 177
-19.547 36.626 0.892 190 201 185
-19.546 36.627 0.916 196 197 179
-19.551 36.618 0.897 194 196 182
-19.543 36.632 0.915 189 197 184
-19.551 36.619 0.888 196 197 181
-19.547 36.626 0.884 192 194 172
-19.552 36.617 0.882 194 193 175
-19.371 36.631 0.877 255 250 208
-19.275 36.518 0.866 253 226 179
-19.278 36.523 0.868 255 239 192
-19.260 36.520 0.869 245 221 177
-19.267 36.524 0.870 246 223 179
-19.286 36.527 0.868 253 252 221
-19.248 36.525 0.872 240 219 174
-19.303 36.530 0.868 251 255 230
-19.253 36.516 0.868 241 214 171
