-19.750 36.138 0.484 32 28 25
-19.775 36.008 0.497 39 31 29
-19.760 36.095 0.494 34 29 25
-19.758 36.110 0.497 33 28 24
-19.756 36.109 0.489 34 29 25
-19.749 36.146 0.482 30 26 23
-19.748 36.126 0.466 30 25 21
-19.768 36.045 0.493 30 29 24
-19.768 36.040 0.491 30 29 25
-19.753 36.104 0.473 35 27 24
-19.778 35.998 0.500 35 30 27
-19.753 36.122 0.486 34 29 25
-19.755 36.110 0.483 36 28 25
-19.772 36.030 0.498 31 27 26
-19.760 36.091 0.493 34 29 23
-19.746 36.132 0.465 36 31 27
-19.753 36.134 0.491 33 29 26
-19.777 36.002 0.498 35 30 27
-19.749 36.122 0.469 30 25 21
-19.771 36.032 0.497 31 27 26
-19.751 36.142 0.491 32 28 25
-19.761 36.071 0.482 35 30 26
-19.761 36.088 0.493 33 28 22
-19.753 36.118 0.481 36 31 27
-19.762 36.068 0.486 32 29 22
-19.780 35.986 0.503 35 30 27
-19.748 36.134 0.472 34 29 25
-19.765 36.066 0.496 32 29 22
-19.747 36.146 0.477 30 26 23
-19.768 36.044 0.491 30 29 24
-19.745 36.154 0.469 31 28 23
-19.753 36.150 0.488 32 28 25
-19.753 36.160 0.478 30 29 25
-19.747 36.165 0.461 32 27 24
-19.748 36.161 0.467 32 27 24
-19.776 36.225 0.120 27 23 22
-19.770 36.211 0.136 30 25 22
-19.777 36.219 0.144 30 25 22
-19.768 36.195 0.178 30 25 22
-19.762 36.200 0.134 29 24 21
-19.773 36.202 0.177 30 25 22
-19.779 36.205 0.197 29 24 21
-19.775 36.206 0.176 31 26 23
-19.770 36.217 0.121 27 23 22
-19.767 36.212 0.119 28 24 23
-19.767 36.201 0.152 29 24 21
-19.774 36.209 0.162 30 25 22
-19.772 36.228 0.097 25 21 22
-19.774 36.211 0.153 30 25 22
-19.768 36.199 0.164 29 24 21
-19.770 36.220 0.111 27 23 22
-19.781 36.205 0.205 29 24 21
-19.759 36.190 0.153 29 24 21
-19.771 36.216 0.129 28 24 23
-19.769 36.216 0.118 27 23 22
-19.777 36.234 0.101 28 24 23
-19.769 36.197 0.177 30 25 22
-19.759 36.190 0.153 29 24 21
-19.779 36.197 0.221 29 24 21
-19.778 36.218 0.152 30 25 22
-19.775 36.225 0.119 27 23 22
-19.774 36.223 0.120 27 23 22
-19.772 36.210 0.151 30 25 22
-19.771 36.204 0.161 29 24 21
-19.779 36.200 0.250 29 25 22
-19.769 36.213 0.291 30 26 23
-19.763 36.184 0.265 29 25 22
-19.757 36.188 0.284 29 25 22
-19.757 36.184 0.278 29 25 22
-19.773 36.208 0.275 30 26 23
-19.770 36.215 0.292 29 25 22
-19.770 36.205 0.277 30 26 23
-19.761 36.198 0.287 30 26 23
-19.766 36.210 0.295 29 25 22
-19.758 36.193 0.289 29 25 22
-19.766 36.200 0.280 30 26 23
-19.773 36.196 0.257 29 25 22
-19.778 36.212 0.267 29 25 22
-19.761 36.196 0.286 30 26 23
-19.765 36.215 0.303 31 26 23
-19.756 36.188 0.287 29 25 22
-19.781 36.197 0.239 28 24 21
-19.763 36.207 0.296 30 26 23
-19.760 36.204 0.299 30 26 23
-19.758 36.186 0.277 29 25 22
-19.754 36.184 0.286 29 25 22
-19.759 36.189 0.278 29 25 22
-19.747 36.172 0.441 34 26 23
-19.756 36.180 0.457 34 26 24
-19.764 36.214 0.380 31 28 23
-19.766 36.217 0.381 31 28 23
-19.757 36.192 0.423 33 24 25
-19.767 36.215 0.391 30 27 22
-19.755 36.184 0.441 35 27 24
-19.761 36.208 0.384 31 28 23
-19.754 36.184 0.430 34 26 23
-19.768 36.224 0.363 30 26 23
-19.764 36.205 0.412 32 26 26
-19.752 36.174 0.462 32 27 24
-19.751 36.176 0.444 34 26 23
-19.771 36.224 0.378 31 27 24
-19.762 36.200 0.419 31 25 25
-19.757 36.195 0.410 31 28 23
-19.771 36.236 0.340 30 26 23
-19.761 36.194 0.430 33 24 25
-19.757 36.184 0.450 35 27 25
-19.752 36.175 0.456 34 26 24
-19.765 36.210 0.394 31 28 23
-19.771 36.240 0.325 32 27 24
-19.761 36.200 0.416 31 25 25
-19.749 36.170 0.454 33 25 23
-19.770 36.234 0.338 31 26 23
-19.759 36.191 0.434 34 26 23
-19.752 36.183 0.428 33 25 22
-19.758 36.195 0.413 30 27 22
-19.758 36.197 0.406 31 28 23
-19.762 36.207 0.393 31 28 23
-19.768 36.232 0.338 31 26 23
-19.773 36.257 0.354 30 26 23
-19.774 36.243 0.359 30 26 23
-19.773 36.251 0.351 30 26 23
-19.774 36.256 0.362 31 26 23
-19.773 36.249 0.338 31 27 24
-19.773 36.258 0.358 30 26 23
-19.775 36.233 0.368 30 26 23
-19.774 36.255 0.359 30 26 23
-19.775 36.235 0.366 30 26 23
-19.774 36.249 0.365 31 26 23
-19.774 36.244 0.357 30 26 23
-19.774 36.255 0.361 30 26 23
-19.772 36.243 0.334 30 26 23
-19.774 36.240 0.350 30 26 23
-19.772 36.254 0.336 30 26 23
-19.772 36.258 0.339 30 26 23
-19.772 36.272 0.340 30 26 23
-19.772 36.265 0.339 30 26 23
-19.772 36.277 0.343 30 26 25
-19.772 36.268 0.335 30 26 23
-19.773 36.264 0.346 30 26 23
-19.772 36.257 0.340 30 26 23
-19.776 36.288 0.200 29 24 21
-19.776 36.290 0.192 28 23 20
-19.775 36.312 0.200 29 24 21
-19.777 36.276 0.225 30 25 22
-19.781 36.234 0.253 30 26 23
-19.775 36.309 0.224 28 23 20
-19.777 36.281 0.230 29 25 22
-19.775 36.280 0.141 29 25 22
-19.774 36.328 0.226 30 25 22
-19.777 36.285 0.244 29 26 21
-19.775 36.290 0.177 29 24 21
-19.777 36.251 0.157 29 24 21
-19.780 36.224 0.207 30 25 22
-19.774 36.324 0.223 29 24 21
-19.778 36.237 0.132 30 25 22
-19.775 36.279 0.140 28 24 21
-19.778 36.282 0.259 28 24 21
-19.774 36.336 0.225 30 25 22
-19.782 36.208 0.222 29 24 21
-19.778 36.254 0.192 29 24 21
-19.776 36.290 0.203 29 24 21
-19.779 36.253 0.234 31 26 23
-19.775 36.302 0.173 28 23 20
-19.778 36.248 0.176 30 25 22
-19.781 36.211 0.196 29 24 21
-19.780 36.222 0.209 30 25 22
-19.775 36.305 0.217 28 23 20
-19.776 36.288 0.217 29 24 21
-19.776 36.264 0.139 28 24 21
-19.777 36.241 0.102 27 23 22
-19.781 36.220 0.246 31 26 23
-19.777 36.280 0.237 29 25 22
-19.776 36.286 0.190 28 23 20
-19.778 36.252 0.175 30 25 22
-19.778 36.235 0.154 30 25 22
-19.780 36.219 0.197 30 25 22
-19.777 36.279 0.227 29 25 22
-19.775 36.286 0.154 29 25 22
-19.778 36.264 0.211 30 25 22
-19.780 36.243 0.260 29 25 22
-19.778 36.236 0.130 30 25 22
-19.781 36.217 0.242 31 26 23
-19.776 36.260 0.140 28 24 21
-19.775 36.308 0.206 29 24 21
-19.777 36.254 0.142 30 25 22
-19.779 36.251 0.229 31 26 23
-19.775 36.309 0.228 29 24 21
-19.775 36.308 0.210 29 24 21
-19.776 36.305 0.253 29 25 22
-19.777 36.288 0.246 29 26 21
-19.780 36.225 0.222 31 26 22
-19.779 36.222 0.151 28 23 20
-19.775 36.314 0.225 28 23 20
-19.776 36.284 0.189 28 23 20
-19.777 36.264 0.181 30 25 22
-19.777 36.295 0.260 29 25 22
-19.780 36.233 0.202 31 26 23
-19.776 36.278 0.189 29 24 21
-19.775 36.317 0.215 28 23 20
-19.776 36.301 0.253 29 25 22
-19.776 36.293 0.208 29 24 21
-19.778 36.264 0.205 30 25 22
-19.777 36.269 0.180 30 25 22
-19.778 36.271 0.259 29 26 21
-19.776 36.258 0.125 29 25 22
-19.777 36.282 0.240 29 26 21
-19.777 36.260 0.147 28 24 21
-19.777 36.235 0.105 29 25 26
-19.782 36.209 0.237 30 25 21
-19.776 36.296 0.204 29 24 21
-19.775 36.317 0.243 30 25 22
-19.775 36.280 0.149 29 25 22
-19.778 36.275 0.251 29 26 21
-19.780 36.224 0.186 30 25 22
-19.775 36.285 0.152 29 25 22
-19.780 36.219 0.202 31 26 23
-19.781 36.218 0.211 30 25 22
-19.775 36.323 0.234 29 24 21
-19.775 36.303 0.183 28 23 20
-19.779 36.229 0.183 31 26 23
-19.780 36.241 0.229 31 26 22
-19.779 36.242 0.213 31 26 23
-19.779 36.243 0.200 30 25 22
-19.779 36.225 0.144 28 23 20
-19.776 36.275 0.175 28 24 21
-19.778 36.279 0.279 29 25 22
-19.781 36.223 0.242 31 26 23
-19.776 36.253 0.113 26 22 19
-19.780 36.217 0.178 31 26 23
-19.779 36.261 0.269 29 25 24
-19.776 36.263 0.148 29 25 22
-19.778 36.258 0.222 31 26 23
-19.774 36.326 0.211 30 25 22
-19.776 36.291 0.194 28 23 20
-19.780 36.226 0.220 31 26 22
-19.780 36.224 0.185 30 25 22
-19.776 36.292 0.190 28 23 20
-19.776 36.272 0.176 30 25 22
-19.776 36.308 0.246 29 25 22
-19.777 36.291 0.253 29 26 21
-19.778 36.266 0.213 30 25 22
-19.781 36.224 0.246 30 26 23
-19.776 36.288 0.208 30 25 22
-19.781 36.212 0.194 29 24 21
-19.776 36.246 0.096 26 22 21
-19.777 36.239 0.126 29 24 21
-19.779 36.248 0.213 31 26 23
-19.775 36.295 0.176 29 24 21
-19.780 36.249 0.250 30 27 22
-19.780 36.235 0.237 31 26 22
-19.777 36.289 0.228 29 25 22
-19.780 36.257 0.266 27 26 21
-19.781 36.219 0.231 31 26 22
-19.774 36.333 0.229 30 25 22
-19.777 36.263 0.171 29 24 21
-19.779 36.268 0.277 29 25 24
-19.777 36.282 0.206 30 25 22
-19.777 36.287 0.232 29 25 22
-19.776 36.262 0.113 27 23 20
-19.777 36.273 0.203 30 25 22
-19.778 36.232 0.153 28 23 20
-19.776 36.257 0.103 26 22 21
-19.777 36.279 0.227 29 25 22
-19.776 36.302 0.221 29 24 21
-19.775 36.287 0.162 28 24 21
-19.777 36.289 0.256 29 25 22
-19.776 36.307 0.250 29 25 22
-19.781 36.209 0.218 29 24 21
-19.776 36.286 0.176 29 24 21
-19.778 36.270 0.248 29 26 21
-19.780 36.252 0.269 27 26 21
-19.777 36.264 0.158 29 25 22
-19.775 36.294 0.163 28 24 21
-19.778 36.230 0.121 27 23 22
-19.780 36.234 0.214 30 25 21
-19.775 36.314 0.238 29 24 21
-19.781 36.227 0.236 31 26 23
-19.780 36.214 0.173 31 26 23
-19.782 36.208 0.235 30 25 21
-19.778 36.276 0.267 29 25 22
-19.776 36.291 0.210 29 24 21
-19.776 36.298 0.242 29 26 21
-19.776 36.262 0.115 27 23 20
-19.776 36.262 0.117 27 23 20
-19.776 36.284 0.176 29 24 21
-19.778 36.265 0.208 31 26 23
-19.774 36.313 0.194 28 23 20
-19.777 36.228 0.286 27 26 22
-19.773 36.284 0.333 29 25 22
-19.780 36.225 0.267 29 25 22
-19.776 36.226 0.290 29 25 24
-19.782 36.209 0.246 30 25 22
-19.779 36.235 0.273 28 27 23
-19.779 36.250 0.277 29 25 24
-19.772 36.262 0.327 30 26 23
-19.778 36.243 0.281 29 25 24
-19.779 36.263 0.285 29 25 24
-19.773 36.245 0.314 30 26 25
-19.777 36.259 0.297 29 25 24
-19.772 36.289 0.337 28 24 23
-19.773 36.239 0.315 30 26 25
-19.781 36.233 0.263 29 25 22
-19.777 36.261 0.293 29 25 24
-19.778 36.223 0.275 27 26 22
-19.777 36.268 0.297 29 25 24
-19.773 36.285 0.333 29 25 22
-19.774 36.247 0.312 30 26 25
-19.781 36.209 0.254 29 25 22
-19.778 36.228 0.275 27 26 22
-19.776 36.257 0.300 30 26 25
-19.778 36.238 0.284 29 25 24
-19.780 36.215 0.263 30 26 23
-19.774 36.261 0.319 30 26 25
-19.778 36.268 0.293 29 25 24
-19.777 36.265 0.296 29 25 24
-19.776 36.274 0.310 29 25 24
-19.779 36.259 0.282 29 25 24
-19.779 36.256 0.282 29 25 24
-19.780 36.212 0.260 30 26 23
-19.775 36.337 0.168 27 23 20
-19.776 36.272 0.106 26 22 19
-19.775 36.338 0.148 26 22 19
-19.775 36.322 0.157 28 24 21
-19.776 36.325 0.105 26 22 19
-19.776 36.358 0.111 27 22 18
-19.775 36.324 0.137 27 23 20
-19.775 36.298 0.140 27 23 20
-19.776 36.314 0.109 27 23 20
-19.775 36.284 0.124 27 23 20
-19.776 36.289 0.101 25 24 22
-19.775 36.337 0.166 27 23 20
-19.774 36.337 0.191 29 24 21
-19.775 36.313 0.169 28 23 20
-19.775 36.336 0.169 27 23 20
-19.774 36.330 0.207 30 25 22
-19.776 36.340 0.124 27 23 20
-19.775 36.326 0.154 29 25 22
-19.776 36.307 0.100 25 21 20
-19.775 36.313 0.157 28 23 20
-19.775 36.323 0.161 28 24 21
-19.776 36.286 0.108 27 23 20
-19.775 36.314 0.129 28 23 20
-19.774 36.313 0.184 28 23 20
-19.775 36.347 0.156 27 23 20
-19.774 36.324 0.189 29 24 21
-19.775 36.316 0.131 27 23 20
-19.775 36.311 0.155 27 23 20
-19.775 36.312 0.165 29 24 21
-19.774 36.327 0.188 29 24 21
-19.776 36.332 0.100 25 21 18
-19.776 36.303 0.097 24 23 21
-19.775 36.268 0.118 27 23 20
-19.774 36.311 0.184 28 23 20
-19.774 36.338 0.196 29 24 21
-19.776 36.321 0.097 24 20 19
-19.775 36.333 0.135 27 23 20
-19.776 36.295 0.119 27 23 20
-19.775 36.324 0.157 28 24 21
-19.776 36.358 0.105 25 21 18
-19.774 36.333 0.202 29 24 21
-19.775 36.337 0.138 26 22 19
-19.776 36.341 0.133 26 22 19
-19.775 36.314 0.146 28 24 21
-19.775 36.334 0.144 27 23 20
-19.775 36.344 0.165 27 23 20
-19.775 36.278 0.123 27 23 20
-19.775 36.343 0.150 27 23 20
-19.775 36.277 0.121 27 23 20
-19.775 36.317 0.156 28 24 21
-19.776 36.335 0.124 27 23 20
-19.774 36.344 0.199 29 24 21
-19.776 36.265 0.099 26 22 19
-19.776 36.342 0.113 28 23 20
-19.775 36.327 0.140 27 23 20
-19.774 36.339 0.205 29 24 21
-19.775 36.327 0.139 27 23 20
-19.775 36.311 0.147 27 23 20
-19.775 36.330 0.140 27 23 20
-19.775 36.318 0.171 29 24 21
-19.775 36.340 0.142 26 22 19
-19.776 36.332 0.106 26 22 19
-19.775 36.295 0.150 28 24 21
-19.776 36.323 0.126 27 23 20
-19.776 36.366 0.097 25 21 18
-19.774 36.344 0.201 29 24 21
-19.776 36.300 0.115 27 23 20
-19.774 36.338 0.182 28 23 20
-19.776 36.327 0.116 28 23 20
-19.775 36.347 0.163 27 23 20
-19.776 36.297 0.116 27 23 20
-19.775 36.338 0.136 26 22 19
-19.774 36.320 0.177 28 23 20
-19.775 36.348 0.154 27 23 20
-19.775 36.350 0.140 26 22 19
-19.776 36.355 0.114 29 21 18
-19.775 36.343 0.177 27 22 19
-19.775 36.340 0.150 26 22 19
-19.776 36.346 0.097 25 21 18
-19.774 36.313 0.177 29 24 21
-19.775 36.313 0.153 27 23 20
-19.763 36.058 0.481 28 25 20
-19.751 36.055 0.453 38 37 33
-19.779 35.976 0.496 33 27 27
-19.760 35.996 0.459 86 86 84
-19.756 36.031 0.458 39 39 37
-19.753 35.991 0.442 71 72 77
-19.752 35.989 0.439 70 70 78
-19.767 35.964 0.467 81 81 83
-19.769 36.015 0.485 24 23 21
-19.764 36.048 0.482 33 30 25
-19.759 36.064 0.475 28 25 20
-19.762 36.002 0.465 99 99 99
-19.757 36.058 0.468 31 27 24
-19.781 35.959 0.497 47 38 39
-19.752 35.997 0.440 66 67 71
-19.763 35.971 0.459 74 75 77
-19.776 35.970 0.487 43 37 39
-19.759 35.985 0.454 73 75 70
-19.744 36.121 0.457 31 26 22
-19.754 35.960 0.436 72 73 77
-19.751 36.094 0.466 34 27 21
-19.743 36.137 0.459 31 26 22
-19.763 36.046 0.479 33 29 26
-19.771 35.960 0.475 87 85 88
-19.766 36.011 0.477 58 57 53
-19.756 36.028 0.457 50 52 49
-19.775 35.969 0.485 54 50 51
-19.756 36.055 0.465 35 31 28
-19.748 36.081 0.455 31 25 25
-19.745 36.134 0.463 35 30 26
-19.759 36.073 0.478 30 25 21
-19.758 36.012 0.459 104 105 99
-19.763 36.059 0.482 28 25 20
-19.745 36.131 0.461 34 29 25
-19.758 36.058 0.471 29 26 21
-19.759 36.036 0.468 24 22 23
-19.764 35.987 0.465 72 72 74
-19.762 35.990 0.461 71 72 67
-19.760 36.057 0.474 26 23 18
-19.774 35.981 0.487 27 23 24
-19.763 36.017 0.472 84 80 77
-19.775 35.963 0.483 76 72 73
-19.761 35.993 0.459 74 75 70
-19.750 36.053 0.452 38 37 33
-19.768 35.970 0.470 76 76 78
-19.787 35.944 0.506 39 34 31
-19.756 36.077 0.471 30 25 21
-19.750 36.046 0.449 28 27 25
-19.759 36.066 0.475 30 25 21
-19.778 35.977 0.494 33 27 27
-19.759 35.999 0.457 87 87 85
-19.746 36.130 0.463 34 29 25
-19.779 35.949 0.488 90 89 87
-19.752 36.006 0.443 73 74 76
-19.771 36.016 0.488 24 23 21
-19.750 36.105 0.465 33 25 22
-19.755 36.056 0.463 35 31 28
-19.754 35.983 0.441 64 64 74
-19.753 35.996 0.443 66 67 71
-19.775 35.961 0.484 76 72 73
-19.772 35.981 0.481 27 25 26
-19.754 36.019 0.451 108 109 103
-19.748 36.086 0.456 30 25 22
-19.748 36.124 0.466 30 25 21
-19.754 36.069 0.465 29 25 22
-19.778 35.992 0.498 33 28 25
-19.758 36.036 0.465 24 22 23
-19.748 36.066 0.450 32 31 27
-19.761 35.997 0.462 95 95 95
-19.768 36.021 0.485 22 21 19
-19.758 36.028 0.462 53 54 49
-19.747 36.108 0.460 36 29 23
-19.760 36.058 0.475 28 25 20
-19.747 36.069 0.448 27 26 22
-19.776 35.972 0.488 35 29 31
-19.777 35.978 0.492 33 27 27
-19.765 36.024 0.477 34 30 29
-19.768 36.020 0.483 22 21 19
-19.764 36.028 0.477 32 28 27
-19.754 36.019 0.452 108 109 103
-19.763 35.956 0.454 84 85 87
-19.751 36.063 0.457 37 33 30
-19.752 35.998 0.442 66 67 71
-19.750 36.096 0.464 30 23 17
-19.768 35.961 0.468 82 82 84
-19.757 36.060 0.470 29 25 22
-19.766 35.971 0.466 78 78 80
-19.772 35.965 0.479 77 75 76
-19.755 35.957 0.437 72 73 77
-19.774 36.004 0.493 32 26 26
-19.739 36.127 0.451 30 25 22
-19.707 36.005 0.394 75 73 58
-19.698 36.040 0.391 79 82 65
-19.655 36.051 0.347 82 84 70
-19.710 36.072 0.410 81 83 70
-19.682 36.088 0.383 127 130 113
-19.653 36.052 0.345 82 84 70
-19.706 36.051 0.401 86 89 62
-19.723 36.108 0.430 26 28 25
-19.742 36.103 0.449 31 27 24
-19.698 36.047 0.392 80 82 61
-19.742 36.032 0.435 57 58 50
-19.736 35.980 0.419 68 71 44
-19.721 36.097 0.426 24 27 20
-19.734 36.009 0.423 52 54 30
-19.674 36.031 0.363 84 85 71
-19.718 36.039 0.412 69 69 41
-19.708 36.029 0.400 80 81 63
-19.685 36.062 0.381 78 79 61
-19.727 36.018 0.418 72 75 48
-19.732 36.069 0.432 89 91 78
-19.713 36.065 0.411 81 82 66
-19.717 36.046 0.413 81 81 53
-19.740 36.150 0.456 30 25 21
-19.705 35.992 0.390 78 81 64
-19.710 36.115 0.417 27 27 25
-19.693 36.058 0.389 78 80 58
-19.681 36.044 0.374 84 87 70
-19.716 36.074 0.416 113 114 106
-19.735 36.017 0.426 65 70 40
-19.744 36.011 0.434 61 63 49
-19.720 35.994 0.406 63 62 41
-19.752 35.981 0.438 67 67 75
-19.675 36.057 0.369 73 77 60
-19.734 36.027 0.427 61 60 40
-19.740 36.105 0.447 29 25 22
-19.747 35.967 0.429 71 75 61
-19.747 35.990 0.434 72 72 70
-19.655 36.028 0.343 90 92 78
-19.643 36.032 0.331 100 102 91
-19.746 36.046 0.443 25 24 22
-19.684 36.012 0.371 82 83 69
-19.712 36.039 0.406 76 78 54
-19.746 35.964 0.428 72 76 62
-19.680 36.026 0.369 77 79 65
-19.752 35.968 0.434 76 77 81
-19.676 36.078 0.374 88 91 74
-19.690 36.009 0.376 75 76 62
-19.745 36.057 0.444 38 37 32
-19.687 36.044 0.380 87 91 74
-19.697 36.038 0.390 77 80 63
-19.719 36.024 0.410 66 68 46
-19.727 36.006 0.416 69 65 53
-19.675 36.066 0.371 83 86 67
-19.675 36.059 0.370 73 77 60
-19.713 36.081 0.414 117 118 110
-19.710 36.009 0.398 75 73 58
-19.734 36.116 0.443 15 14 10
-19.659 36.020 0.345 78 80 67
-19.729 36.064 0.428 61 65 48
-19.740 36.076 0.442 20 21 15
-19.721 35.985 0.405 65 67 45
-19.673 36.061 0.368 79 83 66
-19.681 36.037 0.372 79 82 65
-19.718 36.033 0.411 77 80 53
-19.743 35.970 0.425 73 75 51
-19.710 36.033 0.402 87 89 68
-19.708 36.018 0.397 65 63 48
-19.709 36.105 0.415 29 30 25
-19.746 35.984 0.431 70 71 66
-19.706 36.013 0.394 75 73 58
-19.740 36.028 0.433 73 73 61
-19.741 36.058 0.440 36 37 29
-19.662 36.045 0.353 83 87 72
-19.742 36.121 0.453 30 25 22
-19.675 36.045 0.367 80 84 69
-19.700 35.993 0.384 76 79 62
-19.742 36.047 0.439 25 29 14
-19.680 36.072 0.378 88 91 72
-19.723 36.018 0.413 72 74 52
-19.675 36.067 0.372 83 86 67
-19.681 36.015 0.368 82 83 69
-19.734 36.138 0.448 22 16 16
-19.700 36.031 0.391 96 97 81
-19.707 36.026 0.397 78 79 63
-19.731 36.138 0.444 21 15 15
-19.742 36.040 0.437 26 27 19
-19.712 36.122 0.420 23 27 26
-19.749 36.005 0.438 69 71 70
-19.732 36.074 0.433 111 113 100
-19.663 36.032 0.353 88 89 75
-19.702 36.021 0.391 76 77 61
-19.705 36.004 0.392 75 73 58
-19.745 35.981 0.429 69 70 62
-19.704 36.062 0.401 93 96 69
-19.750 36.018 0.442 105 107 104
-19.751 35.970 0.434 75 76 80
-19.723 36.002 0.410 58 56 35
-19.731 36.022 0.422 72 72 46
-19.648 36.047 0.339 83 84 68
-19.702 36.087 0.404 70 71 63
-19.665 36.066 0.360 83 87 72
-19.741 35.988 0.426 65 67 56
-19.719 36.035 0.412 78 81 54
-19.719 36.124 0.428 19 23 22
-19.669 36.029 0.358 81 82 68
-19.653 36.037 0.343 83 85 71
-19.734 35.991 0.420 61 63 41
-19.705 36.053 0.401 88 91 64
-19.683 36.008 0.369 75 76 62
-19.716 36.112 0.423 25 27 24
-19.703 36.041 0.396 83 85 64
-19.700 36.101 0.404 33 32 27
-19.697 36.089 0.399 80 81 73
-19.732 36.060 0.430 48 53 33
-19.711 36.000 0.398 64 65 47
-19.703 36.060 0.400 93 93 67
-19.734 35.978 0.418 66 68 44
-19.683 36.021 0.372 77 78 64
-19.717 36.115 0.425 23 27 26
-19.712 36.077 0.412 118 120 109
-19.719 36.119 0.427 22 26 25
-19.742 36.018 0.433 67 70 51
-19.711 36.097 0.415 29 31 20
-19.728 36.100 0.434 28 30 25
-19.653 36.055 0.346 75 77 63
-19.722 36.079 0.423 93 96 85
-19.690 36.088 0.391 121 124 107
-19.695 36.054 0.390 69 71 49
-19.693 36.076 0.392 77 79 55
-19.743 36.036 0.438 46 47 41
-19.711 36.014 0.400 64 62 47
-19.664 36.052 0.357 85 89 74
-19.718 36.066 0.417 70 72 58
-19.683 36.072 0.380 83 84 66
-19.723 36.021 0.414 75 77 53
-19.734 36.132 0.446 21 16 13
-19.731 35.985 0.416 64 67 40
-19.738 35.981 0.423 67 70 43
-19.669 36.052 0.363 79 83 68
-19.649 36.050 0.341 83 86 69
-19.667 36.039 0.358 81 85 70
-19.733 36.128 0.445 22 18 17
-19.669 36.069 0.365 88 92 75
-19.727 36.047 0.423 67 68 50
-19.735 36.071 0.436 110 112 101
-19.674 36.065 0.369 83 86 67
-19.716 36.009 0.404 75 72 55
-19.734 35.993 0.421 63 62 41
-19.736 36.031 0.430 73 74 58
-19.730 36.143 0.444 14 14 12
-19.740 36.055 0.439 30 29 24
-19.693 36.082 0.393 109 112 93
-19.681 36.055 0.376 65 68 49
-19.751 35.976 0.435 77 77 79
-19.686 36.005 0.371 74 75 61
-19.740 36.143 0.455 33 28 24
-19.716 36.112 0.423 25 27 24
-19.680 36.040 0.372 83 86 69
-19.678 36.037 0.369 81 84 67
-19.695 36.048 0.389 81 85 68
-19.710 36.059 0.407 95 94 73
-19.649 36.026 0.336 97 99 86
-19.743 36.062 0.442 32 31 26
-19.748 35.962 0.430 75 78 69
-19.746 35.986 0.432 71 71 69
-19.642 36.035 0.330 95 97 86
-19.730 36.002 0.417 59 58 40
-19.680 36.064 0.376 84 87 68
-19.746 36.011 0.437 73 76 69
-19.720 36.069 0.419 80 82 69
-19.766 35.904 0.474 71 75 84
-19.773 35.941 0.519 42 38 37
-19.763 35.896 0.465 74 75 80
-19.787 35.936 0.511 39 34 30
-19.771 35.910 0.481 78 79 83
-19.777 35.941 0.517 42 38 35
-19.775 35.918 0.490 87 87 89
-19.768 35.908 0.480 74 77 82
-19.776 35.938 0.514 34 30 27
-19.766 35.912 0.484 77 80 85
-19.784 35.934 0.509 45 40 34
-19.759 35.873 0.097 27 26 24
-19.739 35.859 0.095 24 24 26
-19.751 35.861 0.107 24 24 26
-19.766 35.872 0.108 25 24 20
-19.757 35.872 0.096 25 23 24
-19.735 35.856 0.094 25 25 27
-19.720 35.844 0.094 26 27 29
-19.771 35.884 0.095 28 27 23
-19.710 35.837 0.094 27 28 30
-19.778 35.888 0.097 31 27 24
-19.734 35.850 0.103 29 29 31
-19.728 35.837 0.158 25 24 29
-19.766 35.838 0.305 23 22 20
-19.802 35.861 0.315 66 62 61
-19.781 35.847 0.315 28 24 23
-19.786 35.873 0.176 42 44 41
-19.767 35.848 0.248 25 25 25
-19.781 35.861 0.232 22 22 22
-19.735 35.832 0.213 23 23 25
-19.802 35.854 0.356 78 73 70
-19.788 35.844 0.362 29 26 21
-19.713 35.834 0.106 23 24 26
-19.733 35.836 0.180 24 25 27
-19.745 35.853 0.129 24 23 28
-19.701 35.827 0.100 25 26 28
-19.790 35.865 0.241 52 52 52
-19.723 35.839 0.121 24 24 24
-19.807 35.871 0.275 61 61 63
-19.767 35.861 0.173 29 25 24
-19.759 35.837 0.286 20 20 20
-19.779 35.845 0.317 28 24 23
-19.769 35.859 0.188 25 24 22
-19.766 35.845 0.261 21 21 21
-19.777 35.868 0.169 25 24 20
-19.811 35.867 0.319 44 39 43
-19.752 35.842 0.224 25 23 24
-19.718 35.826 0.177 25 25 25
-19.699 35.819 0.146 22 26 27
-19.778 35.842 0.334 27 23 24
-19.772 35.846 0.281 21 21 21
-19.788 35.865 0.234 47 47 47
-19.786 35.855 0.287 30 28 29
-19.749 35.845 0.195 25 25 25
-19.802 35.862 0.311 62 58 57
-19.742 35.852 0.118 24 23 28
-19.773 35.859 0.207 23 23 23
-19.738 35.841 0.173 22 26 25
-19.774 35.855 0.236 22 22 22
-19.769 35.868 0.134 23 23 21
-19.792 35.853 0.324 74 70 69
-19.745 35.850 0.143 23 23 25
-19.797 35.850 0.363 82 74 71
-19.787 35.875 0.169 50 52 49
-19.793 35.866 0.246 52 52 52
-19.761 35.862 0.139 30 26 23
-19.716 35.831 0.142 27 27 29
-19.718 35.826 0.178 25 25 25
-19.810 35.875 0.262 35 34 39
-19.782 35.851 0.292 21 19 20
-19.786 35.866 0.218 34 34 34
-19.756 35.845 0.225 25 25 25
-19.726 35.828 0.203 22 23 25
-19.779 35.862 0.216 21 21 21
-19.741 35.841 0.184 22 24 23
-19.766 35.847 0.253 21 21 21
-19.751 35.855 0.142 25 25 25
-19.751 35.854 0.150 24 24 24
-19.773 35.860 0.201 22 22 20
-19.737 35.847 0.130 25 24 29
-19.767 35.847 0.257 21 21 21
-19.802 35.849 0.391 96 81 76
-19.741 35.846 0.155 23 25 24
-19.784 35.859 0.251 22 22 22
-19.785 35.854 0.287 30 28 29
-19.803 35.851 0.386 91 78 72
-19.702 35.821 0.144 23 27 28
-19.744 35.840 0.201 26 26 26
-19.752 35.856 0.139 25 25 25
-19.708 35.825 0.144 23 24 26
-19.732 35.845 0.121 26 26 28
-19.746 35.836 0.232 24 24 24
-19.804 35.867 0.290 61 60 58
-19.757 35.842 0.242 23 21 22
-19.764 35.853 0.206 24 23 21
-19.777 35.863 0.201 23 23 23
-19.772 35.857 0.220 25 25 25
-19.797 35.849 0.369 83 76 70
-19.723 35.842 0.104 25 25 25
-19.773 35.859 0.208 23 23 23
-19.733 35.840 0.156 23 24 26
-19.736 35.836 0.196 22 23 25
-19.786 35.860 0.257 27 27 27
-19.701 35.825 0.112 24 25 27
-19.785 35.859 0.258 27 27 27
-19.779 35.847 0.309 22 21 19
-19.744 35.832 0.248 22 22 22
-19.740 35.846 0.148 23 24 26
-19.745 35.835 0.237 22 22 22
-19.724 35.833 0.161 28 23 29
-19.776 35.850 0.272 23 23 23
-19.770 35.861 0.185 26 25 23
-19.740 35.849 0.132 26 25 30
-19.748 35.847 0.177 22 24 23
-19.796 35.846 0.384 93 82 76
-19.719 35.833 0.140 26 26 26
-19.760 35.861 0.141 30 26 23
-19.758 35.844 0.236 24 22 23
-19.750 35.856 0.126 25 25 27
-19.776 35.859 0.222 25 25 25
-19.724 35.833 0.159 25 24 29
-19.774 35.866 0.171 25 24 22
-19.733 35.837 0.172 25 26 28
-19.719 35.831 0.152 26 24 27
-19.790 35.871 0.203 52 52 52
-19.711 35.828 0.139 25 26 28
-19.740 35.845 0.152 22 23 25
-19.761 35.848 0.223 26 24 25
-19.720 35.834 0.139 24 26 25
-19.783 35.845 0.332 31 27 28
-19.745 35.854 0.125 24 24 26
-19.787 35.849 0.325 43 39 38
-19.764 35.856 0.188 28 27 23
-19.753 35.833 0.281 19 19 19
-19.717 35.837 0.107 23 24 26
-19.775 35.869 0.155 23 22 20
-19.788 35.877 0.159 54 54 52
-19.739 35.851 0.116 25 25 27
-19.755 35.856 0.150 25 25 23
-19.761 35.865 0.120 27 26 24
-19.760 35.861 0.143 30 26 23
-19.789 35.850 0.330 61 57 58
-19.761 35.851 0.204 25 23 24
-19.776 35.850 0.273 23 23 23
-19.772 35.853 0.235 22 22 22
-19.753 35.837 0.256 24 22 23
-19.761 35.845 0.244 23 23 23
-19.750 35.850 0.163 22 24 23
-19.765 35.847 0.249 24 24 24
-19.698 35.823 0.114 25 24 29
-19.773 35.865 0.171 25 24 22
-19.800 35.850 0.377 88 81 75
-19.736 35.844 0.144 24 23 28
-19.769 35.864 0.161 25 21 20
-19.782 35.865 0.212 23 23 23
-19.754 35.846 0.208 25 23 24
-19.801 35.863 0.301 62 58 55
-19.765 35.859 0.173 29 25 24
-19.734 35.828 0.230 24 24 26
-19.732 35.830 0.215 22 23 25
-19.776 35.857 0.232 21 21 21
-19.790 35.865 0.243 51 51 51
-19.744 35.835 0.230 24 24 26
-19.759 35.862 0.133 25 24 20
-19.750 35.840 0.224 24 22 23
-19.708 35.821 0.172 25 25 27
-19.775 35.870 0.148 27 26 24
-19.739 35.834 0.219 27 25 26
-19.704 35.829 0.106 25 26 28
-19.804 35.869 0.275 60 60 62
-19.797 35.855 0.330 72 68 67
-19.718 35.825 0.186 24 24 24
-19.701 35.819 0.147 22 26 27
-19.762 35.861 0.149 27 23 20
-19.742 35.849 0.137 26 25 30
-19.723 35.838 0.126 23 25 24
-19.808 35.874 0.265 51 51 53
-19.799 35.851 0.365 81 73 70
-19.770 35.865 0.155 26 25 23
-19.766 35.845 0.264 21 21 21
-19.789 35.852 0.320 60 56 55
-19.788 35.862 0.249 45 45 45
-19.797 35.864 0.276 57 57 57
-19.810 35.866 0.322 51 46 50
-19.757 35.852 0.183 28 24 25
-19.708 35.828 0.124 23 27 28
-19.721 35.841 0.102 26 26 28
-19.766 35.854 0.207 25 23 24
-19.755 35.846 0.213 25 23 24
-19.751 35.839 0.236 21 19 20
-19.760 35.861 0.142 30 26 23
-19.742 35.831 0.249 24 24 26
-19.782 35.848 0.308 23 22 20
-19.780 35.875 0.137 27 26 22
-19.734 35.829 0.226 24 24 26
-19.774 35.840 0.327 21 19 20
-19.756 35.855 0.160 25 23 24
-19.809 35.857 0.368 77 69 66
-19.731 35.839 0.151 26 25 30
-19.740 35.834 0.221 28 26 27
-19.779 35.847 0.306 24 23 21
-19.770 35.871 0.123 23 22 18
-19.793 35.854 0.318 58 54 53
-19.798 35.869 0.251 50 50 50
-19.710 35.825 0.150 24 25 27
-19.762 35.852 0.202 27 23 24
-19.810 35.869 0.301 47 45 46
-19.709 35.826 0.143 22 26 27
-19.737 35.829 0.240 23 23 25
-19.769 35.838 0.318 24 23 21
-19.745 35.837 0.226 24 24 24
-19.772 35.872 0.126 25 24 20
-19.765 35.855 0.197 26 25 23
-19.697 35.823 0.109 25 24 29
-19.740 35.845 0.153 23 24 26
-19.786 35.863 0.238 34 34 34
-19.777 35.867 0.172 25 24 20
-19.780 35.875 0.138 36 35 33
-19.723 35.827 0.191 23 24 26
-19.751 35.843 0.216 27 25 26
-19.721 35.829 0.174 26 26 26
-19.713 35.826 0.156 24 24 26
-19.670 35.835 0.438 189 193 192
-19.725 35.829 0.276 26 26 26
-19.781 35.842 0.350 25 21 18
-19.687 35.820 0.217 21 25 26
-19.653 35.835 0.472 66 66 64
-19.624 35.827 0.411 11 18 11
-19.742 35.839 0.376 17 18 23
-19.662 35.827 0.345 20 20 20
-19.694 35.834 0.384 20 19 17
-19.712 35.832 0.331 19 19 21
-19.748 35.833 0.283 20 20 20
-19.679 35.817 0.186 24 25 29
-19.712 35.837 0.394 20 20 20
-19.658 35.818 0.228 19 23 24
-19.648 35.832 0.442 162 164 163
-19.711 35.827 0.266 20 21 23
-19.636 35.828 0.399 19 15 16
-19.737 35.831 0.277 25 25 25
-19.610 35.830 0.478 32 31 39
-19.758 35.837 0.323 23 22 20
-19.778 35.845 0.406 20 19 17
-19.748 35.837 0.345 21 21 23
-19.716 35.823 0.207 24 24 24
-19.655 35.831 0.407 20 20 20
-19.699 35.826 0.272 21 23 22
-19.676 35.821 0.240 24 25 27
-19.732 35.841 0.425 154 164 166
-19.643 35.818 0.259 25 21 22
-19.693 35.826 0.281 22 24 23
-19.746 35.837 0.344 21 21 23
-19.647 35.828 0.386 17 19 18
-19.631 35.825 0.370 21 14 21
-19.710 35.826 0.257 21 25 26
-19.675 35.837 0.458 21 27 25
-19.648 35.832 0.437 181 183 182
-19.793 35.848 0.416 88 77 71
-19.680 35.821 0.235 23 24 26
-19.605 35.830 0.480 27 32 26
-19.702 35.834 0.371 21 20 18
-19.631 35.831 0.456 31 35 34
-19.635 35.833 0.467 51 53 52
-19.792 35.847 0.406 79 68 62
-19.652 35.829 0.385 17 19 18
-19.696 35.819 0.181 25 26 28
-19.610 35.831 0.484 60 57 64
-19.618 35.829 0.446 96 101 97
-19.633 35.833 0.479 29 31 30
-19.685 35.831 0.361 20 20 20
-19.658 35.827 0.352 21 21 21
-19.704 35.834 0.374 21 19 20
-19.696 35.835 0.398 20 20 18
-19.654 35.825 0.331 21 21 21
-19.657 35.829 0.387 17 19 18
-19.629 35.824 0.356 18 18 16
-19.736 35.841 0.422 149 159 161
-19.673 35.821 0.241 24 25 27
-19.805 35.849 0.405 97 82 77
-19.734 35.838 0.375 19 19 21
-19.734 35.838 0.379 18 18 20
-19.646 35.817 0.242 17 21 20
-19.710 35.836 0.395 21 21 21
-19.680 35.829 0.349 21 21 21
-19.778 35.843 0.377 26 21 17
-19.661 35.815 0.189 25 20 24
-19.713 35.831 0.324 20 20 22
-19.677 35.825 0.296 22 22 22
-19.752 35.839 0.362 23 23 23
-19.767 35.838 0.322 23 22 20
-19.698 35.825 0.265 20 24 25
-19.730 35.841 0.432 180 185 188
-19.703 35.826 0.266 19 23 24
-19.635 35.826 0.375 14 18 19
-19.627 35.824 0.367 17 16 21
-19.694 35.818 0.174 23 24 26
-19.661 35.816 0.204 23 22 27
-19.710 35.833 0.354 21 21 21
-19.681 35.831 0.373 20 20 20
-19.683 35.818 0.183 24 25 29
-19.668 35.823 0.281 21 23 22
-19.663 35.834 0.443 83 87 86
-19.685 35.824 0.264 23 24 26
-19.686 35.834 0.407 20 20 18
-19.665 35.817 0.203 22 26 27
-19.755 35.838 0.341 19 19 19
-19.712 35.836 0.386 18 18 18
-19.722 35.831 0.296 24 24 24
-19.718 35.826 0.236 23 24 26
-19.673 35.836 0.448 54 58 57
-19.734 35.841 0.426 154 164 166
-19.731 35.838 0.385 17 17 19
-19.643 35.820 0.284 17 22 18
-19.717 35.832 0.317 22 24 23
-19.701 35.831 0.332 20 20 20
-19.658 35.819 0.241 20 24 25
-19.707 35.837 0.403 21 21 21
-19.643 35.824 0.337 20 20 20
-19.648 35.825 0.350 19 19 19
-19.647 35.821 0.295 20 22 19
-19.743 35.840 0.393 23 22 20
-19.649 35.828 0.386 17 19 18
-19.656 35.815 0.192 19 25 23
-19.743 35.831 0.264 22 22 22
-19.742 35.842 0.427 147 157 159
-19.667 35.817 0.208 22 26 27
-19.670 35.824 0.290 23 23 23
-19.722 35.839 0.413 18 19 21
-19.631 35.821 0.323 18 17 22
-19.671 35.818 0.206 23 24 28
-19.702 35.830 0.328 20 20 20
-19.640 35.832 0.447 42 44 43
-19.690 35.818 0.181 24 25 29
-19.743 35.832 0.275 22 22 22
-19.769 35.844 0.396 27 24 19
-19.669 35.829 0.360 19 19 19
-19.730 35.830 0.281 24 24 24
-19.673 35.826 0.322 22 24 23
-19.765 35.841 0.363 28 27 25
-19.619 35.827 0.411 12 19 12
-19.651 35.821 0.289 20 22 21
-19.635 35.820 0.301 19 20 22
-19.644 35.826 0.367 19 19 19
-19.676 35.832 0.386 18 20 19
-19.674 35.837 0.463 97 99 96
-19.711 35.822 0.199 25 25 27
-19.682 35.819 0.206 24 25 29
-19.624 35.824 0.368 11 19 21
-19.655 35.814 0.185 18 28 20
-19.671 35.821 0.254 23 23 25
-19.639 35.821 0.302 20 21 16
-19.662 35.826 0.338 20 20 20
-19.690 35.818 0.183 24 25 29
-19.747 35.836 0.328 21 21 19
-19.701 35.823 0.229 23 24 26
-19.742 35.838 0.358 21 21 23
-19.765 35.844 0.411 10 16 16
-19.749 35.833 0.289 21 21 21
-19.638 35.827 0.390 18 17 13
-19.668 35.834 0.439 189 193 192
-19.671 35.820 0.240 24 25 27
-19.643 35.834 0.473 61 63 62
-19.719 35.832 0.324 21 21 23
-19.700 35.822 0.215 24 24 26
-19.689 35.825 0.276 22 24 23
-19.728 35.827 0.236 24 24 26
-19.774 35.844 0.387 25 20 16
-19.720 35.833 0.333 22 22 24
-19.719 35.828 0.272 23 23 23
-19.640 35.823 0.328 20 20 20
-19.679 35.836 0.436 189 193 192
-19.669 35.823 0.277 21 23 22
-19.623 35.830 0.455 57 62 56
-19.642 35.831 0.438 151 153 152
-19.759 35.836 0.308 24 23 21
-19.681 35.836 0.446 62 66 67
-19.676 35.827 0.322 22 24 23
-19.624 35.831 0.459 48 52 53
-19.748 35.844 0.432 176 184 186
-19.653 35.830 0.409 19 19 19
-19.723 35.837 0.388 17 17 17
-19.701 35.829 0.307 24 24 24
-19.675 35.819 0.217 20 24 25
-19.656 35.818 0.237 19 25 25
-19.628 35.827 0.399 15 15 15
-19.798 35.847 0.399 96 81 76
-19.771 35.842 0.369 23 19 16
-19.683 35.826 0.303 23 23 23
-19.706 35.835 0.389 20 20 20
-19.685 35.823 0.250 21 22 24
-19.637 35.821 0.305 20 21 16
-19.625 35.826 0.395 17 16 14
-19.668 35.832 0.403 20 20 20
-19.660 35.824 0.304 21 21 21
-19.660 35.836 0.469 78 80 77
-19.628 35.831 0.459 39 43 42
-19.697 35.824 0.244 23 24 26
-19.674 35.820 0.233 23 24 26
-19.726 35.827 0.245 24 24 26
-19.760 35.837 0.323 22 21 19
-19.616 35.827 0.428 15 14 10
-19.706 35.821 0.194 26 26 28
-19.673 35.832 0.393 19 21 20
-19.703 35.825 0.253 21 25 26
-19.664 35.834 0.432 121 123 122
-19.657 35.821 0.276 16 20 21
-19.679 35.827 0.326 22 24 23
-19.683 35.826 0.295 22 22 22
-19.755 35.841 0.389 22 22 20
-19.623 35.824 0.374 16 17 21
-19.685 35.832 0.376 18 20 19
-19.690 35.837 0.436 181 189 191
-19.692 35.829 0.321 24 26 25
-19.685 35.838 0.453 38 40 39
-19.738 35.843 0.436 183 191 193
-19.672 35.821 0.244 22 23 25
-19.699 35.835 0.394 20 20 18
-19.723 35.836 0.374 21 21 21
-19.641 35.826 0.366 18 19 21
-19.622 35.828 0.427 13 15 12
-19.663 35.815 0.179 26 21 25
-19.759 35.843 0.399 21 20 16
-19.703 35.832 0.342 21 21 21
-19.753 35.838 0.345 20 20 20
-19.710 35.839 0.430 162 170 172
-19.734 35.840 0.411 9 13 16
-19.686 35.824 0.270 23 25 24
-19.698 35.831 0.348 21 21 23
-19.681 35.818 0.200 24 25 29
-19.725 35.838 0.399 21 22 24
-19.754 35.834 0.285 18 18 18
-19.723 35.839 0.414 18 19 21
-19.790 35.847 0.406 79 68 62
-19.748 35.840 0.382 19 20 22
-19.754 35.839 0.364 23 23 23
-19.679 35.834 0.416 25 27 26
-19.649 35.819 0.256 17 23 21
-19.641 35.823 0.333 19 19 17
-19.695 35.836 0.420 16 20 19
-19.732 35.831 0.283 24 24 24
-19.654 35.824 0.325 19 21 20
-19.733 35.834 0.322 21 21 23
-19.701 35.836 0.412 21 21 21
-19.723 35.831 0.297 23 25 24
-19.752 35.842 0.407 21 25 24
-19.658 35.823 0.300 21 21 21
-19.671 35.819 0.225 21 25 26
-19.647 35.819 0.268 19 19 21
-19.693 35.838 0.452 38 40 39
-19.694 35.833 0.380 20 19 17
-19.708 35.825 0.249 23 24 26
-19.669 35.824 0.292 23 23 23
-19.759 35.845 0.430 146 154 156
-19.691 35.822 0.235 23 24 26
-19.694 35.833 0.378 20 19 17
-19.744 35.835 0.316 22 24 23
-19.605 35.830 0.483 25 25 23
-19.654 35.815 0.191 16 27 21
-19.666 35.833 0.418 21 23 22
-19.741 35.836 0.341 21 21 21
-19.742 35.833 0.302 20 22 21
-19.758 35.842 0.386 21 21 19
-19.700 35.832 0.353 21 21 23
-19.632 35.824 0.355 24 14 15
-19.738 35.832 0.289 22 22 22
-19.762 35.837 0.313 26 25 23
-19.615 35.830 0.462 58 57 62
-19.713 35.838 0.415 14 18 19
-19.755 35.843 0.413 11 19 21
-19.654 35.833 0.444 55 59 58
-19.790 35.844 0.372 76 69 63
-19.711 35.840 0.447 47 53 53
-19.707 35.823 0.223 26 26 28
-19.693 35.823 0.245 23 24 26
-19.685 35.826 0.293 23 23 23
-19.779 35.842 0.356 28 24 21
-19.746 35.843 0.423 153 163 165
-19.775 35.844 0.396 25 20 16
-19.660 35.823 0.302 21 21 21
-19.659 35.831 0.410 20 20 20
-19.663 35.829 0.375 19 21 20
-19.726 35.830 0.281 25 25 25
-19.740 35.835 0.321 22 22 22
-19.707 35.828 0.283 25 25 25
-19.717 35.829 0.278 23 23 23
-19.624 35.825 0.388 12 19 12
-19.646 35.819 0.259 17 23 21
-19.677 35.833 0.408 20 20 20
-19.664 35.822 0.269 21 23 22
-19.711 35.832 0.332 19 19 21
-19.729 35.831 0.290 23 23 23
-19.625 35.826 0.395 17 16 14
-19.755 35.838 0.350 21 21 21
-19.796 35.847 0.398 89 74 69
-19.787 35.847 0.410 63 56 50
-19.778 35.844 0.389 28 19 14
-19.760 35.837 0.327 23 23 23
-19.727 35.834 0.329 21 21 23
-19.640 35.831 0.436 123 125 124
-19.788 35.847 0.417 165 160 156
-19.760 35.843 0.409 12 18 18
-19.723 35.830 0.289 25 25 25
-19.696 35.829 0.321 23 25 24
-19.646 35.825 0.345 18 20 19
-19.683 35.823 0.256 23 24 26
-19.670 35.817 0.199 26 24 25
-19.780 35.845 0.393 27 18 13
-19.702 35.824 0.238 24 25 27
-19.684 35.825 0.288 23 23 23
-19.662 35.816 0.197 24 22 27
-19.757 35.841 0.379 21 22 24
-19.796 35.847 0.400 92 77 72
-19.687 35.831 0.364 19 19 19
-19.746 35.833 0.289 21 21 21
-19.634 35.824 0.351 18 18 16
-19.736 35.836 0.342 24 24 24
-19.701 35.821 0.206 24 24 26
-19.759 35.844 0.419 137 147 149
-19.655 35.829 0.389 17 19 18
-19.695 35.821 0.211 24 24 26
-19.740 35.837 0.349 21 21 23
-19.799 35.848 0.407 93 78 73
-19.654 35.830 0.400 18 18 18
-19.666 35.823 0.280 21 23 22
-19.687 35.823 0.250 21 22 24
-19.714 35.828 0.281 24 24 24
-19.717 35.831 0.304 24 26 25
-19.781 35.846 0.404 23 19 16
-19.738 35.842 0.427 141 151 152
-19.664 35.832 0.408 18 20 19
-19.706 35.836 0.399 21 21 21
-19.699 35.825 0.255 21 25 26
-19.686 35.829 0.332 22 24 23
-19.695 35.837 0.423 52 56 57
-19.745 35.834 0.299 22 22 22
-19.718 35.825 0.223 21 22 24
-19.689 35.821 0.218 23 24 26
-19.620 35.826 0.407 12 19 12
-19.738 35.830 0.258 23 23 25
-19.759 35.838 0.343 22 22 22
-19.795 35.847 0.403 92 77 72
-19.610 35.829 0.457 163 164 159
-19.699 35.833 0.375 20 19 17
-19.772 35.844 0.400 25 22 17
-19.751 35.838 0.352 22 22 24
-19.666 35.817 0.205 22 26 27
-19.612 35.828 0.437 17 15 16
-19.637 35.832 0.456 48 50 49
-19.665 35.820 0.240 23 24 26
-19.627 35.823 0.355 18 18 16
-19.749 35.834 0.293 21 21 21
-19.642 35.824 0.335 20 20 20
-19.754 35.841 0.390 25 24 22
-19.640 35.822 0.308 20 20 20
-19.682 35.822 0.246 21 22 24
-19.638 35.820 0.298 19 21 16
-19.754 35.839 0.354 22 22 22
-19.660 35.823 0.301 21 21 21
-19.736 35.837 0.360 21 21 23
-19.739 35.831 0.274 23 23 23
-19.712 35.830 0.305 23 25 24
-19.694 35.826 0.285 22 24 23
-19.763 35.837 0.311 24 23 21
-19.703 35.819 0.165 24 25 27
-19.684 35.837 0.448 53 54 56
-19.766 35.842 0.378 19 19 17
-19.776 35.841 0.352 30 26 23
-19.786 35.845 0.382 38 29 24
-19.756 35.842 0.392 25 24 20
-19.668 35.817 0.200 23 27 28
-19.684 35.837 0.452 38 40 39
-19.757 35.837 0.329 22 22 22
-19.744 35.837 0.346 21 21 21
-19.684 35.817 0.181 24 25 29
-19.710 35.825 0.244 23 24 26
-19.618 35.825 0.397 9 20 16
-19.635 35.825 0.363 17 19 18
-19.706 35.837 0.412 18 20 19
-19.641 35.818 0.265 25 23 24
-19.757 35.839 0.360 23 23 23
-19.797 35.848 0.408 98 83 78
-19.668 35.815 0.179 20 25 28
-19.659 35.834 0.442 105 109 108
-19.658 35.829 0.382 18 20 19
-19.662 35.823 0.297 20 20 20
-19.746 35.837 0.344 21 21 23
-19.738 35.829 0.249 24 24 26
-19.691 35.825 0.271 22 24 23
-19.721 35.834 0.346 21 21 21
-19.649 35.824 0.332 21 21 21
-19.681 35.819 0.210 24 25 29
-19.614 35.845 0.138 28 28 28
-19.607 35.849 0.140 24 24 24
-19.619 35.837 0.203 22 23 25
-19.628 35.833 0.163 25 25 25
-19.652 35.819 0.141 25 23 28
-19.606 35.838 0.325 16 16 14
-19.593 35.857 0.170 36 36 36
-19.616 35.834 0.273 18 18 18
-19.605 35.843 0.256 20 20 20
-19.624 35.826 0.325 21 17 14
-19.613 35.838 0.259 19 19 19
-19.625 35.836 0.151 23 23 23
-19.632 35.832 0.145 28 28 28
-19.639 35.825 0.184 23 21 22
-19.622 35.839 0.142 23 23 23
-19.609 35.843 0.213 21 21 23
-19.596 35.853 0.197 29 29 29
-19.600 35.834 0.449 24 24 24
-19.621 35.841 0.121 26 24 27
-19.602 35.846 0.249 21 21 21
-19.628 35.825 0.299 22 18 15
-19.644 35.820 0.211 21 23 22
-19.590 35.851 0.288 37 37 37
-19.605 35.842 0.271 19 19 19
-19.599 35.838 0.400 19 19 19
-19.618 35.826 0.375 19 18 16
-19.611 35.847 0.131 28 28 28
-19.586 35.857 0.239 43 43 43
-19.634 35.829 0.177 23 23 23
-19.588 35.852 0.293 33 33 33
-19.602 35.844 0.274 18 18 18
-19.601 35.835 0.416 16 15 20
-19.609 35.843 0.213 21 21 23
-19.581 35.865 0.174 76 74 75
-19.592 35.848 0.325 22 22 20
-19.603 35.844 0.259 23 23 23
-19.596 35.842 0.374 17 17 15
-19.644 35.823 0.157 23 24 26
-19.609 35.832 0.376 14 18 17
-19.636 35.820 0.280 20 21 16
-19.633 35.826 0.238 25 25 27
-19.625 35.835 0.172 22 22 22
-19.632 35.828 0.205 21 22 24
-19.632 35.822 0.306 15 20 23
-19.620 35.839 0.163 23 23 23
-19.650 35.816 0.200 21 23 22
-19.603 35.835 0.408 14 17 24
-19.652 35.816 0.176 22 24 23
-19.617 35.839 0.194 21 22 24
-19.624 35.831 0.242 22 22 22
-19.637 35.825 0.192 21 22 24
-19.622 35.834 0.219 21 21 23
-19.615 35.827 0.398 15 17 14
-19.608 35.843 0.222 22 22 24
-19.603 35.830 0.467 103 103 101
-19.606 35.841 0.279 15 15 15
-19.628 35.827 0.265 20 21 23
-19.616 35.843 0.143 26 26 26
-19.614 35.832 0.323 14 19 23
-19.620 35.829 0.309 19 19 19
-19.634 35.829 0.167 23 23 23
-19.608 35.848 0.156 25 25 25
-19.614 35.838 0.238 20 20 20
-19.631 35.832 0.152 24 24 24
-19.646 35.824 0.119 25 26 28
-19.617 35.828 0.361 21 15 15
-19.606 35.845 0.214 22 22 22
-19.622 35.833 0.237 22 22 22
-19.639 35.824 0.205 22 23 25
-19.593 35.844 0.367 18 18 16
-19.626 35.825 0.314 19 19 19
-19.614 35.839 0.222 19 19 21
-19.651 35.817 0.179 22 22 22
-19.587 35.862 0.164 52 52 52
-19.636 35.827 0.175 23 23 23
-19.598 35.846 0.279 24 24 24
-19.599 35.834 0.454 66 66 66
-19.646 35.824 0.128 21 22 24
-19.640 35.823 0.210 22 23 25
-19.633 35.832 0.135 24 24 26
-19.623 35.826 0.330 21 16 10
-19.615 35.836 0.259 20 20 20
-19.617 35.828 0.361 21 15 15
-19.608 35.838 0.306 17 17 15
-19.621 35.827 0.334 21 18 13
-19.624 35.834 0.198 21 22 24
-19.615 35.845 0.125 27 25 28
-19.602 35.840 0.335 17 17 15
-19.613 35.839 0.232 20 20 20
-19.635 35.827 0.192 19 23 24
-19.590 35.851 0.296 35 35 35
-19.614 35.834 0.314 18 18 16
-19.598 35.851 0.214 24 22 23
-19.625 35.837 0.144 24 24 24
-19.586 35.860 0.202 61 59 60
-19.606 35.840 0.296 17 17 17
-19.609 35.841 0.244 22 22 22
-19.621 35.826 0.359 19 19 19
-19.592 35.856 0.189 39 37 38
-19.648 35.821 0.155 22 23 27
-19.640 35.819 0.266 24 22 23
-19.623 35.829 0.285 20 20 18
-19.616 35.827 0.389 15 16 20
-19.601 35.839 0.367 17 17 15
-19.601 35.841 0.326 18 18 16
-19.610 35.831 0.394 20 17 12
-19.621 35.835 0.209 20 21 23
-19.589 35.855 0.243 36 36 36
-19.603 35.840 0.326 18 18 16
-19.602 35.852 0.161 24 24 24
-19.600 35.833 0.465 158 158 158
-19.623 35.833 0.218 21 21 23
-19.630 35.822 0.320 18 20 19
-19.604 35.841 0.291 17 17 17
-19.616 35.841 0.165 23 23 23
-19.651 35.820 0.132 22 23 25
-19.635 35.828 0.169 23 23 23
-19.629 35.834 0.153 22 22 22
-19.607 35.843 0.234 20 20 20
-19.605 35.832 0.422 20 16 7
-19.604 35.834 0.414 16 17 21
-19.598 35.847 0.270 21 21 21
-19.598 35.839 0.388 17 17 15
-19.626 35.828 0.279 19 21 16
-19.617 35.836 0.245 21 21 21
-19.623 35.839 0.140 22 22 22
-19.594 35.855 0.198 32 32 32
-19.597 35.851 0.226 24 22 23
-19.627 35.832 0.200 21 22 24
-19.590 35.854 0.250 30 30 30
-19.611 35.832 0.375 17 18 20
-19.619 35.839 0.171 21 21 21
-19.590 35.859 0.170 49 49 49
-19.611 35.843 0.200 22 22 24
-19.624 35.834 0.189 21 22 24
-19.652 35.817 0.177 23 23 23
-19.618 35.835 0.244 20 20 20
-19.630 35.824 0.290 19 21 20
-19.579 35.868 0.144 74 74 74
-19.595 35.851 0.243 28 28 28
-19.620 35.825 0.379 11 19 22
-19.601 35.844 0.287 21 21 21
-19.614 35.829 0.386 20 15 12
-19.635 35.824 0.228 20 21 23
-19.609 35.833 0.373 14 18 19
-19.633 35.830 0.164 24 24 24
-19.607 35.844 0.218 21 21 23
-19.614 35.839 0.230 20 20 20
-19.617 35.829 0.355 22 16 16
-19.593 35.845 0.356 17 17 15
-19.609 35.842 0.224 21 21 23
-19.626 35.832 0.208 22 23 25
-19.614 35.834 0.307 18 18 16
-19.624 35.830 0.271 20 22 19
-19.625 35.829 0.270 21 21 21
-19.614 35.835 0.280 19 19 19
-19.645 35.822 0.172 23 23 23
-19.607 35.850 0.129 28 26 29
-19.635 35.827 0.196 19 23 24
-19.611 35.843 0.190 22 23 25
-19.597 35.842 0.360 17 17 15
-19.616 35.836 0.253 21 21 21
-19.612 35.841 0.218 19 19 21
-19.641 35.822 0.210 20 21 23
-19.622 35.833 0.236 22 22 22
-19.624 35.839 0.127 25 25 27
-19.612 35.846 0.145 22 22 22
-19.638 35.827 0.150 26 26 26
-19.614 35.843 0.164 23 23 23
-19.625 35.829 0.272 20 22 19
-19.646 35.822 0.160 21 25 26
-19.621 35.827 0.346 23 15 12
-19.578 35.868 0.150 73 73 73
-19.607 35.850 0.135 26 26 26
-19.623 35.836 0.185 22 23 25
-19.616 35.841 0.172 24 24 24
-19.597 35.841 0.371 17 17 15
-19.624 35.828 0.294 19 19 17
-19.626 35.832 0.200 21 22 24
-19.623 35.826 0.329 20 20 20
-19.619 35.831 0.301 17 21 24
-19.618 35.828 0.347 21 17 16
-19.630 35.823 0.298 18 20 19
-19.648 35.820 0.165 26 27 29
-19.622 35.839 0.134 22 22 22
-19.631 35.833 0.143 29 29 29
-19.639 35.821 0.244 22 23 25
-19.590 35.854 0.250 30 30 30
-19.630 35.827 0.246 23 23 21
-19.602 35.831 0.472 60 58 63
-19.598 35.851 0.212 24 22 23
-19.641 35.823 0.194 21 22 24
-19.610 35.831 0.385 16 18 17
-19.623 35.833 0.227 22 22 24
-19.645 35.826 0.107 25 26 28
-19.604 35.840 0.327 18 18 16
-19.588 35.855 0.331 20 20 18
-19.588 35.858 0.350 18 18 16
-19.577 35.886 0.269 35 35 35
-19.598 35.836 0.453 50 50 50
-19.592 35.850 0.379 18 17 15
-19.582 35.878 0.332 18 18 16
-19.577 35.884 0.235 52 52 52
-19.579 35.875 0.243 49 49 49
-19.582 35.876 0.332 18 18 16
-19.581 35.865 0.211 61 61 63
-19.578 35.869 0.154 67 67 67
-19.582 35.873 0.304 22 21 19
-19.580 35.875 0.254 48 48 48
-19.589 35.858 0.376 18 17 15
-19.590 35.855 0.378 18 17 15
-19.585 35.861 0.279 43 43 43
-19.582 35.870 0.277 37 37 35
-19.588 35.854 0.301 36 36 34
-19.591 35.853 0.379 18 17 15
-19.588 35.855 0.327 21 21 19
-19.599 35.834 0.460 117 117 117
-19.581 35.866 0.220 58 58 60
-19.581 35.867 0.226 59 59 59
-19.580 35.876 0.276 37 37 35
-19.585 35.868 0.348 18 18 16
-19.579 35.878 0.249 44 44 44
-19.593 35.847 0.387 17 17 15
-19.581 35.881 0.330 19 19 17
-19.581 35.877 0.295 24 23 21
-19.581 35.871 0.250 50 50 50
-19.581 35.870 0.233 53 53 53
-19.592 35.848 0.372 18 17 15
-19.593 35.844 0.372 18 18 16
-19.578 35.871 0.167 67 65 66
-19.587 35.861 0.356 18 18 16
-19.587 35.862 0.356 18 18 16
-19.582 35.865 0.238 60 60 60
-19.582 35.866 0.236 60 60 60
-19.577 35.879 0.207 56 56 56
-19.586 35.864 0.331 19 19 17
-19.598 35.838 0.457 60 60 62
-19.581 35.879 0.307 21 20 18
-19.593 35.846 0.382 18 18 16
-19.596 35.842 0.438 24 24 24
-19.578 35.878 0.220 52 52 52
-19.582 35.865 0.219 58 58 60
-19.583 35.873 0.322 17 17 15
-19.585 35.869 0.363 17 17 15
-19.579 35.878 0.246 44 44 44
-19.586 35.868 0.356 18 18 16
-19.581 35.869 0.239 42 42 42
-19.579 35.867 0.172 71 71 71
-19.597 35.840 0.449 20 20 20
-19.581 35.865 0.204 62 60 63
-19.581 35.878 0.311 23 19 18
-19.580 35.880 0.298 22 21 19
-19.583 35.868 0.283 37 37 35
-19.585 35.869 0.343 17 17 15
-19.596 35.842 0.448 20 20 20
-19.594 35.846 0.409 17 17 17
-19.592 35.851 0.404 16 16 16
-19.584 35.870 0.333 19 19 17
-19.577 35.884 0.254 45 45 45
-19.596 35.839 0.423 18 18 18
-19.590 35.857 0.400 16 16 16
-19.581 35.866 0.197 66 64 65
-19.580 35.866 0.174 76 74 75
-19.596 35.841 0.418 18 16 17
-19.583 35.866 0.274 41 41 39
-19.577 35.885 0.268 35 35 35
-19.587 35.863 0.366 17 17 15
-19.579 35.878 0.246 44 44 44
-19.580 35.883 0.312 20 19 17
-19.585 35.863 0.290 38 38 38
-19.591 35.892 0.412 82 84 83
-19.590 35.868 0.401 18 18 18
-19.599 35.845 0.473 23 24 26
-19.595 35.848 0.443 67 67 67
-19.592 35.858 0.417 17 17 17
-19.592 35.885 0.423 65 65 65
-19.594 35.850 0.435 22 22 22
-19.592 35.886 0.422 65 65 65
-19.596 35.866 0.450 26 26 26
-19.596 35.850 0.448 90 90 90
-19.593 35.884 0.430 51 51 51
-19.586 35.874 0.368 16 16 14
-19.578 35.893 0.308 19 18 16
-19.588 35.875 0.392 16 14 15
-19.595 35.866 0.441 62 62 62
-19.585 35.891 0.370 13 15 14
-19.595 35.867 0.442 62 62 62
-19.587 35.887 0.385 16 18 17
-19.592 35.859 0.421 13 13 13
-19.586 35.876 0.370 21 17 16
-19.582 35.885 0.344 18 18 16
-19.595 35.853 0.446 111 111 111
-19.594 35.865 0.433 151 151 151
-19.584 35.881 0.355 16 16 16
-19.588 35.888 0.393 17 17 17
-19.591 35.865 0.411 14 14 14
-19.592 35.878 0.426 115 115 115
-19.598 35.856 0.471 62 63 57
-19.592 35.884 0.424 42 42 42
-19.594 35.853 0.438 16 16 16
-19.589 35.891 0.403 98 100 99
-19.587 35.878 0.378 20 16 15
-19.578 35.892 0.307 19 18 16
-19.586 35.879 0.372 20 16 15
-19.594 35.855 0.438 16 16 16
-19.597 35.858 0.460 41 41 41
-19.597 35.866 0.462 49 49 49
-19.585 35.870 0.365 16 16 14
-19.582 35.882 0.341 18 18 16
-19.598 35.852 0.465 34 34 36
-19.594 35.869 0.439 66 66 66
-19.584 35.875 0.359 17 17 15
-19.587 35.882 0.385 17 16 14
-19.596 35.855 0.451 86 86 86
-19.591 35.890 0.415 76 78 77
-19.588 35.863 0.388 18 17 15
-19.589 35.872 0.395 12 12 12
-19.597 35.847 0.456 110 110 112
-19.591 35.868 0.115 38 38 38
-19.584 35.869 0.126 65 65 65
-19.643 35.830 0.097 25 26 28
-19.572 35.890 0.101 79 79 79
-19.567 35.889 0.116 77 77 77
-19.547 35.912 0.103 74 74 74
-19.596 35.863 0.117 29 29 29
-19.581 35.881 0.105 66 66 68
-19.561 35.894 0.116 77 77 77
-19.556 35.901 0.110 75 75 75
-19.590 35.864 0.127 57 55 56
-19.601 35.855 0.126 25 25 23
-19.639 35.834 0.095 25 26 28
-19.574 35.885 0.112 81 81 81
-19.564 35.888 0.124 83 81 82
-19.591 35.868 0.115 38 38 38
-19.624 35.847 0.095 26 26 28
-19.572 35.889 0.106 79 79 79
-19.613 35.851 0.111 29 27 30
-19.554 35.901 0.113 76 76 76
-19.574 35.880 0.122 84 84 86
-19.597 35.866 0.107 27 27 27
-19.577 35.884 0.105 75 75 77
-19.647 35.827 0.095 24 28 29
-19.568 35.896 0.098 79 79 79
-19.569 35.890 0.109 82 82 82
-19.553 35.905 0.105 76 76 76
-19.569 35.893 0.100 78 78 78
-19.617 35.849 0.107 26 26 28
-19.616 35.849 0.107 26 26 28
-19.644 35.828 0.101 24 25 27
-19.566 35.891 0.114 78 78 78
-19.594 35.865 0.118 34 34 34
-19.581 35.884 0.099 68 68 68
-19.562 35.890 0.124 77 77 77
-19.557 35.905 0.096 80 80 80
-19.585 35.880 0.097 62 62 62
-19.583 35.881 0.101 65 65 65
-19.638 35.835 0.094 25 26 28
-19.568 35.886 0.121 81 81 81
-19.585 35.869 0.126 66 66 68
-19.571 35.887 0.110 83 83 83
-19.594 35.875 0.094 31 31 31
-19.612 35.858 0.095 26 26 28
-19.576 35.881 0.115 77 77 79
-19.557 35.900 0.110 75 75 75
-19.587 35.873 0.112 59 59 61
-19.563 35.892 0.116 81 81 81
-19.813 35.884 0.281 29 28 26
-19.814 35.902 0.255 29 27 30
-19.810 35.881 0.360 78 70 67
-19.812 35.904 0.297 39 33 33
-19.812 35.890 0.295 34 32 33
-19.811 35.867 0.334 50 46 45
-19.809 35.858 0.377 86 79 73
-19.812 35.896 0.314 52 48 47
-19.811 35.870 0.322 43 41 42
-19.812 35.897 0.295 40 34 38
-19.811 35.884 0.350 75 65 63
-19.811 35.890 0.342 67 57 55
-19.810 35.867 0.365 85 75 73
-19.812 35.897 0.296 40 34 38
-19.809 35.872 0.387 95 82 76
-19.813 35.888 0.280 28 26 29
-19.811 35.895 0.341 76 66 64
-19.813 35.883 0.262 26 24 29
-19.814 35.895 0.253 21 19 24
-19.811 35.882 0.345 64 54 52
-19.812 35.887 0.302 34 32 33
-19.811 35.902 0.342 81 71 69
-19.811 35.867 0.326 39 39 39
-19.810 35.860 0.355 61 57 54
-19.813 35.882 0.268 26 28 27
-19.812 35.886 0.305 37 35 38
-19.809 35.868 0.385 91 80 78
-19.811 35.884 0.339 50 40 38
-19.811 35.879 0.323 42 40 41
-19.813 35.882 0.270 25 27 26
-19.814 35.890 0.259 29 24 30
-19.810 35.873 0.353 62 54 52
-19.813 35.893 0.283 30 27 36
-19.811 35.870 0.330 44 42 43
-19.810 35.896 0.357 78 70 67
-19.811 35.876 0.329 49 47 48
-19.810 35.868 0.372 86 75 71
-19.809 35.863 0.385 91 80 78
-19.811 35.874 0.333 54 52 53
-19.813 35.891 0.288 35 27 40
-19.813 35.886 0.288 33 28 34
-19.813 35.896 0.268 24 22 27
-19.812 35.877 0.311 40 38 39
-19.811 35.886 0.349 70 60 58
-19.813 35.903 0.284 35 31 32
-19.811 35.885 0.345 64 54 52
-19.811 35.903 0.327 57 49 46
-19.739 35.862 0.446 130 133 124
-19.747 35.869 0.445 90 93 82
-19.761 35.868 0.439 75 77 76
-19.676 35.843 0.465 70 72 71
-19.700 35.859 0.461 86 86 76
-19.725 35.855 0.449 113 115 112
-19.803 35.852 0.416 94 83 79
-19.628 35.837 0.483 39 39 37
-19.750 35.864 0.442 79 82 75
-19.754 35.868 0.442 125 128 121
-19.742 35.850 0.440 53 58 61
-19.746 35.874 0.447 169 172 155
-19.735 35.846 0.442 59 64 67
-19.765 35.854 0.432 139 147 149
-19.774 35.852 0.428 166 171 175
-19.754 35.849 0.435 145 153 155
-19.686 35.843 0.461 135 137 134
-19.659 35.845 0.473 20 22 19
-19.770 35.854 0.430 169 173 176
-19.745 35.860 0.443 58 63 57
-19.747 35.854 0.439 47 53 53
-19.702 35.851 0.457 114 115 110
-19.696 35.853 0.460 58 59 53
-19.748 35.870 0.445 90 93 82
-19.670 35.850 0.470 52 54 49
-19.755 35.874 0.444 75 76 68
-19.753 35.878 0.446 188 190 177
-19.742 35.848 0.439 53 58 61
-19.696 35.856 0.461 79 80 72
-19.722 35.861 0.453 68 68 58
-19.708 35.860 0.458 77 77 67
-19.767 35.868 0.436 53 57 58
-19.751 35.862 0.441 39 44 40
-19.607 35.831 0.489 57 57 57
-19.692 35.843 0.459 121 123 122
-19.709 35.852 0.455 140 141 136
-19.689 35.846 0.461 81 83 80
-19.698 35.855 0.461 79 80 72
-19.769 35.856 0.431 113 114 116
-19.662 36.129 0.449 16 16 14
-19.603 36.096 0.424 34 33 31
-19.616 36.087 0.406 33 32 30
-19.671 36.128 0.442 16 16 14
-19.669 36.118 0.429 28 27 25
-19.651 36.125 0.447 16 16 14
-19.636 36.095 0.408 27 27 27
-19.656 36.103 0.413 32 32 30
-19.627 36.112 0.438 14 13 11
-19.723 36.141 0.440 16 17 12
-19.698 36.110 0.404 33 28 34
-19.676 36.092 0.387 59 65 55
-19.667 36.084 0.379 122 129 111
-19.702 36.132 0.436 16 14 19
-19.646 36.072 0.370 83 85 72
-19.588 36.090 0.422 16 15 13
-19.626 36.100 0.421 31 30 28
-19.698 36.113 0.409 28 28 28
-19.673 36.090 0.385 50 56 42
-19.658 36.123 0.441 14 14 12
-19.649 36.085 0.388 28 30 25
-19.650 36.111 0.427 34 34 32
-19.690 36.115 0.416 31 26 30
-19.692 36.118 0.419 31 26 30
-19.606 36.112 0.447 13 12 10
-19.596 36.093 0.423 23 22 20
-19.653 36.122 0.442 14 14 12
-19.573 36.099 0.442 13 13 13
-19.633 36.075 0.380 24 26 15
-19.648 36.115 0.433 24 24 22
-19.658 36.068 0.359 74 82 69
-19.652 36.110 0.424 30 30 28
-19.627 36.068 0.372 115 117 104
-19.721 36.141 0.441 13 15 10
-19.649 36.065 0.359 81 78 59
-19.615 36.100 0.425 35 34 32
-19.726 36.147 0.448 11 16 10
-19.620 36.054 0.355 44 45 37
-19.674 36.104 0.406 28 30 27
-19.637 36.061 0.358 105 107 94
-19.582 36.089 0.423 13 12 10
-19.696 36.123 0.425 30 28 33
-19.630 36.108 0.430 32 31 29
-19.700 36.140 0.448 12 12 12
-19.672 36.108 0.413 30 29 27
-19.639 36.118 0.441 15 15 13
-19.696 36.118 0.417 27 29 24
-19.597 36.082 0.405 35 36 31
-19.662 36.118 0.432 15 15 13
-19.607 36.109 0.442 14 13 11
-19.690 36.125 0.431 14 13 11
-19.609 36.088 0.410 33 32 30
-19.714 36.130 0.427 11 12 14
-19.616 36.110 0.440 12 11 9
-19.627 36.092 0.408 32 30 31
-19.618 36.078 0.391 34 35 30
-19.651 36.076 0.374 121 124 113
-19.649 36.081 0.383 20 23 16
-19.673 36.120 0.430 24 23 21
-19.645 36.064 0.359 80 81 65
-19.692 36.121 0.424 31 27 26
-19.673 36.093 0.389 29 32 23
-19.578 36.097 0.437 15 14 12
-19.585 36.102 0.441 15 14 12
-19.676 36.119 0.427 31 30 28
-19.613 36.084 0.403 34 33 31
-19.628 36.090 0.404 31 29 30
-19.660 36.114 0.426 31 31 29
-19.666 36.074 0.364 73 81 68
-19.690 36.108 0.405 27 30 21
-19.592 36.099 0.433 17 16 14
-19.711 36.131 0.431 12 17 10
-19.663 36.084 0.380 120 124 107
-19.609 36.069 0.382 38 39 31
-19.650 36.127 0.451 17 17 15
-19.676 36.096 0.393 28 31 22
-19.632 36.097 0.414 32 30 31
-19.605 36.100 0.430 11 10 8
-19.672 36.114 0.421 30 29 27
-19.726 36.143 0.441 15 14 12
-19.668 36.134 0.453 15 15 13
-19.662 36.083 0.380 98 98 86
-19.668 36.108 0.414 29 28 26
-19.681 36.131 0.442 18 17 15
-19.607 36.106 0.437 14 13 11
-19.627 36.079 0.389 30 31 25
-19.650 36.128 0.452 18 18 16
-19.680 36.111 0.414 29 28 26
-19.678 36.109 0.412 27 26 24
-19.728 36.145 0.444 17 16 14
-19.668 36.079 0.371 79 82 71
-19.601 36.097 0.427 22 21 19
-19.618 36.057 0.361 41 42 34
-19.676 36.111 0.415 29 28 26
-19.707 36.130 0.430 12 14 11
-19.640 36.089 0.398 32 32 30
-19.705 36.118 0.414 29 27 32
-19.726 36.146 0.446 15 17 12
-19.635 36.068 0.370 103 105 92
-19.655 36.067 0.360 78 82 67
-19.631 36.097 0.414 29 27 28
-19.593 36.107 0.445 15 14 12
-19.633 36.050 0.343 84 81 72
-19.644 36.104 0.418 27 28 23
-19.617 36.054 0.356 48 49 41
-19.635 36.053 0.346 110 107 98
-19.628 36.113 0.439 13 13 11
-19.652 36.077 0.375 121 124 113
-19.628 36.048 0.343 49 50 42
-19.691 36.132 0.441 18 17 15
-19.713 36.136 0.437 13 13 15
-19.709 36.126 0.424 19 20 22
-19.626 36.061 0.362 92 94 83
-19.691 36.112 0.411 27 28 22
-19.633 36.062 0.361 99 101 88
-19.629 36.078 0.386 30 31 23
-19.700 36.140 0.449 14 14 12
-19.617 36.054 0.356 48 49 41
-19.658 36.094 0.397 30 32 31
-19.718 36.144 0.447 15 14 22
-19.665 36.126 0.443 13 13 11
-19.641 36.108 0.425 32 31 26
-19.636 36.109 0.430 28 27 22
-19.582 36.106 0.448 14 12 13
-19.631 36.104 0.424 31 30 26
-19.653 36.079 0.377 124 124 116
-19.703 36.122 0.420 26 29 22
-19.615 36.063 0.370 40 42 31
-19.652 36.094 0.400 32 32 32
-19.581 36.101 0.440 15 14 12
-19.585 36.107 0.448 14 13 11
-19.620 36.082 0.397 32 31 29
-19.644 36.108 0.425 33 32 27
-19.659 36.124 0.443 15 15 13
-19.710 36.131 0.431 12 17 10
-19.637 36.102 0.419 31 30 28
-19.649 36.090 0.396 31 31 29
-19.688 36.105 0.402 28 31 22
-19.643 36.080 0.383 23 26 19
-19.605 36.105 0.437 14 13 11
-19.579 36.042 0.407 30 30 28
-19.594 36.070 0.396 36 37 32
-19.617 36.041 0.350 31 32 26
-19.588 36.038 0.392 40 41 36
-19.600 36.040 0.374 37 38 33
-19.608 36.049 0.367 30 31 25
-19.613 36.034 0.353 32 33 27
-19.576 36.067 0.421 16 16 14
-19.580 36.055 0.411 33 33 31
-19.578 36.037 0.405 29 29 27
-19.607 36.045 0.366 32 33 28
-19.601 36.016 0.363 36 37 32
-19.575 36.094 0.435 13 12 8
-19.575 36.018 0.403 32 33 28
-19.573 36.037 0.413 20 20 18
-19.569 36.051 0.425 14 14 12
-19.575 36.093 0.434 13 12 8
-19.613 36.029 0.351 33 34 28
-19.596 36.030 0.376 37 38 33
-19.601 36.038 0.372 36 37 32
-19.583 36.071 0.412 27 27 25
-19.594 36.014 0.372 48 49 44
-19.581 36.006 0.389 57 58 53
-19.585 36.015 0.387 49 50 45
-19.592 36.063 0.396 39 40 35
-19.594 36.030 0.380 38 39 34
-19.585 36.045 0.399 41 42 37
-19.613 36.056 0.362 36 37 29
-19.604 36.025 0.363 37 38 33
-19.590 36.070 0.402 36 37 32
-19.630 36.040 0.330 39 37 25
-19.622 36.036 0.341 36 37 31
-19.574 36.019 0.404 30 31 26
-19.590 36.018 0.380 46 47 42
-19.581 36.089 0.423 13 12 10
-19.590 36.028 0.384 40 41 36
-19.616 36.025 0.345 37 38 32
-19.601 36.021 0.366 37 38 33
-19.594 36.062 0.393 39 40 35
-19.601 36.020 0.365 34 35 30
-19.592 36.032 0.383 35 36 31
-19.584 36.042 0.398 42 43 38
-19.598 36.020 0.369 39 40 35
-19.620 36.049 0.348 41 42 36
-19.585 36.032 0.393 41 42 37
-19.581 36.020 0.394 53 54 49
-19.593 36.023 0.378 38 39 34
-19.592 36.075 0.400 33 34 29
-19.581 36.009 0.389 58 59 54
-19.612 36.049 0.360 31 32 26
-19.592 36.051 0.391 43 44 39
-19.584 36.025 0.392 51 52 47
-19.591 36.017 0.378 48 49 44
-19.591 36.018 0.379 46 47 42
-19.576 36.091 0.432 16 15 13
-19.574 36.002 0.396 30 31 26
-19.605 36.026 0.361 37 38 33
-19.597 36.016 0.369 45 46 41
-19.605 36.063 0.377 38 39 31
-19.579 36.067 0.417 21 21 19
-19.573 36.062 0.423 15 15 13
-19.581 36.078 0.419 18 18 16
-19.568 36.079 0.439 16 12 11
-19.573 36.081 0.432 16 12 9
-19.657 36.147 0.440 15 15 13
-19.696 36.145 0.454 22 21 17
-19.634 36.138 0.440 15 15 13
-19.586 36.132 0.431 17 16 14
-19.624 36.143 0.433 16 16 14
-19.674 36.141 0.450 15 15 13
-19.692 36.151 0.448 30 31 26
-19.583 36.144 0.418 16 13 8
-19.658 36.146 0.441 15 15 13
-19.574 36.112 0.444 15 14 10
-19.670 36.152 0.440 14 16 13
-19.599 36.141 0.427 13 12 8
-19.640 36.141 0.440 16 16 14
-19.621 36.136 0.438 16 16 14
-19.580 36.137 0.423 16 12 9
-19.645 36.145 0.438 17 17 15
-19.641 36.131 0.448 17 17 15
-19.593 36.123 0.440 14 14 12
-19.659 36.137 0.450 14 16 13
-19.585 36.121 0.440 14 14 12
-19.606 36.133 0.436 11 11 9
-19.631 36.137 0.441 16 16 14
-19.690 36.143 0.454 29 30 25
-19.682 36.143 0.452 19 20 15
-19.616 36.136 0.436 14 14 12
-19.596 36.134 0.432 13 12 10
-19.602 36.142 0.427 13 12 8
-19.641 36.138 0.442 16 16 14
-19.669 36.147 0.444 14 16 13
-19.657 36.149 0.438 14 14 12
-19.661 36.142 0.446 13 15 12
-19.640 36.137 0.444 16 16 14
-19.597 36.134 0.431 13 12 10
-19.689 36.146 0.451 34 35 30
-19.662 36.140 0.448 14 16 13
-19.628 36.140 0.436 16 16 14
-19.580 36.137 0.424 16 12 9
-19.605 36.120 0.447 10 12 9
-19.622 36.129 0.444 15 15 13
-19.697 36.151 0.449 14 13 9
-19.593 36.127 0.437 14 14 12
-19.732 36.157 0.456 12 14 11
-19.659 36.132 0.454 15 17 14
-19.626 36.128 0.446 15 15 13
-19.680 36.146 0.449 16 16 14
-19.711 36.153 0.453 15 14 9
-19.670 36.142 0.449 15 15 13
-19.553 36.089 0.095 19 18 16
-19.528 36.066 0.104 22 21 19
-19.545 36.081 0.099 21 20 18
-19.540 36.066 0.111 20 19 17
-19.527 36.066 0.103 23 22 20
-19.552 36.080 0.104 18 18 16
-19.550 36.081 0.101 21 20 18
-19.550 36.078 0.104 18 18 16
-19.578 36.093 0.102 18 18 16
-19.605 36.088 0.112 17 17 15
-19.618 36.109 0.101 16 17 19
-19.615 36.087 0.116 17 19 14
-19.601 36.090 0.110 17 18 13
-19.594 36.056 0.133 17 19 16
-19.597 36.067 0.125 15 20 16
-19.604 36.078 0.120 17 16 21
-19.602 36.080 0.117 18 16 17
-19.586 36.100 0.099 18 18 16
-19.585 36.089 0.107 17 17 15
-19.578 36.078 0.113 19 19 17
-19.587 36.082 0.112 18 18 16
-19.585 36.076 0.116 18 18 16
-19.574 36.088 0.105 17 17 15
-19.591 36.076 0.118 17 17 15
-19.596 36.058 0.131 17 19 16
-19.576 36.071 0.117 19 19 17
-19.607 36.108 0.099 18 17 15
-19.559 36.061 0.120 19 19 17
-19.564 36.084 0.105 18 18 16
-19.610 36.072 0.125 18 18 16
-19.556 36.071 0.112 18 18 16
-19.571 36.077 0.112 18 18 16
-19.591 36.091 0.107 17 17 15
-19.596 36.111 0.094 18 18 16
-19.609 36.078 0.121 17 18 20
-19.611 36.100 0.106 21 17 16
-19.557 36.078 0.107 19 19 17
-19.552 36.076 0.108 18 18 16
-19.590 36.085 0.111 18 18 16
-19.608 36.069 0.127 18 18 16
-19.579 36.078 0.113 19 19 17
-19.763 35.911 0.494 92 91 89
-19.762 35.906 0.485 79 80 84
-19.762 35.903 0.560 45 38 32
-19.761 35.902 0.546 41 34 28
-19.761 35.900 0.476 72 77 81
-19.763 35.910 0.548 43 36 30
-19.765 35.915 0.554 46 36 27
-19.760 35.896 0.496 84 84 86
-19.760 35.895 0.494 82 82 84
-19.763 35.909 0.510 99 98 94
-19.767 35.927 0.514 60 50 49
-19.763 35.911 0.504 100 99 95
-19.764 35.912 0.537 39 34 30
-19.765 35.916 0.536 38 35 30
-19.760 35.896 0.525 77 72 68
-19.763 35.910 0.500 98 94 93
-19.761 35.899 0.540 43 38 32
-19.768 35.931 0.516 40 32 30
-19.758 35.888 0.458 70 76 76
-19.762 35.904 0.497 89 89 91
-19.760 35.899 0.481 75 78 83
-19.770 35.939 0.540 42 35 29
-19.770 35.940 0.518 39 35 32
-19.758 35.889 0.489 79 80 84
-19.762 35.905 0.479 74 77 82
-19.769 35.933 0.547 43 40 33
-19.772 35.944 0.552 35 31 22
-19.766 35.921 0.547 44 37 31
-19.761 35.902 0.479 74 77 82
-19.768 35.928 0.508 77 72 69
-19.773 35.951 0.538 43 38 32
-19.768 35.931 0.553 42 37 31
-19.761 35.900 0.563 44 35 30
-19.766 35.922 0.510 89 81 79
-19.767 35.925 0.502 98 94 93
-19.765 35.916 0.499 98 97 95
-19.768 35.928 0.540 36 33 28
-19.768 35.930 0.556 44 37 29
-19.762 35.903 0.513 102 103 98
-19.771 35.943 0.551 36 32 23
-19.757 35.887 0.463 71 77 77
-19.763 35.910 0.508 99 98 94
-19.758 35.890 0.487 79 80 84
-19.764 35.915 0.524 46 43 38
-19.769 35.932 0.526 44 36 33
-19.758 35.889 0.502 93 93 93
-19.769 35.934 0.526 44 36 33
-19.749 35.930 0.438 96 99 82
-19.769 35.905 0.471 136 134 121
-19.752 35.923 0.444 93 96 79
-19.785 35.933 0.502 101 95 73
-19.756 35.927 0.451 90 92 79
-19.765 35.916 0.466 105 109 94
-19.788 35.935 0.507 31 21 9
-19.767 35.930 0.471 102 100 85
-19.766 35.906 0.466 152 154 141
-19.767 35.916 0.469 111 113 100
-19.774 35.928 0.482 110 107 88
-19.763 35.906 0.461 133 137 123
-19.753 35.920 0.445 96 99 82
-19.756 35.926 0.450 90 92 79
-19.752 35.900 0.441 156 159 142
-19.763 35.928 0.463 94 95 77
-19.760 35.907 0.455 116 121 101
-19.787 35.937 0.506 49 39 27
-19.787 35.933 0.506 38 29 14
-19.765 35.930 0.466 100 101 83
-19.773 35.925 0.481 110 107 90
-19.764 35.910 0.464 124 128 114
-19.784 35.935 0.501 82 75 56
-19.760 35.904 0.456 128 133 111
-19.772 35.914 0.478 107 105 92
-19.776 35.920 0.486 112 109 94
